0|47
1|23
2|21
3|22
4|19
5|5
6|20
7|12
8|2
9|33
10|19
11|35
12|1
13|19
14|21
15|10
16|49
17|15
18|13
19|2
20|2
21|31
22|32
23|23
24|22
25|43
26|33
27|42
28|12
29|35
30|19
31|45
32|38
33|17
34|17
35|39
36|16
37|8
38|37
39|42
40|17
41|21
42|38
43|4
44|2
45|16
46|21
47|3
48|37
49|5
50|22
51|38
52|20
53|11
54|34
55|43
56|39
57|2
58|33
59|5
60|42
61|26
62|34
63|5
64|16
65|1
66|1
67|43
68|40
69|34
70|43
71|21
72|41
73|22
74|25
75|4
76|38
77|42
78|16
79|18
80|2
81|47
82|49
83|1
84|36
85|16
86|29
87|19
88|4
89|42
90|25
91|17
92|12
93|8
94|21
95|47
96|26
97|26
98|26
99|40
100|15
101|3
102|10
103|44
104|1
105|13
106|45
107|39
108|21
109|31
110|16
111|18
112|25
113|43
114|9
115|21
116|6
117|43
118|44
119|23
120|22
121|37
122|35
123|40
124|23
125|4
126|10
127|23
128|9
129|19
130|30
131|46
132|20
133|8
134|43
135|41
136|6
137|47
138|37
139|33
140|21
141|41
142|26
143|8
144|47
145|7
146|30
147|45
148|22
149|37
150|26
151|12
152|20
153|38
154|5
155|13
156|23
157|4
158|44
159|14
160|5
161|6
162|19
163|40
164|6
165|30
166|29
167|4
168|25
169|26
170|42
171|18
172|5
173|3
174|6
175|47
176|21
177|36
178|6
179|33
180|42
181|46
182|33
183|43
184|21
185|31
186|4
187|27
188|15
189|29
190|20
191|32
192|14
193|0
194|28
195|4
196|15
197|10
198|0
199|46
200|47
201|16
202|27
203|45
204|33
205|6
206|47
207|45
208|3
209|22
210|36
211|33
212|10
213|41
214|15
215|39
216|5
217|20
218|25
219|13
220|9
221|10
222|28
223|17
224|33
225|27
226|13
227|32
228|36
229|45
230|6
231|6
232|1
233|41
234|1
235|39
236|12
237|38
238|42
239|15
240|34
241|33
242|11
243|48
244|11
245|31
246|45
247|39
248|11
249|36
250|7
251|40
252|32
253|32
254|13
255|10
256|27
257|45
258|32
259|23
260|30
261|49
262|42
263|43
264|32
265|15
266|46
267|25
268|11
269|28
270|9
271|26
272|12
273|11
274|49
275|48
276|15
277|25
278|37
279|17
280|25
281|49
282|9
283|45
284|5
285|36
286|6
287|26
288|11
289|35
290|42
291|1
292|43
293|31
294|39
295|42
296|43
297|39
298|14
299|1
300|24
301|25
302|41
303|6
304|38
305|29
306|20
307|15
308|19
309|26
310|36
311|29
312|32
313|14
314|8
315|43
316|44
317|22
318|1
319|2
320|18
321|27
322|48
323|12
324|30
325|28
326|15
327|31
328|17
329|9
330|41
331|35
332|7
333|30
334|6
335|30
336|4
337|15
338|12
339|27
340|12
341|40
342|15
343|10
344|28
345|24
346|20
347|36
348|46
349|41
350|42
351|45
352|22
353|34
354|12
355|45
356|27
357|30
358|43
359|27
360|21
361|25
362|9
363|7
364|2
365|28
366|32
367|39
368|23
369|36
370|0
371|5
372|44
373|34
374|18
375|28
376|10
377|10
378|26
379|6
380|14
381|49
382|2
383|43
384|11
385|35
386|16
387|36
388|22
389|45
390|2
391|41
392|44
393|11
394|2
395|14
396|48
397|16
398|45
399|12
400|38
401|43
402|47
403|47
404|34
405|45
406|4
407|49
408|23
409|15
410|20
411|36
412|30
413|28
414|34
415|49
416|6
417|10
418|33
419|43
420|32
421|44
422|22
423|5
424|1
425|33
426|18
427|34
428|18
429|34
430|21
431|49
432|12
433|47
434|9
435|25
436|3
437|48
438|19
439|33
440|30
441|37
442|20
443|42
444|40
445|18
446|0
447|19
448|24
449|17
450|43
451|7
452|41
453|27
454|13
455|25
456|43
457|46
458|20
459|9
460|35
461|29
462|14
463|28
464|24
465|31
466|32
467|4
468|11
469|30
470|4
471|21
472|2
473|49
474|22
475|23
476|8
477|45
478|32
479|0
480|8
481|45
482|36
483|32
484|8
485|43
486|20
487|28
488|14
489|22
490|20
491|12
492|36
493|36
494|45
495|37
496|27
497|47
498|33
499|0
500|26
501|15
502|47
503|8
504|24
505|33
506|9
507|43
508|38
509|28
510|19
511|11
512|26
513|32
514|31
515|4
516|17
517|29
518|18
519|14
520|11
521|5
522|0
523|3
524|9
525|40
526|49
527|47
528|14
529|14
530|47
531|37
532|34
533|40
534|37
535|13
536|5
537|27
538|8
539|36
540|21
541|41
542|18
543|2
544|47
545|20
546|37
547|21
548|2
549|32
550|1
551|39
552|18
553|9
554|27
555|18
556|14
557|48
558|6
559|26
560|44
561|44
562|38
563|46
564|43
565|38
566|21
567|36
568|30
569|5
570|49
571|7
572|4
573|21
574|2
575|47
576|47
577|25
578|44
579|11
580|31
581|24
582|32
583|45
584|24
585|36
586|43
587|32
588|37
589|6
590|20
591|12
592|38
593|11
594|34
595|37
596|11
597|34
598|37
599|28
600|10
601|25
602|13
603|48
604|27
605|5
606|31
607|44
608|27
609|45
610|38
611|33
612|46
613|0
614|0
615|32
616|3
617|39
618|12
619|25
620|25
621|7
622|23
623|30
624|25
625|0
626|31
627|34
628|42
629|19
630|22
631|6
632|4
633|26
634|16
635|29
636|21
637|25
638|3
639|11
640|15
641|46
642|10
643|44
644|49
645|31
646|3
647|32
648|48
649|10
650|33
651|13
652|7
653|4
654|37
655|21
656|12
657|19
658|10
659|32
660|26
661|17
662|42
663|48
664|15
665|34
666|26
667|48
668|49
669|0
670|33
671|31
672|32
673|41
674|43
675|42
676|43
677|2
678|13
679|9
680|20
681|45
682|9
683|27
684|11
685|24
686|22
687|44
688|48
689|9
690|32
691|47
692|27
693|19
694|43
695|7
696|43
697|43
698|16
699|19
700|45
701|0
702|8
703|13
704|43
705|6
706|15
707|7
708|18
709|38
710|35
711|19
712|30
713|4
714|41
715|9
716|28
717|12
718|5
719|11
720|14
721|31
722|43
723|23
724|0
725|43
726|18
727|26
728|17
729|1
730|34
731|19
732|38
733|16
734|21
735|4
736|17
737|1
738|4
739|45
740|3
741|29
742|28
743|8
744|7
745|43
746|26
747|13
748|48
749|3
750|15
751|35
752|22
753|21
754|13
755|2
756|48
757|41
758|12
759|9
760|31
761|0
762|43
763|17
764|34
765|46
766|40
767|32
768|33
769|30
770|24
771|19
772|8
773|44
774|48
775|37
776|32
777|30
778|6
779|25
780|5
781|7
782|48
783|21
784|9
785|45
786|13
787|7
788|33
789|13
790|26
791|39
792|10
793|31
794|5
795|1
796|37
797|32
798|47
799|44
800|24
801|31
802|12
803|15
804|19
805|31
806|40
807|37
808|12
809|0
810|15
811|16
812|21
813|25
814|26
815|3
816|23
817|18
818|3
819|46
820|42
821|19
822|20
823|29
824|38
825|28
826|8
827|21
828|17
829|15
830|6
831|17
832|41
833|21
834|47
835|27
836|1
837|14
838|28
839|18
840|42
841|39
842|43
843|40
844|14
845|30
846|0
847|40
848|43
849|6
850|49
851|31
852|45
853|0
854|14
855|36
856|46
857|7
858|13
859|45
860|22
861|47
862|16
863|15
864|45
865|0
866|1
867|16
868|34
869|37
870|47
871|39
872|23
873|35
874|8
875|9
876|5
877|32
878|35
879|5
880|13
881|13
882|40
883|1
884|27
885|6
886|22
887|32
888|34
889|42
890|23
891|43
892|42
893|14
894|35
895|39
896|9
897|46
898|4
899|10
900|43
901|42
902|4
903|32
904|36
905|42
906|1
907|44
908|4
909|7
910|48
911|11
912|6
913|3
914|3
915|28
916|34
917|26
918|14
919|24
920|47
921|11
922|34
923|48
924|3
925|19
926|33
927|48
928|21
929|11
930|26
931|13
932|25
933|30
934|9
935|40
936|22
937|44
938|20
939|31
940|28
941|44
942|29
943|28
944|31
945|32
946|4
947|24
948|25
949|7
950|36
951|33
952|23
953|49
954|8
955|14
956|27
957|27
958|36
959|27
960|12
961|29
962|46
963|19
964|14
965|37
966|22
967|30
968|17
969|28
970|6
971|32
972|45
973|35
974|0
975|40
976|1
977|26
978|43
979|16
980|48
981|7
982|13
983|39
984|3
985|30
986|10
987|37
988|20
989|16
990|23
991|0
992|26
993|10
994|47
995|19
996|48
997|28
998|4
999|27
1000|44
1001|20
1002|1
1003|10
1004|20
1005|15
1006|24
1007|6
1008|31
1009|7
1010|49
1011|40
1012|31
1013|31
1014|17
1015|11
1016|24
1017|23
1018|0
1019|48
1020|20
1021|48
1022|24
1023|1
1024|44
1025|49
1026|1
1027|9
1028|13
1029|2
1030|20
1031|3
1032|49
1033|10
1034|43
1035|15
1036|11
1037|39
1038|0
1039|24
1040|20
1041|38
1042|24
1043|46
1044|20
1045|21
1046|15
1047|11
1048|5
1049|3
1050|9
1051|25
1052|27
1053|31
1054|44
1055|22
1056|40
1057|32
1058|21
1059|29
1060|15
1061|24
1062|18
1063|0
1064|7
1065|16
1066|15
1067|13
1068|45
1069|23
1070|46
1071|2
1072|19
1073|27
1074|7
1075|23
1076|9
1077|3
1078|34
1079|38
1080|27
1081|43
1082|33
1083|33
1084|37
1085|24
1086|49
1087|16
1088|5
1089|27
1090|21
1091|4
1092|34
1093|4
1094|49
1095|2
1096|24
1097|16
1098|17
1099|49
1100|30
1101|22
1102|26
1103|48
1104|41
1105|6
1106|15
1107|29
1108|6
1109|5
1110|44
1111|5
1112|10
1113|29
1114|14
1115|20
1116|20
1117|10
1118|48
1119|47
1120|7
1121|6
1122|17
1123|42
1124|48
1125|19
1126|21
1127|4
1128|41
1129|31
1130|26
1131|43
1132|34
1133|8
1134|19
1135|3
1136|49
1137|6
1138|48
1139|48
1140|37
1141|47
1142|23
1143|27
1144|12
1145|36
1146|25
1147|18
1148|44
1149|21
1150|42
1151|33
1152|15
1153|37
1154|6
1155|43
1156|41
1157|27
1158|33
1159|14
1160|9
1161|15
1162|6
1163|17
1164|23
1165|47
1166|28
1167|32
1168|40
1169|9
1170|8
1171|7
1172|48
1173|12
1174|34
1175|13
1176|10
1177|20
1178|13
1179|10
1180|38
1181|43
1182|13
1183|15
1184|39
1185|5
1186|32
1187|30
1188|29
1189|14
1190|40
1191|10
1192|45
1193|8
1194|43
1195|11
1196|0
1197|26
1198|24
1199|42
1200|49
1201|6
1202|3
1203|6
1204|30
1205|6
1206|34
1207|27
1208|22
1209|46
1210|30
1211|33
1212|16
1213|43
1214|24
1215|32
1216|16
1217|8
1218|22
1219|31
1220|19
1221|2
1222|20
1223|19
1224|9
1225|38
1226|18
1227|28
1228|17
1229|20
1230|45
1231|43
1232|8
1233|31
1234|46
1235|13
1236|45
1237|36
1238|44
1239|27
1240|18
1241|17
1242|16
1243|42
1244|21
1245|9
1246|19
1247|1
1248|47
1249|30
1250|26
1251|16
1252|40
1253|24
1254|5
1255|25
1256|41
1257|37
1258|30
1259|17
1260|23
1261|19
1262|15
1263|46
1264|28
1265|32
1266|3
1267|27
1268|2
1269|19
1270|4
1271|46
1272|49
1273|43
1274|48
1275|48
1276|48
1277|1
1278|28
1279|15
1280|19
1281|37
1282|0
1283|14
1284|16
1285|10
1286|12
1287|32
1288|24
1289|12
1290|45
1291|29
1292|45
1293|40
1294|27
1295|30
1296|27
1297|45
1298|24
1299|9
1300|35
1301|30
1302|38
1303|40
1304|15
1305|11
1306|14
1307|32
1308|27
1309|1
1310|22
1311|12
1312|3
1313|49
1314|21
1315|25
1316|32
1317|0
1318|44
1319|46
1320|3
1321|25
1322|35
1323|34
1324|3
1325|48
1326|48
1327|45
1328|30
1329|33
1330|27
1331|20
1332|20
1333|8
1334|43
1335|29
1336|45
1337|30
1338|8
1339|15
1340|35
1341|32
1342|32
1343|40
1344|20
1345|43
1346|32
1347|41
1348|22
1349|19
1350|45
1351|38
1352|39
1353|22
1354|7
1355|32
1356|6
1357|14
1358|25
1359|14
1360|23
1361|44
1362|34
1363|23
1364|38
1365|19
1366|14
1367|7
1368|1
1369|6
1370|15
1371|25
1372|27
1373|44
1374|47
1375|40
1376|27
1377|33
1378|11
1379|1
1380|37
1381|12
1382|14
1383|1
1384|43
1385|33
1386|19
1387|31
1388|29
1389|33
1390|28
1391|46
1392|27
1393|19
1394|21
1395|17
1396|3
1397|24
1398|19
1399|47
1400|34
1401|21
1402|48
1403|6
1404|21
1405|44
1406|49
1407|43
1408|35
1409|13
1410|40
1411|23
1412|39
1413|11
1414|36
1415|10
1416|5
1417|16
1418|32
1419|40
1420|28
1421|24
1422|33
1423|33
1424|21
1425|36
1426|49
1427|15
1428|16
1429|38
1430|14
1431|20
1432|28
1433|47
1434|43
1435|23
1436|41
1437|45
1438|26
1439|30
1440|3
1441|39
1442|30
1443|15
1444|17
1445|2
1446|9
1447|13
1448|13
1449|17
1450|5
1451|16
1452|41
1453|3
1454|4
1455|12
1456|36
1457|39
1458|10
1459|48
1460|26
1461|16
1462|23
1463|5
1464|36
1465|14
1466|30
1467|24
1468|33
1469|36
1470|48
1471|2
1472|41
1473|33
1474|3
1475|18
1476|33
1477|12
1478|45
1479|17
1480|10
1481|36
1482|21
1483|10
1484|4
1485|19
1486|6
1487|12
1488|7
1489|3
1490|40
1491|32
1492|47
1493|19
1494|34
1495|36
1496|19
1497|13
1498|40
1499|28
1500|3
1501|35
1502|35
1503|9
1504|46
1505|16
1506|36
1507|12
1508|1
1509|33
1510|23
1511|29
1512|12
1513|38
1514|47
1515|37
1516|27
1517|25
1518|6
1519|12
1520|39
1521|12
1522|0
1523|1
1524|7
1525|7
1526|33
1527|8
1528|10
1529|6
1530|35
1531|29
1532|17
1533|35
1534|9
1535|42
1536|18
1537|4
1538|47
1539|15
1540|29
1541|25
1542|48
1543|23
1544|34
1545|3
1546|4
1547|2
1548|31
1549|14
1550|33
1551|42
1552|25
1553|28
1554|28
1555|5
1556|46
1557|7
1558|45
1559|36
1560|30
1561|21
1562|43
1563|37
1564|33
1565|38
1566|3
1567|40
1568|42
1569|3
1570|10
1571|49
1572|5
1573|27
1574|32
1575|10
1576|12
1577|31
1578|39
1579|14
1580|25
1581|29
1582|4
1583|29
1584|34
1585|1
1586|12
1587|22
1588|40
1589|24
1590|3
1591|34
1592|4
1593|40
1594|4
1595|13
1596|2
1597|48
1598|19
1599|13
1600|36
1601|5
1602|0
1603|47
1604|39
1605|43
1606|18
1607|7
1608|35
1609|21
1610|27
1611|4
1612|19
1613|48
1614|15
1615|16
1616|7
1617|23
1618|31
1619|31
1620|27
1621|17
1622|35
1623|27
1624|49
1625|42
1626|8
1627|9
1628|21
1629|47
1630|6
1631|8
1632|37
1633|26
1634|15
1635|15
1636|3
1637|36
1638|33
1639|30
1640|43
1641|40
1642|13
1643|47
1644|24
1645|44
1646|8
1647|35
1648|17
1649|8
1650|8
1651|11
1652|5
1653|11
1654|41
1655|36
1656|25
1657|39
1658|24
1659|47
1660|46
1661|5
1662|13
1663|17
1664|10
1665|22
1666|48
1667|45
1668|29
1669|4
1670|27
1671|48
1672|45
1673|48
1674|41
1675|31
1676|13
1677|10
1678|27
1679|35
1680|37
1681|26
1682|43
1683|39
1684|46
1685|33
1686|10
1687|15
1688|16
1689|38
1690|7
1691|43
1692|24
1693|17
1694|22
1695|11
1696|14
1697|12
1698|14
1699|40
1700|5
1701|46
1702|46
1703|32
1704|46
1705|6
1706|28
1707|26
1708|0
1709|15
1710|31
1711|12
1712|16
1713|10
1714|8
1715|27
1716|18
1717|34
1718|39
1719|39
1720|9
1721|30
1722|22
1723|41
1724|43
1725|45
1726|26
1727|25
1728|13
1729|2
1730|31
1731|30
1732|21
1733|31
1734|1
1735|22
1736|19
1737|6
1738|8
1739|7
1740|18
1741|28
1742|21
1743|23
1744|21
1745|14
1746|10
1747|45
1748|30
1749|32
1750|7
1751|47
1752|12
1753|42
1754|42
1755|20
1756|20
1757|16
1758|47
1759|19
1760|45
1761|10
1762|11
1763|43
1764|20
1765|39
1766|39
1767|21
1768|35
1769|35
1770|37
1771|28
1772|1
1773|16
1774|46
1775|17
1776|48
1777|0
1778|28
1779|31
1780|23
1781|1
1782|24
1783|5
1784|17
1785|9
1786|37
1787|21
1788|33
1789|41
1790|29
1791|21
1792|19
1793|44
1794|12
1795|34
1796|46
1797|19
1798|44
1799|2
1800|7
1801|31
1802|14
1803|36
1804|45
1805|13
1806|2
1807|49
1808|18
1809|24
1810|20
1811|6
1812|5
1813|9
1814|12
1815|2
1816|3
1817|23
1818|9
1819|0
1820|43
1821|33
1822|16
1823|35
1824|44
1825|30
1826|39
1827|17
1828|2
1829|10
1830|39
1831|37
1832|18
1833|13
1834|10
1835|43
1836|44
1837|24
1838|21
1839|22
1840|19
1841|42
1842|34
1843|9
1844|21
1845|17
1846|42
1847|19
1848|36
1849|31
1850|41
1851|45
1852|30
1853|49
1854|44
1855|43
1856|20
1857|33
1858|47
1859|32
1860|6
1861|35
1862|28
1863|35
1864|31
1865|30
1866|5
1867|19
1868|19
1869|28
1870|13
1871|28
1872|31
1873|33
1874|13
1875|37
1876|1
1877|35
1878|9
1879|2
1880|1
1881|43
1882|31
1883|32
1884|2
1885|19
1886|43
1887|37
1888|3
1889|45
1890|22
1891|46
1892|39
1893|3
1894|42
1895|11
1896|31
1897|34
1898|11
1899|35
1900|30
1901|25
1902|14
1903|2
1904|25
1905|29
1906|47
1907|24
1908|23
1909|22
1910|13
1911|30
1912|41
1913|7
1914|33
1915|17
1916|17
1917|16
1918|8
1919|48
1920|6
1921|10
1922|40
1923|25
1924|11
1925|39
1926|34
1927|17
1928|37
1929|29
1930|23
1931|0
1932|0
1933|1
1934|32
1935|14
1936|21
1937|12
1938|2
1939|46
1940|43
1941|45
1942|27
1943|44
1944|27
1945|49
1946|4
1947|45
1948|37
1949|11
1950|30
1951|10
1952|10
1953|4
1954|4
1955|31
1956|21
1957|16
1958|4
1959|34
1960|0
1961|4
1962|11
1963|7
1964|15
1965|7
1966|20
1967|11
1968|9
1969|22
1970|23
1971|33
1972|20
1973|3
1974|25
1975|43
1976|25
1977|8
1978|34
1979|34
1980|44
1981|1
1982|17
1983|45
1984|8
1985|21
1986|26
1987|0
1988|18
1989|14
1990|12
1991|47
1992|36
1993|11
1994|11
1995|9
1996|7
1997|23
1998|44
1999|16
2000|22
2001|29
2002|47
2003|19
2004|36
2005|29
2006|45
2007|21
2008|5
2009|4
2010|3
2011|22
2012|28
2013|45
2014|23
2015|10
2016|12
2017|3
2018|20
2019|9
2020|6
2021|0
2022|15
2023|25
2024|33
2025|48
2026|32
2027|39
2028|9
2029|34
2030|49
2031|23
2032|37
2033|26
2034|40
2035|13
2036|0
2037|28
2038|11
2039|7
2040|38
2041|5
2042|5
2043|8
2044|49
2045|7
2046|0
2047|14
2048|49
2049|19
2050|5
2051|43
2052|31
2053|3
2054|6
2055|28
2056|38
2057|3
2058|29
2059|16
2060|19
2061|41
2062|4
2063|33
2064|21
2065|21
2066|4
2067|40
2068|42
2069|40
2070|31
2071|30
2072|1
2073|47
2074|6
2075|18
2076|17
2077|18
2078|0
2079|27
2080|15
2081|19
2082|2
2083|17
2084|21
2085|37
2086|19
2087|23
2088|17
2089|16
2090|34
2091|19
2092|10
2093|26
2094|47
2095|1
2096|47
2097|8
2098|46
2099|44
2100|48
2101|28
2102|25
2103|22
2104|42
2105|38
2106|20
2107|5
2108|34
2109|33
2110|5
2111|22
2112|15
2113|39
2114|5
2115|15
2116|30
2117|11
2118|39
2119|35
2120|17
2121|27
2122|45
2123|19
2124|22
2125|18
2126|21
2127|30
2128|10
2129|35
2130|26
2131|3
2132|30
2133|11
2134|16
2135|30
2136|35
2137|11
2138|20
2139|5
2140|35
2141|13
2142|44
2143|16
2144|15
2145|21
2146|38
2147|46
2148|36
2149|29
2150|16
2151|40
2152|33
2153|38
2154|41
2155|8
2156|29
2157|1
2158|44
2159|12
2160|33
2161|2
2162|18
2163|13
2164|40
2165|1
2166|45
2167|46
2168|23
2169|23
2170|12
2171|30
2172|6
2173|19
2174|2
2175|30
2176|28
2177|23
2178|38
2179|49
2180|37
2181|31
2182|7
2183|5
2184|19
2185|6
2186|4
2187|18
2188|43
2189|15
2190|23
2191|12
2192|38
2193|14
2194|37
2195|38
2196|23
2197|45
2198|9
2199|15
2200|1
2201|46
2202|36
2203|14
2204|10
2205|43
2206|9
2207|48
2208|23
2209|26
2210|37
2211|6
2212|2
2213|36
2214|3
2215|19
2216|23
2217|1
2218|46
2219|1
2220|9
2221|27
2222|7
2223|15
2224|23
2225|45
2226|42
2227|23
2228|7
2229|23
2230|20
2231|41
2232|14
2233|9
2234|10
2235|45
2236|21
2237|32
2238|19
2239|13
2240|43
2241|16
2242|34
2243|49
2244|16
2245|11
2246|42
2247|22
2248|6
2249|7
2250|6
2251|22
2252|17
2253|18
2254|47
2255|15
2256|27
2257|17
2258|7
2259|14
2260|29
2261|47
2262|42
2263|0
2264|4
2265|19
2266|23
2267|18
2268|22
2269|45
2270|34
2271|4
2272|20
2273|23
2274|15
2275|20
2276|49
2277|44
2278|2
2279|17
2280|38
2281|14
2282|13
2283|8
2284|14
2285|46
2286|12
2287|3
2288|2
2289|6
2290|2
2291|21
2292|15
2293|22
2294|44
2295|46
2296|48
2297|2
2298|20
2299|40
2300|23
2301|41
2302|38
2303|1
2304|48
2305|21
2306|26
2307|3
2308|34
2309|2
2310|36
2311|33
2312|27
2313|16
2314|7
2315|6
2316|37
2317|42
2318|34
2319|4
2320|12
2321|34
2322|4
2323|47
2324|21
2325|45
2326|17
2327|12
2328|46
2329|13
2330|9
2331|37
2332|17
2333|7
2334|5
2335|47
2336|23
2337|10
2338|48
2339|19
2340|48
2341|34
2342|31
2343|36
2344|22
2345|26
2346|16
2347|0
2348|32
2349|5
2350|13
2351|14
2352|38
2353|3
2354|23
2355|38
2356|4
2357|22
2358|37
2359|3
2360|45
2361|7
2362|39
2363|3
2364|43
2365|18
2366|16
2367|29
2368|33
2369|19
2370|4
2371|21
2372|9
2373|11
2374|17
2375|15
2376|4
2377|42
2378|7
2379|34
2380|8
2381|44
2382|45
2383|46
2384|34
2385|20
2386|40
2387|5
2388|32
2389|43
2390|22
2391|12
2392|1
2393|48
2394|8
2395|46
2396|9
2397|34
2398|18
2399|10
2400|41
2401|48
2402|26
2403|49
2404|36
2405|18
2406|45
2407|33
2408|47
2409|16
2410|2
2411|6
2412|30
2413|36
2414|1
2415|5
2416|3
2417|5
2418|33
2419|34
2420|36
2421|38
2422|39
2423|43
2424|39
2425|16
2426|46
2427|30
2428|13
2429|38
2430|25
2431|46
2432|14
2433|5
2434|36
2435|16
2436|9
2437|20
2438|8
2439|3
2440|20
2441|40
2442|36
2443|47
2444|22
2445|46
2446|29
2447|29
2448|38
2449|46
2450|46
2451|3
2452|9
2453|18
2454|1
2455|14
2456|17
2457|7
2458|18
2459|10
2460|9
2461|45
2462|11
2463|31
2464|21
2465|18
2466|23
2467|41
2468|42
2469|38
2470|44
2471|23
2472|7
2473|27
2474|9
2475|41
2476|36
2477|28
2478|40
2479|27
2480|18
2481|25
2482|46
2483|14
2484|17
2485|40
2486|18
2487|0
2488|1
2489|27
2490|7
2491|26
2492|7
2493|9
2494|23
2495|42
2496|37
2497|17
2498|37
2499|17
2500|35
2501|6
2502|29
2503|40
2504|19
2505|19
2506|13
2507|16
2508|28
2509|13
2510|21
2511|14
2512|8
2513|6
2514|46
2515|45
2516|39
2517|6
2518|49
2519|9
2520|16
2521|29
2522|25
2523|19
2524|41
2525|18
2526|38
2527|12
2528|47
2529|49
2530|33
2531|4
2532|2
2533|21
2534|40
2535|17
2536|31
2537|31
2538|15
2539|29
2540|28
2541|36
2542|4
2543|35
2544|39
2545|42
2546|42
2547|5
2548|12
2549|34
2550|37
2551|23
2552|23
2553|9
2554|38
2555|27
2556|9
2557|3
2558|19
2559|36
2560|15
2561|8
2562|17
2563|18
2564|27
2565|40
2566|22
2567|34
2568|40
2569|6
2570|8
2571|40
2572|39
2573|20
2574|21
2575|16
2576|32
2577|37
2578|14
2579|23
2580|34
2581|13
2582|4
2583|34
2584|33
2585|19
2586|29
2587|38
2588|22
2589|12
2590|42
2591|33
2592|2
2593|6
2594|17
2595|15
2596|4
2597|7
2598|25
2599|46
2600|16
2601|43
2602|18
2603|47
2604|26
2605|10
2606|43
2607|33
2608|42
2609|23
2610|17
2611|37
2612|45
2613|41
2614|36
2615|2
2616|33
2617|1
2618|26
2619|33
2620|43
2621|44
2622|3
2623|21
2624|4
2625|7
2626|30
2627|30
2628|33
2629|38
2630|34
2631|22
2632|30
2633|21
2634|29
2635|35
2636|27
2637|46
2638|27
2639|0
2640|12
2641|6
2642|15
2643|47
2644|13
2645|30
2646|24
2647|11
2648|25
2649|2
2650|17
2651|26
2652|34
2653|40
2654|49
2655|41
2656|25
2657|41
2658|11
2659|30
2660|22
2661|30
2662|26
2663|28
2664|3
2665|16
2666|16
2667|30
2668|9
2669|43
2670|33
2671|4
2672|29
2673|24
2674|0
2675|49
2676|40
2677|5
2678|31
2679|21
2680|45
2681|44
2682|25
2683|3
2684|16
2685|35
2686|47
2687|26
2688|36
2689|0
2690|36
2691|2
2692|35
2693|29
2694|19
2695|9
2696|48
2697|9
2698|5
2699|10
2700|47
2701|8
2702|44
2703|29
2704|12
2705|8
2706|27
2707|13
2708|27
2709|20
2710|39
2711|36
2712|40
2713|20
2714|17
2715|8
2716|24
2717|13
2718|17
2719|38
2720|13
2721|48
2722|49
2723|8
2724|46
2725|19
2726|49
2727|18
2728|31
2729|20
2730|11
2731|38
2732|43
2733|22
2734|25
2735|43
2736|33
2737|24
2738|21
2739|0
2740|1
2741|6
2742|10
2743|42
2744|3
2745|5
2746|49
2747|15
2748|10
2749|3
2750|9
2751|2
2752|0
2753|24
2754|39
2755|33
2756|47
2757|30
2758|41
2759|15
2760|18
2761|15
2762|44
2763|22
2764|20
2765|46
2766|28
2767|25
2768|28
2769|19
2770|32
2771|14
2772|18
2773|5
2774|21
2775|9
2776|3
2777|4
2778|3
2779|19
2780|25
2781|37
2782|48
2783|33
2784|20
2785|46
2786|48
2787|46
2788|40
2789|7
2790|0
2791|43
2792|0
2793|12
2794|12
2795|34
2796|12
2797|1
2798|21
2799|0
2800|48
2801|20
2802|2
2803|48
2804|19
2805|26
2806|17
2807|43
2808|4
2809|44
2810|45
2811|37
2812|15
2813|9
2814|11
2815|41
2816|2
2817|24
2818|16
2819|41
2820|14
2821|44
2822|0
2823|19
2824|46
2825|10
2826|2
2827|32
2828|21
2829|19
2830|27
2831|5
2832|27
2833|20
2834|48
2835|28
2836|3
2837|32
2838|47
2839|24
2840|19
2841|1
2842|10
2843|1
2844|8
2845|25
2846|24
2847|21
2848|47
2849|13
2850|46
2851|18
2852|37
2853|0
2854|6
2855|37
2856|41
2857|49
2858|16
2859|35
2860|24
2861|23
2862|45
2863|37
2864|18
2865|16
2866|9
2867|30
2868|24
2869|3
2870|15
2871|37
2872|14
2873|0
2874|11
2875|3
2876|40
2877|22
2878|12
2879|38
2880|34
2881|23
2882|23
2883|29
2884|30
2885|6
2886|20
2887|44
2888|0
2889|8
2890|13
2891|29
2892|43
2893|20
2894|9
2895|16
2896|30
2897|42
2898|36
2899|3
2900|29
2901|36
2902|49
2903|41
2904|12
2905|21
2906|24
2907|21
2908|32
2909|38
2910|36
2911|0
2912|38
2913|37
2914|27
2915|0
2916|23
2917|15
2918|21
2919|37
2920|7
2921|28
2922|36
2923|6
2924|21
2925|22
2926|43
2927|14
2928|37
2929|3
2930|8
2931|16
2932|34
2933|17
2934|3
2935|12
2936|23
2937|42
2938|41
2939|17
2940|16
2941|47
2942|10
2943|0
2944|44
2945|3
2946|18
2947|42
2948|25
2949|1
2950|40
2951|28
2952|2
2953|20
2954|23
2955|25
2956|8
2957|45
2958|8
2959|36
2960|30
2961|43
2962|24
2963|24
2964|13
2965|24
2966|11
2967|7
2968|24
2969|31
2970|19
2971|48
2972|39
2973|10
2974|40
2975|25
2976|2
2977|21
2978|23
2979|29
2980|28
2981|33
2982|13
2983|10
2984|20
2985|19
2986|6
2987|32
2988|4
2989|22
2990|33
2991|48
2992|11
2993|33
2994|48
2995|30
2996|22
2997|13
2998|47
2999|38
3000|32
