0|22
1|0
2|18
3|39
4|34
5|13
6|11
7|41
8|21
9|6
10|29
11|19
12|46
13|46
14|20
15|29
16|26
17|31
18|44
19|23
20|37
21|46
22|13
23|19
24|18
25|12
26|15
27|21
28|21
29|16
30|0
31|17
32|38
33|39
34|33
35|31
36|42
37|19
38|45
39|29
40|1
41|32
42|26
43|19
44|37
45|24
46|23
47|31
48|40
49|49
50|47
51|38
52|2
53|21
54|9
55|42
56|18
57|47
58|37
59|11
60|45
61|44
62|46
63|31
64|21
65|1
66|25
67|27
68|38
69|16
70|46
71|13
72|11
73|11
74|16
75|29
76|41
77|36
78|42
79|36
80|21
81|18
82|18
83|6
84|2
85|14
86|34
87|48
88|4
89|36
90|20
91|48
92|31
93|8
94|21
95|15
96|24
97|24
98|5
99|45
100|32
101|24
102|39
103|48
104|10
105|35
106|14
107|18
108|33
109|43
110|40
111|10
112|24
113|3
114|12
115|25
116|5
117|7
118|10
119|4
120|44
121|1
122|27
123|31
124|33
125|1
126|7
127|5
128|19
129|1
130|37
131|19
132|20
133|49
134|18
135|28
136|47
137|41
138|21
139|17
140|27
141|9
142|49
143|14
144|19
145|39
146|34
147|4
148|33
149|6
150|17
151|16
152|19
153|49
154|33
155|28
156|41
157|35
158|0
159|9
160|30
161|23
162|20
163|8
164|26
165|46
166|11
167|9
168|8
169|0
170|17
171|12
172|11
173|4
174|24
175|9
176|12
177|2
178|36
179|17
180|35
181|39
182|39
183|11
184|34
185|47
186|6
187|13
188|49
189|37
190|22
191|44
192|42
193|4
194|11
195|7
196|26
197|33
198|34
199|14
200|0
201|42
202|14
203|10
204|34
205|36
206|7
207|31
208|5
209|18
210|25
211|17
212|28
213|43
214|40
215|15
216|40
217|23
218|23
219|39
220|29
221|7
222|10
223|42
224|19
225|0
226|38
227|9
228|1
229|22
230|40
231|35
232|28
233|23
234|43
235|11
236|15
237|40
238|12
239|7
240|36
241|24
242|36
243|24
244|10
245|3
246|17
247|28
248|17
249|36
250|13
251|43
252|20
253|17
254|35
255|18
256|8
257|2
258|2
259|33
260|39
261|19
262|24
263|41
264|21
265|28
266|21
267|0
268|6
269|11
270|18
271|23
272|28
273|11
274|42
275|19
276|0
277|1
278|5
279|42
280|20
281|37
282|2
283|1
284|0
285|46
286|45
287|4
288|28
289|13
290|38
291|43
292|30
293|17
294|1
295|6
296|24
297|20
298|19
299|37
300|40
301|17
302|38
303|14
304|47
305|41
306|31
307|22
308|28
309|39
310|30
311|9
312|31
313|0
314|31
315|36
316|15
317|32
318|40
319|33
320|7
321|24
322|43
323|33
324|48
325|31
326|31
327|32
328|4
329|26
330|38
331|15
332|7
333|25
334|47
335|10
336|16
337|32
338|33
339|21
340|21
341|2
342|6
343|49
344|28
345|31
346|17
347|16
348|15
349|18
350|24
351|25
352|18
353|1
354|31
355|14
356|9
357|19
358|43
359|37
360|38
361|18
362|28
363|35
364|29
365|7
366|14
367|0
368|18
369|19
370|14
371|29
372|31
373|31
374|29
375|4
376|5
377|11
378|12
379|18
380|28
381|28
382|37
383|18
384|27
385|40
386|44
387|43
388|16
389|24
390|6
391|49
392|26
393|32
394|46
395|28
396|21
397|45
398|20
399|10
400|31
401|33
402|17
403|6
404|9
405|28
406|21
407|48
408|9
409|15
410|15
411|13
412|2
413|10
414|0
415|16
416|30
417|14
418|34
419|39
420|31
421|46
422|6
423|10
424|9
425|31
426|2
427|3
428|43
429|30
430|30
431|4
432|28
433|47
434|0
435|46
436|24
437|31
438|13
439|25
440|38
441|4
442|15
443|34
444|34
445|42
446|5
447|21
448|34
449|46
450|34
451|12
452|30
453|43
454|27
455|36
456|44
457|0
458|37
459|43
460|32
461|6
462|29
463|24
464|25
465|15
466|47
467|32
468|28
469|30
470|23
471|45
472|41
473|0
474|41
475|11
476|8
477|28
478|32
479|35
480|16
481|33
482|6
483|33
484|49
485|30
486|15
487|34
488|7
489|41
490|34
491|27
492|29
493|2
494|20
495|36
496|40
497|7
498|29
499|9
500|13
501|30
502|49
503|20
504|42
505|49
506|9
507|19
508|20
509|15
510|24
511|40
512|42
513|35
514|2
515|36
516|44
517|9
518|14
519|28
520|13
521|10
522|47
523|42
524|47
525|20
526|1
527|34
528|4
529|34
530|9
531|29
532|12
533|18
534|32
535|6
536|12
537|38
538|47
539|33
540|31
541|8
542|15
543|12
544|15
545|14
546|7
547|36
548|6
549|41
550|47
551|45
552|23
553|34
554|46
555|33
556|25
557|48
558|44
559|22
560|14
561|29
562|24
563|2
564|1
565|44
566|32
567|20
568|8
569|15
570|25
571|14
572|48
573|44
574|17
575|47
576|20
577|1
578|18
579|1
580|41
581|5
582|20
583|11
584|4
585|30
586|17
587|37
588|9
589|38
590|33
591|2
592|14
593|32
594|49
595|29
596|40
597|10
598|47
599|20
600|16
601|21
602|6
603|4
604|3
605|30
606|41
607|31
608|6
609|45
610|48
611|20
612|40
613|44
614|32
615|44
616|31
617|9
618|30
619|3
620|44
621|16
622|0
623|22
624|9
625|43
626|38
627|38
628|5
629|23
630|30
631|31
632|19
633|11
634|40
635|21
636|11
637|20
638|3
639|24
640|18
641|48
642|26
643|38
644|20
645|39
646|31
647|17
648|43
649|21
650|8
651|45
652|40
653|39
654|27
655|3
656|38
657|14
658|7
659|45
660|30
661|29
662|39
663|1
664|0
665|45
666|39
667|44
668|48
669|16
670|37
671|31
672|13
673|0
674|36
675|42
676|26
677|49
678|47
679|24
680|45
681|46
682|34
683|44
684|17
685|36
686|10
687|5
688|14
689|47
690|25
691|43
692|21
693|10
694|8
695|17
696|38
697|16
698|6
699|1
700|42
701|13
702|16
703|29
704|19
705|16
706|8
707|43
708|27
709|0
710|21
711|4
712|7
713|15
714|21
715|14
716|21
717|16
718|4
719|43
720|44
721|18
722|17
723|26
724|42
725|26
726|42
727|11
728|30
729|43
730|26
731|18
732|24
733|13
734|12
735|12
736|37
737|39
738|43
739|30
740|17
741|46
742|49
743|26
744|10
745|35
746|26
747|32
748|39
749|47
750|3
751|33
752|37
753|38
754|16
755|17
756|16
757|15
758|17
759|11
760|4
761|12
762|10
763|41
764|16
765|28
766|29
767|7
768|32
769|7
770|45
771|6
772|1
773|45
774|31
775|22
776|39
777|47
778|1
779|26
780|29
781|40
782|23
783|24
784|15
785|4
786|17
787|46
788|47
789|23
790|31
791|43
792|19
793|19
794|31
795|26
796|29
797|9
798|16
799|20
800|27
801|25
802|22
803|6
804|3
805|33
806|33
807|48
808|37
809|21
810|18
811|15
812|34
813|24
814|11
815|26
816|1
817|11
818|6
819|45
820|19
821|11
822|37
823|16
824|40
825|23
826|25
827|28
828|2
829|16
830|49
831|19
832|17
833|40
834|10
835|47
836|4
837|38
838|3
839|26
840|25
841|5
842|21
843|42
844|27
845|22
846|9
847|30
848|24
849|3
850|18
851|1
852|3
853|43
854|39
855|21
856|16
857|49
858|5
859|25
860|7
861|3
862|12
863|20
864|42
865|42
866|10
867|49
868|26
869|20
870|2
871|24
872|13
873|1
874|46
875|18
876|43
877|49
878|39
879|11
880|13
881|14
882|24
883|16
884|46
885|29
886|25
887|5
888|22
889|33
890|43
891|3
892|38
893|4
894|18
895|32
896|1
897|7
898|3
899|39
900|36
901|8
902|33
903|12
904|20
905|44
906|15
907|31
908|23
909|42
910|48
911|15
912|27
913|26
914|48
915|24
916|8
917|25
918|49
919|9
920|7
921|0
922|38
923|33
924|20
925|35
926|9
927|49
928|49
929|12
930|14
931|45
932|31
933|28
934|44
935|6
936|17
937|7
938|14
939|25
940|5
941|42
942|32
943|6
944|38
945|10
946|27
947|28
948|6
949|20
950|4
951|37
952|14
953|2
954|1
955|3
956|1
957|40
958|27
959|38
960|39
961|0
962|15
963|6
964|21
965|8
966|23
967|4
968|7
969|13
970|38
971|7
972|48
973|2
974|47
975|24
976|27
977|7
978|38
979|31
980|36
981|43
982|49
983|29
984|33
985|5
986|26
987|40
988|49
989|47
990|16
991|35
992|6
993|15
994|37
995|20
996|28
997|27
998|22
999|24
1000|5
1001|21
1002|11
1003|16
1004|12
1005|19
1006|22
1007|9
1008|32
1009|24
1010|5
1011|32
1012|47
1013|40
1014|29
1015|33
1016|11
1017|45
1018|45
1019|32
1020|16
1021|37
1022|1
1023|0
1024|48
1025|36
1026|45
1027|20
1028|20
1029|5
1030|13
1031|19
1032|7
1033|27
1034|27
1035|6
1036|39
1037|23
1038|49
1039|45
1040|39
1041|15
1042|45
1043|44
1044|17
1045|38
1046|40
1047|2
1048|15
1049|2
1050|46
1051|18
1052|28
1053|19
1054|42
1055|7
1056|38
1057|34
1058|43
1059|22
1060|37
1061|14
1062|35
1063|34
1064|38
1065|23
1066|27
1067|19
1068|27
1069|49
1070|22
1071|2
1072|48
1073|18
1074|45
1075|43
1076|7
1077|29
1078|43
1079|21
1080|7
1081|34
1082|33
1083|42
1084|45
1085|46
1086|29
1087|49
1088|38
1089|17
1090|32
1091|30
1092|36
1093|7
1094|17
1095|31
1096|49
1097|29
1098|36
1099|6
1100|29
1101|17
1102|12
1103|14
1104|21
1105|25
1106|13
1107|2
1108|20
1109|17
1110|19
1111|38
1112|42
1113|41
1114|15
1115|31
1116|12
1117|11
1118|27
1119|40
1120|38
1121|13
1122|7
1123|23
1124|27
1125|5
1126|34
1127|9
1128|9
1129|48
1130|35
1131|20
1132|9
1133|33
1134|37
1135|7
1136|49
1137|14
1138|8
1139|27
1140|12
1141|19
1142|30
1143|36
1144|4
1145|5
1146|7
1147|18
1148|21
1149|27
1150|30
1151|17
1152|24
1153|31
1154|2
1155|29
1156|42
1157|35
1158|12
1159|0
1160|11
1161|7
1162|4
1163|0
1164|15
1165|16
1166|11
1167|42
1168|18
1169|23
1170|17
1171|41
1172|29
1173|5
1174|16
1175|1
1176|27
1177|32
1178|32
1179|8
1180|10
1181|36
1182|18
1183|48
1184|32
1185|14
1186|6
1187|26
1188|24
1189|10
1190|47
1191|9
1192|45
1193|5
1194|40
1195|42
1196|7
1197|35
1198|46
1199|22
1200|31
1201|7
1202|36
1203|35
1204|10
1205|44
1206|39
1207|37
1208|1
1209|27
1210|40
1211|40
1212|19
1213|47
1214|10
1215|41
1216|43
1217|24
1218|18
1219|17
1220|19
1221|32
1222|15
1223|20
1224|12
1225|44
1226|44
1227|13
1228|21
1229|20
1230|39
1231|31
1232|25
1233|29
1234|10
1235|48
1236|16
1237|12
1238|39
1239|27
1240|18
1241|46
1242|48
1243|15
1244|8
1245|12
1246|24
1247|3
1248|39
1249|5
1250|40
1251|45
1252|32
1253|45
1254|23
1255|2
1256|39
1257|48
1258|40
1259|31
1260|10
1261|39
1262|38
1263|4
1264|12
1265|45
1266|30
1267|4
1268|11
1269|21
1270|13
1271|33
1272|41
1273|38
1274|23
1275|44
1276|6
1277|25
1278|42
1279|44
1280|27
1281|44
1282|11
1283|29
1284|18
1285|31
1286|40
1287|27
1288|33
1289|31
1290|17
1291|11
1292|42
1293|47
1294|25
1295|43
1296|1
1297|39
1298|28
1299|18
1300|44
1301|30
1302|6
1303|8
1304|28
1305|40
1306|2
1307|28
1308|29
1309|15
1310|21
1311|49
1312|22
1313|46
1314|48
1315|40
1316|17
1317|22
1318|47
1319|5
1320|1
1321|35
1322|44
1323|13
1324|13
1325|6
1326|5
1327|22
1328|35
1329|20
1330|41
1331|29
1332|16
1333|30
1334|40
1335|28
1336|18
1337|34
1338|41
1339|2
1340|35
1341|4
1342|11
1343|43
1344|48
1345|26
1346|6
1347|36
1348|5
1349|19
1350|48
1351|8
1352|40
1353|46
1354|0
1355|2
1356|31
1357|8
1358|18
1359|34
1360|47
1361|29
1362|18
1363|26
1364|3
1365|7
1366|0
1367|47
1368|24
1369|4
1370|12
1371|16
1372|44
1373|7
1374|26
1375|48
1376|20
1377|42
1378|15
1379|12
1380|45
1381|44
1382|41
1383|24
1384|5
1385|13
1386|5
1387|43
1388|46
1389|46
1390|15
1391|21
1392|30
1393|39
1394|34
1395|28
1396|2
1397|23
1398|5
1399|19
1400|47
1401|39
1402|31
1403|16
1404|40
1405|21
1406|14
1407|9
1408|23
1409|10
1410|18
1411|38
1412|4
1413|23
1414|36
1415|45
1416|6
1417|28
1418|39
1419|7
1420|16
1421|27
1422|36
1423|44
1424|11
1425|10
1426|21
1427|0
1428|3
1429|27
1430|26
1431|4
1432|30
1433|44
1434|28
1435|35
1436|43
1437|18
1438|32
1439|15
1440|22
1441|11
1442|46
1443|21
1444|4
1445|17
1446|3
1447|37
1448|12
1449|0
1450|19
1451|47
1452|13
1453|15
1454|31
1455|49
1456|35
1457|26
1458|41
1459|0
1460|25
1461|37
1462|13
1463|18
1464|49
1465|13
1466|36
1467|19
1468|26
1469|6
1470|23
1471|14
1472|26
1473|12
1474|3
1475|49
1476|24
1477|35
1478|5
1479|0
1480|34
1481|48
1482|29
1483|38
1484|16
1485|46
1486|10
1487|18
1488|36
1489|2
1490|22
1491|36
1492|24
1493|10
1494|0
1495|34
1496|37
1497|39
1498|2
1499|0
1500|27
