0|42
1|44
2|21
3|12
4|4
5|18
6|33
7|44
8|12
9|33
10|36
11|11
12|12
13|11
14|35
15|23
16|31
17|46
18|19
19|33
20|27
21|4
22|2
23|12
24|18
25|31
26|4
27|48
28|36
29|16
30|24
31|38
32|21
33|44
34|30
35|41
36|32
37|29
38|38
39|8
40|44
41|12
42|35
43|35
44|36
45|2
46|43
47|24
48|36
49|38
50|23
51|42
52|4
53|1
54|9
55|33
56|24
57|18
58|16
59|23
60|27
61|44
62|1
63|45
64|48
65|39
66|16
67|34
68|2
69|33
70|28
71|48
72|21
73|46
74|27
75|19
76|20
77|11
78|46
79|17
80|15
81|7
82|21
83|45
84|38
85|25
86|6
87|10
88|26
89|44
90|21
91|23
92|2
93|12
94|31
95|24
96|34
97|12
98|40
99|37
100|21
101|11
102|27
103|5
104|27
105|49
106|36
107|23
108|31
109|41
110|36
111|49
112|22
113|24
114|18
115|31
116|9
117|45
118|25
119|23
120|42
121|27
122|44
123|45
124|45
125|5
126|14
127|36
128|37
129|13
130|9
131|39
132|14
133|32
134|45
135|20
136|12
137|15
138|38
139|37
140|38
141|26
142|9
143|36
144|18
145|21
146|20
147|28
148|14
149|32
150|38
151|28
152|42
153|43
154|6
155|11
156|10
157|17
158|26
159|46
160|3
161|9
162|34
163|30
164|29
165|20
166|35
167|23
168|33
169|32
170|43
171|6
172|44
173|24
174|21
175|24
176|17
177|16
178|10
179|42
180|1
181|23
182|5
183|32
184|3
185|22
186|16
187|15
188|43
189|2
190|29
191|8
192|36
193|34
194|22
195|47
196|45
197|38
198|14
199|32
200|8
201|10
202|46
203|5
204|33
205|24
206|22
207|42
208|3
209|49
210|33
211|46
212|46
213|31
214|13
215|32
216|27
217|46
218|17
219|10
220|10
221|29
222|19
223|22
224|42
225|8
226|9
227|49
228|25
229|22
230|26
231|21
232|37
233|31
234|7
235|9
236|1
237|38
238|46
239|3
240|43
241|22
242|31
243|21
244|38
245|45
246|32
247|8
248|4
249|9
250|26
251|13
252|44
253|13
254|27
255|49
256|4
257|31
258|6
259|34
260|2
261|19
262|42
263|35
264|11
265|31
266|49
267|30
268|49
269|18
270|20
271|1
272|39
273|18
274|31
275|32
276|24
277|29
278|44
279|44
280|13
281|39
282|15
283|4
284|33
285|19
286|23
287|27
288|38
289|0
290|48
291|37
292|14
293|29
294|26
295|45
296|14
297|14
298|35
299|34
300|9
301|9
302|26
303|36
304|35
305|23
306|48
307|23
308|2
309|9
310|29
311|24
312|22
313|46
314|23
315|42
316|5
317|1
318|16
319|40
320|22
321|20
322|27
323|14
324|30
325|7
326|46
327|31
328|42
329|12
330|5
331|10
332|1
333|8
334|36
335|1
336|32
337|12
338|25
339|28
340|21
341|49
342|41
343|15
344|42
345|6
346|1
347|6
348|33
349|40
350|15
351|5
352|49
353|10
354|30
355|5
356|35
357|17
358|14
359|11
360|22
361|1
362|6
363|5
364|45
365|31
366|14
367|8
368|28
369|14
370|43
371|8
372|2
373|21
374|25
375|2
376|15
377|26
378|0
379|28
380|46
381|39
382|29
383|1
384|13
385|23
386|45
387|36
388|23
389|40
390|15
391|5
392|2
393|34
394|22
395|36
396|15
397|40
398|14
399|1
400|25
401|17
402|23
403|20
404|34
405|28
406|44
407|25
408|9
409|28
410|31
411|42
412|6
413|9
414|27
415|26
416|28
417|15
418|38
419|13
420|17
421|36
422|49
423|36
424|32
425|25
426|47
427|3
428|11
429|34
430|9
431|21
432|35
433|12
434|38
435|35
436|12
437|5
438|32
439|12
440|2
441|13
442|31
443|19
444|40
445|0
446|39
447|26
448|7
449|6
450|0
451|30
452|22
453|10
454|26
455|25
456|34
457|45
458|15
459|36
460|1
461|7
462|33
463|9
464|19
465|33
466|32
467|3
468|40
469|13
470|1
471|18
472|18
473|25
474|34
475|24
476|7
477|46
478|26
479|23
480|36
481|4
482|46
483|40
484|8
485|43
486|34
487|8
488|33
489|24
490|14
491|36
492|48
493|47
494|14
495|15
496|32
497|28
498|38
499|22
500|41
501|44
502|43
503|18
504|6
505|13
506|17
507|49
508|26
509|44
510|30
511|6
512|21
513|22
514|46
515|28
516|4
517|16
518|39
519|9
520|7
521|5
522|19
523|4
524|49
525|29
526|4
527|25
528|35
529|15
530|47
531|44
532|9
533|41
534|29
535|31
536|15
537|31
538|41
539|1
540|42
541|33
542|37
543|24
544|5
545|13
546|8
547|1
548|31
549|42
550|14
551|39
552|34
553|26
554|44
555|14
556|11
557|33
558|47
559|16
560|22
561|49
562|44
563|34
564|37
565|28
566|37
567|18
568|7
569|42
570|10
571|17
572|21
573|36
574|38
575|33
576|20
577|29
578|0
579|35
580|17
581|4
582|15
583|35
584|7
585|28
586|26
587|22
588|42
589|0
590|21
591|30
592|13
593|48
594|32
595|24
596|34
597|36
598|4
599|12
600|48
601|15
602|42
603|13
604|25
605|26
606|43
607|9
608|16
609|13
610|9
611|32
612|19
613|49
614|20
615|49
616|0
617|12
618|18
619|29
620|13
621|34
622|40
623|46
624|6
625|33
626|19
627|10
628|2
629|3
630|38
631|11
632|48
633|10
634|38
635|21
636|1
637|16
638|47
639|7
640|16
641|11
642|42
643|32
644|28
645|40
646|13
647|43
648|44
649|2
650|21
651|10
652|19
653|26
654|23
655|10
656|8
657|48
658|16
659|12
660|24
661|38
662|7
663|10
664|37
665|25
666|32
667|26
668|21
669|33
670|35
671|28
672|44
673|21
674|33
675|44
676|29
677|46
678|40
679|12
680|23
681|30
682|30
683|9
684|27
685|28
686|21
687|34
688|10
689|16
690|20
691|13
692|3
693|4
694|49
695|45
696|16
697|18
698|33
699|17
700|47
701|37
702|7
703|2
704|42
705|8
706|10
707|23
708|40
709|17
710|19
711|16
712|11
713|8
714|47
715|17
716|27
717|47
718|21
719|19
720|3
721|41
722|18
723|47
724|8
725|18
726|40
727|28
728|15
729|43
730|40
731|36
732|39
733|8
734|37
735|19
736|5
737|4
738|41
739|24
740|2
741|27
742|42
743|9
744|34
745|28
746|31
747|31
748|47
749|46
750|39
751|46
752|29
753|39
754|41
755|49
756|23
757|26
758|49
759|31
760|37
761|16
762|1
763|29
764|0
765|9
766|0
767|13
768|41
769|26
770|49
771|48
772|14
773|15
774|12
775|4
776|28
777|10
778|9
779|11
780|45
781|6
782|2
783|27
784|30
785|24
786|11
787|35
788|3
789|24
790|44
791|31
792|8
793|45
794|9
795|3
796|5
797|8
798|28
799|11
800|22
801|30
802|17
803|11
804|8
805|27
806|11
807|35
808|10
809|2
810|20
811|35
812|20
813|4
814|22
815|40
816|32
817|18
818|21
819|42
820|41
821|31
822|41
823|1
824|18
825|30
826|28
827|31
828|25
829|8
830|37
831|38
832|2
833|36
834|49
835|15
836|15
837|22
838|37
839|39
840|21
841|9
842|17
843|34
844|8
845|43
846|11
847|12
848|17
849|11
850|22
851|47
852|37
853|36
854|38
855|33
856|12
857|37
858|48
859|20
860|24
861|3
862|49
863|16
864|14
865|34
866|13
867|30
868|24
869|35
870|3
871|43
872|47
873|46
874|12
875|23
876|37
877|4
878|19
879|5
880|42
881|1
882|17
883|14
884|12
885|5
886|16
887|0
888|18
889|43
890|1
891|26
892|1
893|6
894|6
895|43
896|38
897|10
898|22
899|43
900|1
901|26
902|29
903|25
904|34
905|45
906|22
907|16
908|22
909|47
910|32
911|23
912|33
913|34
914|19
915|2
916|49
917|20
918|15
919|26
920|42
921|40
922|29
923|19
924|29
925|9
926|44
927|2
928|22
929|3
930|22
931|45
932|17
933|8
934|9
935|25
936|38
937|19
938|10
939|0
940|28
941|32
942|44
943|45
944|0
945|20
946|33
947|47
948|22
949|20
950|0
951|35
952|24
953|35
954|11
955|12
956|6
957|1
958|24
959|41
960|41
961|45
962|0
963|13
964|3
965|11
966|15
967|33
968|45
969|34
970|25
971|20
972|2
973|10
974|14
975|12
976|48
977|7
978|33
979|27
980|38
981|16
982|2
983|34
984|38
985|42
986|17
987|26
988|17
989|29
990|46
991|14
992|21
993|11
994|7
995|9
996|29
997|14
998|31
999|24
1000|42
1001|37
1002|42
1003|36
1004|40
1005|39
1006|34
1007|0
1008|23
1009|17
1010|8
1011|37
1012|36
1013|29
1014|18
1015|15
1016|39
1017|10
1018|46
1019|36
1020|23
1021|12
1022|28
1023|12
1024|20
1025|15
1026|45
1027|33
1028|34
1029|20
1030|19
1031|17
1032|49
1033|0
1034|43
1035|2
1036|15
1037|13
1038|6
1039|7
1040|14
1041|3
1042|33
1043|34
1044|32
1045|29
1046|37
1047|27
1048|42
1049|19
1050|1
1051|30
1052|32
1053|1
1054|32
1055|18
1056|39
1057|23
1058|35
1059|45
1060|43
1061|0
1062|21
1063|42
1064|23
1065|8
1066|5
1067|43
1068|48
1069|7
1070|27
1071|48
1072|7
1073|17
1074|32
1075|23
1076|37
1077|7
1078|29
1079|38
1080|33
1081|49
1082|7
1083|22
1084|15
1085|43
1086|46
1087|9
1088|10
1089|41
1090|26
1091|21
1092|38
1093|27
1094|35
1095|27
1096|42
1097|23
1098|36
1099|14
1100|37
1101|13
1102|10
1103|30
1104|44
1105|38
1106|13
1107|40
1108|14
1109|15
1110|7
1111|4
1112|22
1113|7
1114|43
1115|17
1116|9
1117|29
1118|3
1119|10
1120|25
1121|28
1122|41
1123|19
1124|2
1125|28
1126|28
1127|31
1128|38
1129|37
1130|36
1131|11
1132|11
1133|12
1134|37
1135|48
1136|42
1137|32
1138|19
1139|25
1140|45
1141|6
1142|17
1143|20
1144|5
1145|3
1146|39
1147|20
1148|48
1149|10
1150|13
1151|17
1152|17
1153|2
1154|43
1155|42
1156|38
1157|28
1158|48
1159|10
1160|37
1161|4
1162|3
1163|21
1164|29
1165|35
1166|3
1167|41
1168|27
1169|38
1170|40
1171|15
1172|15
1173|18
1174|33
1175|13
1176|18
1177|4
1178|30
1179|17
1180|43
1181|47
1182|0
1183|16
1184|46
1185|46
1186|39
1187|8
1188|40
1189|13
1190|25
1191|24
1192|17
1193|4
1194|29
1195|2
1196|16
1197|11
1198|6
1199|22
1200|45
1201|18
1202|21
1203|45
1204|33
1205|40
1206|34
1207|29
1208|22
1209|48
1210|15
1211|42
1212|37
1213|16
1214|22
1215|17
1216|44
1217|25
1218|37
1219|8
1220|49
1221|35
1222|0
1223|37
1224|21
1225|43
1226|45
1227|20
1228|18
1229|44
1230|10
1231|25
1232|22
1233|28
1234|23
1235|44
1236|22
1237|33
1238|46
1239|24
1240|9
1241|7
1242|45
1243|12
1244|10
1245|16
1246|9
1247|32
1248|43
1249|39
1250|44
1251|37
1252|24
1253|33
1254|15
1255|43
1256|16
1257|37
1258|23
1259|17
1260|43
1261|34
1262|14
1263|28
1264|8
1265|40
1266|42
1267|28
1268|13
1269|46
1270|48
1271|9
1272|39
1273|27
1274|43
1275|44
1276|5
1277|7
1278|1
1279|30
1280|34
1281|40
1282|44
1283|9
1284|10
1285|43
1286|32
1287|36
1288|40
1289|20
1290|16
1291|11
1292|48
1293|22
1294|46
1295|27
1296|4
1297|34
1298|31
1299|37
1300|40
1301|2
1302|7
1303|34
1304|27
1305|39
1306|11
1307|8
1308|7
1309|28
1310|13
1311|15
1312|43
1313|0
1314|29
1315|17
1316|14
1317|41
1318|41
1319|22
1320|23
1321|6
1322|3
1323|16
1324|45
1325|47
1326|3
1327|4
1328|1
1329|10
1330|30
1331|34
1332|41
1333|2
1334|31
1335|36
1336|21
1337|35
1338|28
1339|41
1340|46
1341|29
1342|49
1343|7
1344|4
1345|29
1346|17
1347|21
1348|10
1349|0
1350|4
1351|3
1352|45
1353|1
1354|16
1355|16
1356|32
1357|0
1358|20
1359|45
1360|31
1361|6
1362|40
1363|22
1364|23
1365|9
1366|32
1367|35
1368|42
1369|24
1370|25
1371|12
1372|47
1373|27
1374|9
1375|27
1376|38
1377|37
1378|13
1379|21
1380|36
1381|2
1382|21
1383|23
1384|36
1385|37
1386|6
1387|9
1388|39
1389|6
1390|1
1391|30
1392|40
1393|32
1394|11
1395|39
1396|19
1397|24
1398|33
1399|11
1400|42
1401|48
1402|1
1403|45
1404|9
1405|0
1406|47
1407|36
1408|19
1409|10
1410|13
1411|13
1412|49
1413|0
1414|38
1415|32
1416|41
1417|47
1418|37
1419|27
1420|23
1421|9
1422|48
1423|0
1424|10
1425|26
1426|25
1427|27
1428|14
1429|6
1430|6
1431|15
1432|1
1433|27
1434|23
1435|36
1436|25
1437|29
1438|43
1439|2
1440|24
1441|36
1442|41
1443|37
1444|8
1445|35
1446|24
1447|42
1448|44
1449|21
1450|5
1451|1
1452|3
1453|13
1454|26
1455|35
1456|21
1457|6
1458|3
1459|17
1460|18
1461|38
1462|21
1463|44
1464|17
1465|23
1466|7
1467|30
1468|38
1469|48
1470|4
1471|27
1472|47
1473|21
1474|39
1475|45
1476|2
1477|22
1478|3
1479|28
1480|6
1481|40
1482|48
1483|15
1484|6
1485|49
1486|27
1487|7
1488|2
1489|18
1490|31
1491|44
1492|0
1493|31
1494|30
1495|2
1496|46
1497|13
1498|48
1499|2
1500|38
