0|6
1|9
2|27
3|40
4|36
5|18
6|1
7|40
8|46
9|21
10|49
11|26
12|2
13|1
14|40
15|49
16|24
17|30
18|46
19|28
20|1
21|23
22|22
23|15
24|29
25|21
26|46
27|31
28|37
29|11
30|26
31|31
32|48
33|38
34|25
35|36
36|15
37|4
38|7
39|14
40|6
41|34
42|49
43|48
44|25
45|21
46|1
47|36
48|18
49|22
50|48
51|36
52|6
53|32
54|17
55|2
56|35
57|31
58|14
59|38
60|16
61|20
62|41
63|18
64|32
65|13
66|3
67|31
68|27
69|38
70|31
71|22
72|27
73|22
74|15
75|2
76|37
77|9
78|5
79|26
80|31
81|19
82|27
83|22
84|40
85|21
86|3
87|1
88|47
89|3
90|19
91|12
92|40
93|14
94|12
95|31
96|41
97|9
98|33
99|35
100|18
101|13
102|28
103|36
104|28
105|37
106|19
107|3
108|18
109|33
110|43
111|11
112|41
113|1
114|41
115|41
116|10
117|5
118|19
119|40
120|22
121|10
122|37
123|23
124|24
125|5
126|45
127|19
128|12
129|12
130|32
131|3
132|24
133|43
134|13
135|31
136|40
137|37
138|3
139|22
140|46
141|47
142|31
143|38
144|23
145|24
146|47
147|15
148|19
149|15
150|14
151|48
152|42
153|21
154|0
155|20
156|42
157|20
158|33
159|18
160|12
161|14
162|14
163|46
164|32
165|5
166|45
167|32
168|25
169|44
170|11
171|14
172|26
173|14
174|33
175|21
176|44
177|19
178|9
179|22
180|3
181|11
182|2
183|0
184|47
185|10
186|14
187|48
188|48
189|30
190|40
191|18
192|22
193|15
194|33
195|39
196|32
197|30
198|49
199|41
200|35
201|49
202|2
203|27
204|3
205|45
206|20
207|42
208|44
209|29
210|28
211|13
212|3
213|12
214|45
215|46
216|23
217|17
218|45
219|48
220|43
221|27
222|24
223|13
224|34
225|48
226|0
227|25
228|25
229|42
230|23
231|3
232|23
233|36
234|6
235|6
236|45
237|27
238|5
239|35
240|47
241|49
242|5
243|18
244|43
245|39
246|48
247|15
248|49
249|19
250|32
251|49
252|16
253|40
254|24
255|33
256|4
257|44
258|33
259|9
260|42
261|42
262|28
263|20
264|36
265|39
266|16
267|26
268|1
269|23
270|1
271|4
272|36
273|48
274|48
275|38
276|30
277|24
278|48
279|42
280|40
281|31
282|33
283|49
284|29
285|46
286|45
287|9
288|25
289|26
290|3
291|15
292|41
293|7
294|20
295|38
296|20
297|33
298|26
299|32
300|16
301|13
302|32
303|0
304|11
305|15
306|36
307|18
308|26
309|18
310|48
311|31
312|8
313|45
314|45
315|9
316|32
317|33
318|10
319|25
320|22
321|42
322|3
323|34
324|8
325|17
326|12
327|36
328|45
329|26
330|0
331|21
332|42
333|4
334|27
335|41
336|20
337|11
338|18
339|14
340|49
341|30
342|9
343|27
344|27
345|29
346|40
347|40
348|9
349|30
350|0
351|37
352|29
353|16
354|39
355|7
356|32
357|1
358|30
359|48
360|45
361|29
362|39
363|35
364|1
365|41
366|26
367|7
368|14
369|8
370|2
371|37
372|23
373|49
374|29
375|22
376|46
377|17
378|3
379|49
380|20
381|16
382|20
383|43
384|18
385|14
386|33
387|37
388|44
389|20
390|39
391|20
392|43
393|20
394|21
395|13
396|32
397|14
398|43
399|16
400|28
401|0
402|16
403|32
404|12
405|25
406|24
407|47
408|24
409|31
410|16
411|11
412|13
413|42
414|43
415|21
416|1
417|13
418|31
419|7
420|16
421|0
422|34
423|16
424|22
425|9
426|9
427|30
428|48
429|43
430|15
431|10
432|44
433|14
434|30
435|6
436|38
437|0
438|27
439|25
440|5
441|7
442|41
443|28
444|31
445|16
446|35
447|7
448|35
449|13
450|7
451|45
452|31
453|22
454|30
455|46
456|34
457|27
458|10
459|17
460|33
461|35
462|6
463|6
464|12
465|22
466|4
467|18
468|29
469|7
470|43
471|11
472|9
473|31
474|22
475|9
476|3
477|13
478|19
479|5
480|9
481|46
482|49
483|34
484|26
485|7
486|28
487|1
488|9
489|11
490|18
491|49
492|42
493|38
494|30
495|32
496|15
497|47
498|2
499|31
500|25
501|49
502|3
503|45
504|30
505|18
506|16
507|49
508|5
509|2
510|1
511|22
512|5
513|49
514|29
515|15
516|31
517|44
518|27
519|16
520|12
521|33
522|49
523|34
524|36
525|16
526|40
527|18
528|1
529|13
530|32
531|19
532|44
533|3
534|21
535|46
536|27
537|2
538|45
539|35
540|39
541|43
542|44
543|44
544|17
545|36
546|1
547|7
548|44
549|37
550|4
551|19
552|32
553|15
554|5
555|1
556|31
557|43
558|43
559|14
560|32
561|4
562|8
563|47
564|49
565|22
566|40
567|20
568|5
569|28
570|32
571|28
572|1
573|35
574|10
575|41
576|46
577|45
578|37
579|1
580|14
581|22
582|16
583|23
584|25
585|35
586|0
587|45
588|35
589|9
590|20
591|26
592|28
593|37
594|22
595|44
596|16
597|22
598|38
599|5
600|2
601|34
602|9
603|36
604|25
605|17
606|34
607|4
608|41
609|21
610|42
611|17
612|34
613|11
614|40
615|14
616|47
617|21
618|48
619|35
620|27
621|22
622|30
623|26
624|19
625|32
626|49
627|3
628|0
629|6
630|18
631|31
632|32
633|4
634|5
635|34
636|35
637|3
638|30
639|12
640|16
641|38
642|7
643|6
644|12
645|21
646|45
647|7
648|32
649|43
650|17
651|6
652|36
653|12
654|3
655|20
656|29
657|19
658|8
659|27
660|16
661|19
662|24
663|12
664|48
665|8
666|4
667|27
668|46
669|0
670|36
671|33
672|15
673|44
674|38
675|45
676|43
677|4
678|10
679|16
680|9
681|31
682|41
683|29
684|36
685|9
686|42
687|5
688|28
689|0
690|15
691|46
692|20
693|3
694|5
695|13
696|33
697|14
698|47
699|42
700|39
701|47
702|13
703|8
704|8
705|0
706|28
707|37
708|12
709|28
710|20
711|38
712|25
713|46
714|4
715|12
716|0
717|13
718|43
719|21
720|26
721|7
722|33
723|45
724|33
725|21
726|2
727|46
728|45
729|21
730|30
731|24
732|32
733|16
734|1
735|20
736|28
737|46
738|1
739|1
740|3
741|8
742|2
743|46
744|46
745|38
746|43
747|28
748|41
749|8
750|37
751|46
752|23
753|45
754|10
755|33
756|35
757|36
758|46
759|29
760|0
761|28
762|21
763|28
764|25
765|32
766|46
767|41
768|48
769|6
770|47
771|17
772|28
773|35
774|44
775|4
776|20
777|36
778|44
779|22
780|17
781|16
782|39
783|45
784|5
785|49
786|26
787|5
788|48
789|10
790|44
791|0
792|36
793|33
794|4
795|28
796|33
797|16
798|43
799|6
800|44
801|28
802|31
803|20
804|18
805|10
806|3
807|36
808|13
809|38
810|28
811|4
812|12
813|21
814|31
815|2
816|30
817|17
818|16
819|34
820|30
821|6
822|31
823|9
824|24
825|0
826|2
827|3
828|9
829|38
830|33
831|35
832|36
833|47
834|7
835|25
836|36
837|14
838|49
839|17
840|6
841|38
842|33
843|6
844|37
845|19
846|38
847|1
848|39
849|13
850|18
851|39
852|15
853|17
854|38
855|47
856|25
857|7
858|23
859|30
860|46
861|45
862|14
863|17
864|37
865|35
866|28
867|29
868|44
869|43
870|41
871|17
872|34
873|43
874|22
875|29
876|5
877|18
878|0
879|4
880|42
881|45
882|29
883|12
884|25
885|35
886|8
887|44
888|23
889|32
890|42
891|48
892|12
893|6
894|28
895|2
896|19
897|10
898|24
899|27
900|9
901|27
902|49
903|24
904|7
905|23
906|41
907|27
908|20
909|49
910|41
911|25
912|23
913|49
914|45
915|4
916|5
917|3
918|8
919|30
920|42
921|48
922|46
923|36
924|21
925|23
926|6
927|42
928|32
929|31
930|47
931|16
932|40
933|19
934|44
935|12
936|36
937|18
938|12
939|49
940|2
941|16
942|6
943|42
944|31
945|18
946|8
947|20
948|44
949|6
950|34
951|7
952|48
953|5
954|15
955|6
956|0
957|9
958|44
959|44
960|44
961|20
962|49
963|42
964|25
965|11
966|1
967|41
968|3
969|12
970|16
971|28
972|30
973|27
974|36
975|7
976|30
977|28
978|40
979|21
980|19
981|10
982|21
983|47
984|24
985|48
986|34
987|27
988|16
989|41
990|8
991|44
992|1
993|45
994|44
995|16
996|18
997|13
998|7
999|1
1000|18
1001|21
1002|17
1003|34
1004|39
1005|3
1006|28
1007|1
1008|48
1009|15
1010|31
1011|46
1012|20
1013|14
1014|5
1015|19
1016|29
1017|47
1018|14
1019|42
1020|15
1021|20
1022|43
1023|8
1024|21
1025|49
1026|12
1027|1
1028|38
1029|29
1030|33
1031|39
1032|24
1033|4
1034|18
1035|32
1036|20
1037|23
1038|43
1039|46
1040|21
1041|34
1042|5
1043|37
1044|5
1045|15
1046|25
1047|5
1048|49
1049|16
1050|11
1051|24
1052|21
1053|15
1054|15
1055|16
1056|40
1057|48
1058|15
1059|18
1060|40
1061|28
1062|24
1063|33
1064|1
1065|18
1066|21
1067|34
1068|13
1069|42
1070|8
1071|26
1072|45
1073|23
1074|17
1075|29
1076|24
1077|36
1078|29
1079|0
1080|10
1081|0
1082|7
1083|26
1084|39
1085|8
1086|35
1087|0
1088|38
1089|26
1090|24
1091|34
1092|2
1093|23
1094|35
1095|45
1096|46
1097|16
1098|8
1099|6
1100|46
1101|46
1102|6
1103|3
1104|22
1105|25
1106|41
1107|41
1108|42
1109|21
1110|26
1111|49
1112|45
1113|45
1114|24
1115|25
1116|38
1117|17
1118|13
1119|22
1120|45
1121|10
1122|49
1123|17
1124|28
1125|43
1126|39
1127|21
1128|30
1129|37
1130|21
1131|47
1132|30
1133|30
1134|12
1135|27
1136|9
1137|32
1138|14
1139|38
1140|6
1141|21
1142|40
1143|49
1144|21
1145|5
1146|14
1147|3
1148|3
1149|35
1150|46
1151|30
1152|5
1153|26
1154|33
1155|12
1156|19
1157|46
1158|49
1159|15
1160|4
1161|26
1162|40
1163|42
1164|32
1165|25
1166|17
1167|37
1168|14
1169|48
1170|26
1171|5
1172|37
1173|23
1174|12
1175|33
1176|8
1177|6
1178|26
1179|23
1180|40
1181|39
1182|26
1183|9
1184|48
1185|44
1186|48
1187|42
1188|40
1189|7
1190|44
1191|30
1192|43
1193|8
1194|30
1195|1
1196|13
1197|25
1198|0
1199|17
1200|3
1201|26
1202|43
1203|12
1204|45
1205|17
1206|44
1207|25
1208|36
1209|2
1210|41
1211|48
1212|15
1213|16
1214|34
1215|47
1216|43
1217|2
1218|2
1219|46
1220|39
1221|29
1222|49
1223|6
1224|10
1225|42
1226|41
1227|26
1228|5
1229|23
1230|38
1231|25
1232|37
1233|29
1234|40
1235|18
1236|30
1237|32
1238|49
1239|22
1240|18
1241|6
1242|15
1243|42
1244|15
1245|5
1246|15
1247|44
1248|34
1249|9
1250|10
1251|49
1252|3
1253|16
1254|4
1255|41
1256|10
1257|14
1258|46
1259|49
1260|44
1261|20
1262|9
1263|1
1264|30
1265|14
1266|11
1267|8
1268|14
1269|40
1270|4
1271|10
1272|16
1273|43
1274|36
1275|28
1276|3
1277|6
1278|32
1279|0
1280|13
1281|2
1282|4
1283|12
1284|37
1285|41
1286|2
1287|15
1288|2
1289|28
1290|19
1291|16
1292|32
1293|49
1294|42
1295|29
1296|46
1297|14
1298|7
1299|13
1300|25
1301|10
1302|30
1303|39
1304|38
1305|43
1306|44
1307|24
1308|3
1309|19
1310|48
1311|41
1312|43
1313|10
1314|25
1315|5
1316|11
1317|27
1318|37
1319|24
1320|7
1321|35
1322|42
1323|27
1324|12
1325|4
1326|49
1327|32
1328|46
1329|36
1330|27
1331|22
1332|5
1333|34
1334|6
1335|0
1336|7
1337|46
1338|40
1339|25
1340|25
1341|27
1342|38
1343|10
1344|9
1345|21
1346|6
1347|31
1348|28
1349|48
1350|12
1351|38
1352|36
1353|39
1354|20
1355|31
1356|37
1357|35
1358|15
1359|32
1360|39
1361|33
1362|41
1363|16
1364|3
1365|16
1366|43
1367|43
1368|20
1369|48
1370|42
1371|31
1372|23
1373|33
1374|33
1375|19
1376|9
1377|29
1378|25
1379|13
1380|46
1381|9
1382|11
1383|17
1384|45
1385|22
1386|9
1387|24
1388|36
1389|19
1390|14
1391|25
1392|43
1393|31
1394|39
1395|9
1396|26
1397|10
1398|38
1399|9
1400|39
1401|11
1402|14
1403|10
1404|21
1405|22
1406|44
1407|0
1408|27
1409|4
1410|0
1411|8
1412|25
1413|19
1414|27
1415|34
1416|2
1417|21
1418|18
1419|49
1420|14
1421|29
1422|25
1423|37
1424|8
1425|6
1426|29
1427|0
1428|42
1429|29
1430|0
1431|1
1432|8
1433|16
1434|25
1435|11
1436|17
1437|37
1438|10
1439|19
1440|3
1441|11
1442|9
1443|31
1444|35
1445|44
1446|1
1447|27
1448|25
1449|30
1450|12
1451|7
1452|21
1453|22
1454|49
1455|40
1456|49
1457|3
1458|32
1459|28
1460|43
1461|26
1462|10
1463|23
1464|6
1465|31
1466|25
1467|6
1468|8
1469|26
1470|35
1471|41
1472|36
1473|7
1474|10
1475|34
1476|34
1477|31
1478|36
1479|48
1480|41
1481|21
1482|33
1483|17
1484|7
1485|5
1486|43
1487|33
1488|21
1489|48
1490|33
1491|8
1492|4
1493|14
1494|34
1495|43
1496|29
1497|12
1498|9
1499|36
1500|19
1501|0
1502|2
1503|18
1504|27
1505|13
1506|19
1507|10
1508|8
1509|31
1510|1
1511|36
1512|15
1513|13
1514|4
1515|28
1516|20
1517|40
1518|35
1519|20
1520|36
1521|20
1522|43
1523|45
1524|2
1525|11
1526|21
1527|34
1528|0
1529|34
1530|1
1531|37
1532|4
1533|30
1534|7
1535|11
1536|4
1537|37
1538|44
1539|18
1540|26
1541|2
1542|13
1543|5
1544|44
1545|24
1546|10
1547|35
1548|5
1549|20
1550|39
1551|13
1552|2
1553|43
1554|9
1555|41
1556|24
1557|7
1558|39
1559|2
1560|25
1561|41
1562|9
1563|28
1564|25
1565|28
1566|41
1567|35
1568|45
1569|9
1570|37
1571|41
1572|21
1573|31
1574|19
1575|29
1576|11
1577|24
1578|27
1579|14
1580|9
1581|46
1582|42
1583|2
1584|32
1585|9
1586|19
1587|41
1588|2
1589|19
1590|1
1591|19
1592|4
1593|32
1594|27
1595|8
1596|48
1597|31
1598|34
1599|11
1600|19
1601|31
1602|38
1603|0
1604|19
1605|49
1606|46
1607|16
1608|39
1609|22
1610|49
1611|36
1612|13
1613|4
1614|27
1615|7
1616|44
1617|21
1618|35
1619|0
1620|26
1621|23
1622|1
1623|1
1624|6
1625|21
1626|43
1627|27
1628|19
1629|28
1630|43
1631|18
1632|47
1633|23
1634|44
1635|15
1636|48
1637|43
1638|11
1639|20
1640|24
1641|40
1642|38
1643|4
1644|32
1645|43
1646|28
1647|28
1648|10
1649|31
1650|11
1651|49
1652|35
1653|9
1654|46
1655|46
1656|49
1657|22
1658|35
1659|30
1660|46
1661|25
1662|6
1663|6
1664|17
1665|32
1666|18
1667|7
1668|12
1669|18
1670|37
1671|39
1672|15
1673|34
1674|20
1675|40
1676|42
1677|36
1678|39
1679|38
1680|9
1681|5
1682|2
1683|43
1684|34
1685|11
1686|23
1687|18
1688|24
1689|22
1690|35
1691|48
1692|34
1693|1
1694|0
1695|16
1696|7
1697|8
1698|30
1699|5
1700|21
1701|14
1702|43
1703|5
1704|8
1705|45
1706|28
1707|20
1708|31
1709|13
1710|13
1711|27
1712|30
1713|41
1714|22
1715|35
1716|39
1717|49
1718|45
1719|32
1720|44
1721|13
1722|29
1723|28
1724|32
1725|23
1726|37
1727|8
1728|39
1729|31
1730|25
1731|2
1732|1
1733|11
1734|22
1735|7
1736|41
1737|3
1738|17
1739|19
1740|17
1741|19
1742|45
1743|27
1744|23
1745|25
1746|10
1747|3
1748|16
1749|33
1750|10
1751|42
1752|37
1753|27
1754|34
1755|13
1756|0
1757|29
1758|42
1759|48
1760|22
1761|48
1762|35
1763|45
1764|49
1765|0
1766|7
1767|13
1768|39
1769|14
1770|37
1771|11
1772|37
1773|21
1774|12
1775|4
1776|2
1777|46
1778|12
1779|2
1780|16
1781|15
1782|38
1783|24
1784|3
1785|14
1786|38
1787|45
1788|16
1789|28
1790|12
1791|46
1792|35
1793|15
1794|7
1795|0
1796|38
1797|36
1798|36
1799|19
1800|49
1801|30
1802|35
1803|19
1804|10
1805|27
1806|46
1807|20
1808|43
1809|35
1810|45
1811|37
1812|22
1813|41
1814|30
1815|20
1816|12
1817|40
1818|36
1819|41
1820|21
1821|29
1822|48
1823|5
1824|42
1825|17
1826|35
1827|30
1828|40
1829|0
1830|12
1831|43
1832|11
1833|32
1834|44
1835|18
1836|25
1837|0
1838|40
1839|2
1840|45
1841|40
1842|23
1843|8
1844|0
1845|11
1846|13
1847|26
1848|39
1849|26
1850|26
1851|21
1852|32
1853|22
1854|25
1855|29
1856|47
1857|8
1858|10
1859|4
1860|17
1861|11
1862|9
1863|49
1864|41
1865|15
1866|18
1867|0
1868|0
1869|45
1870|24
1871|18
1872|25
1873|41
1874|2
1875|0
1876|49
1877|47
1878|31
1879|29
1880|19
1881|27
1882|43
1883|9
1884|14
1885|38
1886|30
1887|37
1888|39
1889|8
1890|6
1891|31
1892|32
1893|35
1894|12
1895|30
1896|36
1897|4
1898|2
1899|36
1900|9
1901|25
1902|7
1903|14
1904|31
1905|28
1906|10
1907|43
1908|6
1909|43
1910|40
1911|9
1912|36
1913|2
1914|15
1915|15
1916|13
1917|20
1918|4
1919|28
1920|28
1921|14
1922|3
1923|48
1924|14
1925|42
1926|25
1927|0
1928|0
1929|37
1930|48
1931|39
1932|33
1933|12
1934|15
1935|34
1936|29
1937|5
1938|23
1939|22
1940|49
1941|9
1942|11
1943|14
1944|2
1945|39
1946|45
1947|7
1948|45
1949|27
1950|27
1951|21
1952|6
1953|9
1954|37
1955|16
1956|2
1957|15
1958|35
1959|5
1960|21
1961|43
1962|6
1963|48
1964|41
1965|22
1966|45
1967|6
1968|22
1969|5
1970|39
1971|13
1972|23
1973|27
1974|49
1975|18
1976|7
1977|24
1978|22
1979|18
1980|5
1981|31
1982|24
1983|29
1984|8
1985|48
1986|42
1987|43
1988|42
1989|3
1990|11
1991|43
1992|6
1993|49
1994|20
1995|38
1996|26
1997|15
1998|26
1999|46
2000|49
2001|46
2002|2
2003|16
2004|32
2005|27
2006|17
2007|15
2008|4
2009|27
2010|10
2011|20
2012|6
2013|8
2014|7
2015|0
2016|5
2017|16
2018|12
2019|36
2020|18
2021|37
2022|30
2023|49
2024|38
2025|7
2026|6
2027|20
2028|26
2029|6
2030|47
2031|25
2032|34
2033|34
2034|2
2035|2
2036|34
2037|26
2038|35
2039|3
2040|30
2041|29
2042|7
2043|2
2044|28
2045|30
2046|1
2047|27
2048|41
2049|4
2050|11
2051|8
2052|19
2053|30
2054|41
2055|1
2056|37
2057|25
2058|13
2059|5
2060|25
2061|19
2062|27
2063|23
2064|47
2065|16
2066|1
2067|21
2068|41
2069|18
2070|2
2071|39
2072|3
2073|7
2074|39
2075|25
2076|19
2077|36
2078|37
2079|48
2080|42
2081|29
2082|3
2083|30
2084|16
2085|32
2086|17
2087|18
2088|25
2089|11
2090|41
2091|7
2092|46
2093|46
2094|5
2095|36
2096|4
2097|12
2098|29
2099|26
2100|1
2101|37
2102|8
2103|43
2104|2
2105|16
2106|31
2107|45
2108|8
2109|8
2110|34
2111|11
2112|35
2113|14
2114|26
2115|39
2116|49
2117|36
2118|49
2119|1
2120|12
2121|7
2122|30
2123|33
2124|4
2125|32
2126|8
2127|14
2128|16
2129|29
2130|34
2131|43
2132|28
2133|20
2134|34
2135|25
2136|27
2137|36
2138|42
2139|41
2140|34
2141|30
2142|14
2143|45
2144|37
2145|36
2146|35
2147|27
2148|41
2149|35
2150|20
2151|16
2152|43
2153|46
2154|42
2155|26
2156|49
2157|44
2158|23
2159|7
2160|14
2161|23
2162|32
2163|16
2164|33
2165|4
2166|24
2167|11
2168|44
2169|1
2170|39
2171|23
2172|18
2173|9
2174|32
2175|38
2176|38
2177|31
2178|44
2179|7
2180|14
2181|25
2182|5
2183|47
2184|43
2185|14
2186|48
2187|14
2188|49
2189|7
2190|43
2191|42
2192|26
2193|8
2194|48
2195|8
2196|9
2197|5
2198|27
2199|17
2200|8
2201|3
2202|49
2203|44
2204|18
2205|8
2206|7
2207|27
2208|24
2209|47
2210|40
2211|32
2212|36
2213|7
2214|32
2215|11
2216|40
2217|4
2218|30
2219|28
2220|43
2221|40
2222|36
2223|19
2224|4
2225|19
2226|46
2227|9
2228|10
2229|28
2230|16
2231|26
2232|21
2233|33
2234|34
2235|44
2236|22
2237|6
2238|14
2239|31
2240|34
2241|18
2242|35
2243|15
2244|27
2245|34
2246|3
2247|40
2248|33
2249|44
2250|38
2251|44
2252|14
2253|47
2254|15
2255|16
2256|17
2257|45
2258|25
2259|2
2260|10
2261|44
2262|34
2263|18
2264|14
2265|33
2266|26
2267|45
2268|19
2269|26
2270|16
2271|16
2272|2
2273|39
2274|0
2275|49
2276|17
2277|32
2278|27
2279|26
2280|30
2281|32
2282|38
2283|9
2284|24
2285|26
2286|46
2287|25
2288|14
2289|7
2290|37
2291|47
2292|34
2293|10
2294|47
2295|35
2296|23
2297|41
2298|29
2299|24
2300|8
2301|20
2302|22
2303|34
2304|0
2305|9
2306|27
2307|13
2308|2
2309|24
2310|6
2311|25
2312|39
2313|1
2314|34
2315|47
2316|44
2317|12
2318|4
2319|2
2320|21
2321|20
2322|13
2323|29
2324|7
2325|11
2326|1
2327|37
2328|38
2329|4
2330|8
2331|39
2332|41
2333|38
2334|33
2335|8
2336|1
2337|21
2338|35
2339|41
2340|31
2341|9
2342|48
2343|23
2344|43
2345|29
2346|49
2347|44
2348|33
2349|2
2350|14
2351|42
2352|10
2353|11
2354|33
2355|43
2356|10
2357|23
2358|15
2359|48
2360|24
2361|22
2362|19
2363|44
2364|3
2365|7
2366|48
2367|34
2368|39
2369|17
2370|49
2371|28
2372|35
2373|39
2374|26
2375|34
2376|38
2377|36
2378|29
2379|15
2380|7
2381|7
2382|46
2383|17
2384|39
2385|33
2386|39
2387|23
2388|35
2389|16
2390|34
2391|17
2392|0
2393|23
2394|27
2395|48
2396|23
2397|19
2398|28
2399|28
2400|8
2401|7
2402|15
2403|35
2404|5
2405|35
2406|4
2407|31
2408|31
2409|22
2410|41
2411|36
2412|8
2413|34
2414|29
2415|31
2416|17
2417|20
2418|47
2419|4
2420|38
2421|45
2422|24
2423|30
2424|26
2425|3
2426|36
2427|48
2428|18
2429|14
2430|12
2431|46
2432|0
2433|29
2434|1
2435|7
2436|47
2437|28
2438|27
2439|16
2440|30
2441|44
2442|19
2443|18
2444|31
2445|15
2446|39
2447|16
2448|15
2449|48
2450|4
2451|9
2452|4
2453|26
2454|21
2455|9
2456|22
2457|17
2458|47
2459|42
2460|35
2461|46
2462|41
2463|40
2464|21
2465|0
2466|23
2467|3
2468|41
2469|10
2470|18
2471|41
2472|27
2473|42
2474|36
2475|15
2476|29
2477|33
2478|12
2479|14
2480|15
2481|26
2482|33
2483|33
2484|12
2485|3
2486|26
2487|28
2488|37
2489|16
2490|0
2491|32
2492|3
2493|44
2494|24
2495|2
2496|47
2497|32
2498|19
2499|23
2500|32
2501|28
2502|36
2503|2
2504|19
2505|32
2506|26
2507|47
2508|24
2509|17
2510|35
2511|10
2512|13
2513|6
2514|38
2515|11
2516|48
2517|40
2518|38
2519|19
2520|37
2521|42
2522|39
2523|20
2524|49
2525|35
2526|36
2527|25
2528|37
2529|47
2530|35
2531|40
2532|22
2533|45
2534|0
2535|25
2536|35
2537|23
2538|33
2539|7
2540|27
2541|31
2542|15
2543|18
2544|38
2545|15
2546|39
2547|16
2548|35
2549|22
2550|12
2551|33
2552|13
2553|27
2554|8
2555|7
2556|16
2557|22
2558|37
2559|17
2560|1
2561|28
2562|21
2563|49
2564|36
2565|17
2566|19
2567|1
2568|45
2569|39
2570|17
2571|9
2572|29
2573|36
2574|7
2575|40
2576|0
2577|47
2578|17
2579|45
2580|47
2581|18
2582|38
2583|8
2584|47
2585|37
2586|7
2587|0
2588|47
2589|7
2590|22
2591|22
2592|33
2593|39
2594|23
2595|17
2596|47
2597|5
2598|34
2599|46
2600|21
2601|6
2602|30
2603|36
2604|16
2605|35
2606|10
2607|42
2608|5
2609|6
2610|35
2611|44
2612|47
2613|49
2614|31
2615|26
2616|37
2617|36
2618|0
2619|19
2620|39
2621|47
2622|19
2623|2
2624|20
2625|44
2626|3
2627|23
2628|27
2629|10
2630|22
2631|6
2632|38
2633|23
2634|46
2635|6
2636|14
2637|40
2638|25
2639|10
2640|2
2641|31
2642|35
2643|12
2644|8
2645|37
2646|23
2647|25
2648|16
2649|18
2650|35
2651|22
2652|19
2653|11
2654|31
2655|21
2656|40
2657|48
2658|2
2659|45
2660|5
2661|29
2662|16
2663|1
2664|20
2665|8
2666|25
2667|34
2668|34
2669|36
2670|49
2671|8
2672|48
2673|28
2674|42
2675|44
2676|10
2677|35
2678|0
2679|21
2680|43
2681|38
2682|36
2683|42
2684|35
2685|31
2686|0
2687|46
2688|41
2689|29
2690|7
2691|6
2692|45
2693|42
2694|25
2695|3
2696|27
2697|13
2698|9
2699|37
2700|17
2701|12
2702|9
2703|31
2704|17
2705|47
2706|49
2707|6
2708|13
2709|4
2710|27
2711|20
2712|38
2713|3
2714|33
2715|11
2716|0
2717|42
2718|9
2719|41
2720|27
2721|1
2722|2
2723|49
2724|35
2725|6
2726|20
2727|11
2728|46
2729|1
2730|22
2731|27
2732|29
2733|32
2734|36
2735|49
2736|5
2737|44
2738|28
2739|9
2740|18
2741|22
2742|48
2743|34
2744|33
2745|47
2746|18
2747|16
2748|43
2749|19
2750|11
2751|24
2752|12
2753|15
2754|38
2755|31
2756|2
2757|48
2758|42
2759|1
2760|12
2761|28
2762|1
2763|11
2764|45
2765|23
2766|2
2767|42
2768|35
2769|13
2770|36
2771|40
2772|36
2773|28
2774|3
2775|48
2776|19
2777|28
2778|19
2779|12
2780|34
2781|2
2782|29
2783|41
2784|20
2785|37
2786|1
2787|47
2788|27
2789|14
2790|4
2791|33
2792|37
2793|14
2794|7
2795|38
2796|36
2797|14
2798|10
2799|48
2800|29
2801|37
2802|27
2803|12
2804|9
2805|5
2806|17
2807|0
2808|8
2809|20
2810|9
2811|11
2812|43
2813|16
2814|4
2815|34
2816|22
2817|11
2818|6
2819|17
2820|1
2821|5
2822|14
2823|27
2824|13
2825|43
2826|0
2827|21
2828|0
2829|33
2830|22
2831|25
2832|44
2833|3
2834|0
2835|18
2836|44
2837|5
2838|27
2839|28
2840|6
2841|7
2842|30
2843|28
2844|45
2845|42
2846|1
2847|23
2848|12
2849|13
2850|17
2851|6
2852|9
2853|22
2854|5
2855|39
2856|37
2857|28
2858|23
2859|33
2860|47
2861|9
2862|39
2863|46
2864|10
2865|11
2866|49
2867|7
2868|33
2869|47
2870|12
2871|19
2872|20
2873|20
2874|21
2875|2
2876|39
2877|22
2878|19
2879|37
2880|12
2881|32
2882|23
2883|9
2884|18
2885|1
2886|33
2887|22
2888|5
2889|29
2890|49
2891|36
2892|14
2893|29
2894|9
2895|45
2896|7
2897|23
2898|5
2899|46
2900|47
2901|20
2902|17
2903|3
2904|1
2905|8
2906|34
2907|24
2908|26
2909|47
2910|5
2911|22
2912|34
2913|32
2914|14
2915|9
2916|13
2917|11
2918|28
2919|35
2920|11
2921|4
2922|12
2923|45
2924|48
2925|1
2926|35
2927|6
2928|3
2929|13
2930|24
2931|19
2932|7
2933|6
2934|31
2935|0
2936|23
2937|13
2938|10
2939|47
2940|48
2941|28
2942|24
2943|28
2944|9
2945|13
2946|24
2947|13
2948|45
2949|41
2950|3
2951|14
2952|39
2953|8
2954|15
2955|4
2956|27
2957|18
2958|31
2959|47
2960|44
2961|11
2962|18
2963|25
2964|39
2965|8
2966|7
2967|24
2968|24
2969|1
2970|13
2971|42
2972|33
2973|6
2974|37
2975|27
2976|12
2977|30
2978|23
2979|12
2980|48
2981|39
2982|48
2983|20
2984|1
2985|15
2986|40
2987|7
2988|23
2989|41
2990|15
2991|46
2992|29
2993|48
2994|39
2995|27
2996|1
2997|39
2998|45
2999|27
3000|3
