0|38
1|30
2|11
3|16
4|6
5|36
6|10
7|33
8|18
9|8
10|40
11|32
12|8
13|10
14|19
15|24
16|30
17|27
18|17
19|35
20|15
21|27
22|29
23|24
24|6
25|41
26|1
27|25
28|48
29|18
30|41
31|19
32|2
33|3
34|1
35|15
36|43
37|17
38|30
39|41
40|1
41|33
42|21
43|14
44|5
45|13
46|21
47|21
48|25
49|17
50|32
51|41
52|10
53|28
54|5
55|17
56|48
57|25
58|49
59|41
60|27
61|18
62|17
63|16
64|6
65|48
66|48
67|16
68|27
69|41
70|29
71|33
72|10
73|17
74|48
75|15
76|1
77|3
78|18
79|48
80|23
81|32
82|18
83|39
84|19
85|7
86|42
87|27
88|48
89|21
90|1
91|4
92|4
93|1
94|19
95|33
96|42
97|12
98|40
99|7
100|10
101|32
102|45
103|16
104|30
105|37
106|46
107|33
108|24
109|38
110|33
111|25
112|13
113|18
114|32
115|48
116|8
117|37
118|33
119|48
120|29
121|4
122|9
123|38
124|36
125|9
126|38
127|3
128|18
129|24
130|6
131|23
132|21
133|13
134|35
135|5
136|24
137|44
138|7
139|32
140|5
141|8
142|28
143|2
144|18
145|22
146|24
147|18
148|27
149|46
150|43
151|6
152|16
153|36
154|23
155|29
156|25
157|32
158|49
159|49
160|43
161|45
162|36
163|34
164|13
165|4
166|41
167|24
168|23
169|7
170|27
171|40
172|44
173|44
174|30
175|25
176|17
177|18
178|45
179|49
180|35
181|42
182|39
183|22
184|29
185|18
186|17
187|19
188|29
189|15
190|13
191|27
192|48
193|0
194|32
195|41
196|19
197|23
198|35
199|39
200|15
201|9
202|4
203|47
204|16
205|2
206|42
207|11
208|34
209|37
210|18
211|48
212|28
213|31
214|0
215|23
216|2
217|18
218|33
219|4
220|31
221|6
222|12
223|17
224|14
225|0
226|16
227|15
228|44
229|46
230|10
231|3
232|31
233|31
234|8
235|6
236|35
237|7
238|37
239|19
240|42
241|39
242|8
243|20
244|34
245|5
246|38
247|20
248|32
249|37
250|29
251|6
252|43
253|36
254|45
255|4
256|35
257|36
258|44
259|25
260|21
261|47
262|19
263|37
264|14
265|24
266|24
267|29
268|5
269|45
270|42
271|28
272|24
273|49
274|42
275|27
276|37
277|7
278|30
279|1
280|26
281|39
282|32
283|31
284|47
285|27
286|19
287|5
288|48
289|31
290|5
291|16
292|5
293|37
294|28
295|8
296|6
297|39
298|22
299|36
300|11
301|28
302|49
303|26
304|0
305|19
306|22
307|41
308|31
309|24
310|27
311|16
312|31
313|19
314|48
315|36
316|27
317|41
318|33
319|10
320|48
321|10
322|11
323|19
324|3
325|24
326|21
327|10
328|30
329|23
330|22
331|4
332|32
333|39
334|25
335|37
336|11
337|10
338|1
339|31
340|49
341|14
342|25
343|42
344|32
345|4
346|33
347|3
348|30
349|1
350|10
351|14
352|21
353|15
354|6
355|27
356|43
357|43
358|44
359|1
360|43
361|40
362|6
363|19
364|13
365|40
366|35
367|15
368|21
369|5
370|7
371|23
372|22
373|37
374|45
375|38
376|3
377|41
378|25
379|26
380|43
381|3
382|35
383|34
384|44
385|1
386|48
387|35
388|45
389|32
390|41
391|5
392|22
393|3
394|36
395|17
396|19
397|44
398|32
399|30
400|19
401|45
402|10
403|31
404|12
405|47
406|49
407|36
408|0
409|35
410|10
411|24
412|41
413|14
414|32
415|6
416|28
417|26
418|47
419|6
420|6
421|1
422|40
423|3
424|31
425|20
426|39
427|45
428|11
429|30
430|47
431|22
432|5
433|23
434|1
435|6
436|21
437|25
438|44
439|4
440|44
441|3
442|31
443|42
444|36
445|47
446|0
447|11
448|21
449|23
450|17
451|1
452|16
453|33
454|48
455|34
456|20
457|22
458|23
459|4
460|30
461|48
462|45
463|40
464|19
465|28
466|14
467|23
468|43
469|21
470|32
471|12
472|4
473|32
474|28
475|44
476|22
477|10
478|26
479|33
480|28
481|48
482|36
483|34
484|15
485|20
486|47
487|17
488|6
489|41
490|10
491|2
492|20
493|28
494|48
495|1
496|29
497|41
498|4
499|28
500|16
501|43
502|13
503|10
504|19
505|39
506|43
507|36
508|7
509|13
510|21
511|22
512|38
513|30
514|35
515|35
516|34
517|13
518|8
519|13
520|24
521|18
522|20
523|43
524|13
525|18
526|49
527|35
528|0
529|9
530|22
531|5
532|33
533|48
534|48
535|18
536|10
537|33
538|32
539|42
540|20
541|34
542|32
543|42
544|33
545|8
546|38
547|40
548|41
549|27
550|34
551|28
552|27
553|22
554|9
555|0
556|28
557|45
558|7
559|10
560|11
561|7
562|46
563|29
564|46
565|46
566|1
567|27
568|39
569|36
570|34
571|43
572|16
573|33
574|21
575|47
576|8
577|27
578|15
579|4
580|14
581|10
582|24
583|24
584|2
585|38
586|38
587|42
588|13
589|46
590|43
591|23
592|37
593|1
594|0
595|2
596|37
597|36
598|35
599|48
600|11
601|9
602|3
603|34
604|46
605|34
606|31
607|29
608|34
609|16
610|5
611|20
612|6
613|45
614|41
615|19
616|19
617|18
618|5
619|1
620|33
621|48
622|48
623|39
624|40
625|0
626|3
627|3
628|31
629|4
630|48
631|31
632|19
633|34
634|32
635|43
636|26
637|17
638|43
639|21
640|31
641|46
642|48
643|23
644|5
645|35
646|32
647|38
648|15
649|20
650|48
651|9
652|44
653|14
654|38
655|31
656|32
657|34
658|25
659|6
660|6
661|32
662|39
663|48
664|33
665|40
666|8
667|0
668|32
669|48
670|0
671|22
672|26
673|34
674|34
675|40
676|29
677|30
678|47
679|2
680|7
681|21
682|13
683|19
684|42
685|10
686|8
687|31
688|32
689|40
690|44
691|33
692|25
693|44
694|29
695|21
696|30
697|5
698|44
699|36
700|32
701|3
702|11
703|32
704|16
705|33
706|9
707|46
708|19
709|4
710|17
711|36
712|37
713|2
714|6
715|31
716|18
717|30
718|41
719|29
720|6
721|34
722|6
723|31
724|46
725|6
726|18
727|14
728|13
729|38
730|49
731|40
732|2
733|9
734|12
735|11
736|42
737|34
738|3
739|39
740|9
741|5
742|33
743|47
744|38
745|7
746|49
747|17
748|44
749|14
750|30
751|24
752|8
753|3
754|27
755|2
756|15
757|38
758|29
759|7
760|38
761|39
762|31
763|22
764|27
765|23
766|32
767|1
768|43
769|0
770|18
771|36
772|43
773|5
774|41
775|15
776|49
777|40
778|15
779|4
780|36
781|11
782|18
783|33
784|24
785|30
786|13
787|27
788|23
789|16
790|9
791|33
792|20
793|43
794|25
795|40
796|19
797|9
798|26
799|0
800|21
801|36
802|22
803|47
804|40
805|29
806|19
807|34
808|46
809|22
810|22
811|41
812|26
813|39
814|36
815|0
816|48
817|18
818|9
819|15
820|6
821|32
822|45
823|27
824|32
825|42
826|13
827|4
828|10
829|20
830|1
831|38
832|2
833|41
834|22
835|40
836|36
837|42
838|26
839|32
840|0
841|22
842|18
843|42
844|10
845|39
846|14
847|9
848|4
849|17
850|23
851|2
852|12
853|5
854|4
855|41
856|10
857|33
858|13
859|15
860|21
861|42
862|4
863|18
864|1
865|48
866|38
867|16
868|23
869|6
870|0
871|20
872|42
873|3
874|13
875|41
876|23
877|25
878|39
879|3
880|38
881|7
882|23
883|40
884|49
885|45
886|38
887|3
888|39
889|1
890|17
891|48
892|24
893|44
894|23
895|19
896|33
897|3
898|40
899|12
900|19
901|34
902|10
903|39
904|18
905|27
906|43
907|40
908|22
909|28
910|40
911|49
912|16
913|49
914|21
915|23
916|11
917|11
918|46
919|2
920|30
921|33
922|48
923|23
924|38
925|40
926|29
927|37
928|17
929|33
930|10
931|14
932|5
933|31
934|11
935|14
936|11
937|37
938|43
939|22
940|11
941|40
942|7
943|11
944|42
945|42
946|15
947|42
948|35
949|31
950|18
951|21
952|13
953|4
954|4
955|4
956|45
957|1
958|31
959|6
960|44
961|30
962|6
963|34
964|6
965|35
966|1
967|47
968|32
969|7
970|15
971|44
972|10
973|49
974|11
975|42
976|26
977|6
978|28
979|12
980|26
981|24
982|26
983|37
984|35
985|3
986|36
987|0
988|15
989|31
990|2
991|21
992|30
993|7
994|41
995|27
996|9
997|27
998|41
999|10
1000|24
1001|4
1002|27
1003|44
1004|25
1005|19
1006|36
1007|35
1008|30
1009|27
1010|48
1011|1
1012|13
1013|6
1014|14
1015|22
1016|43
1017|29
1018|1
1019|41
1020|35
1021|6
1022|39
1023|45
1024|27
1025|6
1026|37
1027|9
1028|48
1029|47
1030|20
1031|36
1032|31
1033|18
1034|23
1035|46
1036|14
1037|24
1038|15
1039|36
1040|10
1041|18
1042|21
1043|13
1044|0
1045|24
1046|10
1047|22
1048|22
1049|28
1050|8
1051|1
1052|48
1053|6
1054|27
1055|11
1056|32
1057|8
1058|26
1059|40
1060|18
1061|49
1062|23
1063|46
1064|9
1065|12
1066|15
1067|9
1068|40
1069|8
1070|42
1071|8
1072|28
1073|32
1074|3
1075|32
1076|7
1077|25
1078|41
1079|10
1080|10
1081|45
1082|40
1083|1
1084|9
1085|21
1086|44
1087|15
1088|42
1089|28
1090|20
1091|47
1092|10
1093|29
1094|15
1095|49
1096|2
1097|41
1098|27
1099|36
1100|35
1101|25
1102|21
1103|37
1104|26
1105|24
1106|38
1107|17
1108|30
1109|25
1110|3
1111|49
1112|27
1113|22
1114|3
1115|4
1116|35
1117|5
1118|37
1119|45
1120|10
1121|45
1122|8
1123|47
1124|8
1125|15
1126|17
1127|3
1128|29
1129|26
1130|26
1131|21
1132|49
1133|27
1134|13
1135|9
1136|11
1137|30
1138|18
1139|15
1140|46
1141|40
1142|41
1143|11
1144|17
1145|18
1146|24
1147|0
1148|25
1149|36
1150|49
1151|6
1152|9
1153|20
1154|42
1155|0
1156|38
1157|24
1158|38
1159|18
1160|4
1161|18
1162|18
1163|8
1164|3
1165|44
1166|32
1167|30
1168|1
1169|9
1170|20
1171|8
1172|22
1173|16
1174|2
1175|2
1176|27
1177|4
1178|5
1179|25
1180|34
1181|2
1182|3
1183|31
1184|27
1185|46
1186|7
1187|16
1188|8
1189|32
1190|22
1191|49
1192|47
1193|6
1194|5
1195|49
1196|27
1197|32
1198|27
1199|40
1200|36
1201|19
1202|14
1203|45
1204|23
1205|4
1206|10
1207|9
1208|25
1209|45
1210|40
1211|12
1212|11
1213|17
1214|32
1215|40
1216|29
1217|36
1218|46
1219|9
1220|40
1221|7
1222|32
1223|49
1224|1
1225|13
1226|25
1227|47
1228|14
1229|23
1230|6
1231|9
1232|39
1233|21
1234|46
1235|8
1236|25
1237|47
1238|46
1239|37
1240|19
1241|15
1242|38
1243|48
1244|37
1245|24
1246|40
1247|30
1248|10
1249|47
1250|47
1251|32
1252|29
1253|47
1254|1
1255|12
1256|21
1257|32
1258|44
1259|21
1260|40
1261|17
1262|21
1263|8
1264|11
1265|41
1266|4
1267|45
1268|42
1269|4
1270|48
1271|29
1272|6
1273|29
1274|47
1275|47
1276|30
1277|27
1278|46
1279|15
1280|46
1281|46
1282|48
1283|18
1284|3
1285|15
1286|33
1287|8
1288|44
1289|20
1290|43
1291|7
1292|21
1293|35
1294|31
1295|38
1296|18
1297|14
1298|2
1299|3
1300|24
1301|44
1302|33
1303|25
1304|39
1305|24
1306|44
1307|21
1308|8
1309|9
1310|33
1311|7
1312|2
1313|1
1314|4
1315|13
1316|31
1317|43
1318|5
1319|32
1320|35
1321|11
1322|4
1323|11
1324|20
1325|41
1326|44
1327|31
1328|45
1329|13
1330|45
1331|30
1332|0
1333|29
1334|33
1335|47
1336|3
1337|41
1338|22
1339|47
1340|49
1341|38
1342|30
1343|20
1344|29
1345|10
1346|15
1347|48
1348|41
1349|37
1350|31
1351|31
1352|30
1353|44
1354|13
1355|16
1356|46
1357|44
1358|49
1359|37
1360|25
1361|27
1362|25
1363|11
1364|32
1365|7
1366|46
1367|26
1368|19
1369|23
1370|47
1371|5
1372|30
1373|43
1374|22
1375|42
1376|25
1377|38
1378|19
1379|7
1380|25
1381|23
1382|20
1383|35
1384|31
1385|15
1386|12
1387|45
1388|8
1389|4
1390|42
1391|11
1392|1
1393|30
1394|26
1395|42
1396|14
1397|40
1398|1
1399|5
1400|13
1401|15
1402|9
1403|9
1404|8
1405|32
1406|16
1407|33
1408|25
1409|1
1410|4
1411|36
1412|30
1413|23
1414|46
1415|45
1416|19
1417|39
1418|29
1419|0
1420|47
1421|26
1422|22
1423|22
1424|40
1425|36
1426|22
1427|25
1428|25
1429|15
1430|46
1431|44
1432|41
1433|6
1434|43
1435|40
1436|18
1437|48
1438|0
1439|6
1440|14
1441|17
1442|18
1443|14
1444|32
1445|36
1446|21
1447|46
1448|9
1449|33
1450|15
1451|31
1452|48
1453|8
1454|36
1455|47
1456|16
1457|28
1458|43
1459|1
1460|27
1461|18
1462|3
1463|36
1464|14
1465|41
1466|47
1467|42
1468|26
1469|44
1470|11
1471|22
1472|16
1473|37
1474|17
1475|35
1476|33
1477|34
1478|18
1479|46
1480|16
1481|11
1482|30
1483|38
1484|6
1485|34
1486|46
1487|28
1488|39
1489|31
1490|18
1491|17
1492|46
1493|44
1494|29
1495|28
1496|48
1497|37
1498|11
1499|31
1500|40
