0|3
1|18
2|6
3|5
4|20
5|5
6|38
7|40
8|25
9|6
10|7
11|11
12|0
13|36
14|44
15|32
16|37
17|17
18|15
19|35
20|44
21|13
22|31
23|32
24|35
25|39
26|39
27|29
28|36
29|41
30|2
31|32
32|13
33|15
34|49
35|37
36|4
37|49
38|41
39|7
40|36
41|47
42|25
43|40
44|6
45|39
46|14
47|25
48|34
49|0
50|25
51|36
52|3
53|3
54|19
55|48
56|16
57|34
58|13
59|6
60|0
61|35
62|17
63|1
64|0
65|8
66|4
67|23
68|35
69|25
70|13
71|4
72|9
73|18
74|43
75|23
76|2
77|22
78|48
79|48
80|26
81|46
82|23
83|43
84|32
85|19
86|43
87|48
88|24
89|35
90|20
91|30
92|35
93|44
94|15
95|28
96|43
97|39
98|3
99|2
100|30
101|45
102|45
103|47
104|3
105|47
106|21
107|30
108|11
109|15
110|32
111|9
112|21
113|19
114|17
115|38
116|30
117|45
118|20
119|2
120|25
121|26
122|31
123|2
124|19
125|33
126|39
127|31
128|31
129|24
130|24
131|49
132|49
133|39
134|23
135|16
136|38
137|18
138|48
139|4
140|10
141|29
142|41
143|35
144|0
145|25
146|19
147|48
148|48
149|7
150|41
151|42
152|15
153|24
154|37
155|35
156|20
157|32
158|10
159|43
160|38
161|37
162|29
163|5
164|38
165|34
166|30
167|3
168|13
169|46
170|46
171|3
172|23
173|35
174|25
175|18
176|9
177|47
178|40
179|14
180|6
181|49
182|15
183|17
184|39
185|1
186|2
187|39
188|25
189|28
190|9
191|38
192|14
193|19
194|24
195|48
196|42
197|49
198|36
199|1
200|27
201|5
202|40
203|37
204|48
205|45
206|9
207|8
208|30
209|37
210|47
211|25
212|28
213|16
214|15
215|35
216|6
217|1
218|6
219|11
220|41
221|44
222|31
223|12
224|28
225|6
226|30
227|49
228|4
229|45
230|4
231|6
232|9
233|20
234|16
235|48
236|19
237|14
238|45
239|43
240|8
241|29
242|36
243|40
244|49
245|24
246|34
247|4
248|38
249|25
250|25
251|17
252|49
253|44
254|3
255|45
256|10
257|36
258|28
259|47
260|45
261|2
262|20
263|4
264|41
265|37
266|42
267|27
268|44
269|31
270|24
271|45
272|47
273|49
274|43
275|7
276|22
277|49
278|17
279|6
280|39
281|33
282|3
283|41
284|11
285|15
286|26
287|18
288|24
289|10
290|44
291|43
292|1
293|37
294|1
295|17
296|11
297|30
298|27
299|26
300|45
301|38
302|30
303|15
304|9
305|46
306|32
307|35
308|13
309|30
310|35
311|7
312|27
313|21
314|8
315|27
316|25
317|36
318|24
319|11
320|25
321|6
322|11
323|34
324|30
325|5
326|22
327|8
328|1
329|21
330|5
331|14
332|13
333|10
334|8
335|7
336|34
337|15
338|40
339|10
340|41
341|24
342|31
343|6
344|29
345|38
346|30
347|43
348|11
349|31
350|21
351|11
352|38
353|18
354|2
355|38
356|45
357|42
358|16
359|23
360|43
361|44
362|39
363|14
364|19
365|22
366|45
367|9
368|26
369|40
370|11
371|12
372|46
373|2
374|22
375|27
376|18
377|44
378|24
379|20
380|11
381|39
382|30
383|12
384|7
385|15
386|47
387|38
388|27
389|41
390|5
391|41
392|24
393|22
394|7
395|1
396|29
397|6
398|32
399|9
400|35
401|3
402|12
403|23
404|25
405|46
406|21
407|48
408|36
409|21
410|23
411|30
412|37
413|31
414|5
415|0
416|20
417|31
418|35
419|33
420|18
421|21
422|1
423|25
424|10
425|28
426|21
427|17
428|43
429|3
430|4
431|35
432|18
433|32
434|41
435|47
436|13
437|1
438|14
439|15
440|19
441|47
442|31
443|32
444|0
445|41
446|20
447|44
448|11
449|10
450|32
451|8
452|39
453|18
454|17
455|22
456|4
457|22
458|7
459|49
460|38
461|8
462|26
463|21
464|13
465|25
466|7
467|5
468|12
469|20
470|38
471|44
472|15
473|43
474|47
475|7
476|48
477|46
478|16
479|16
480|47
481|43
482|34
483|42
484|39
485|33
486|30
487|17
488|46
489|26
490|26
491|38
492|47
493|13
494|33
495|22
496|4
497|24
498|42
499|9
500|11
501|19
502|43
503|24
504|35
505|25
506|30
507|15
508|6
509|5
510|49
511|35
512|21
513|46
514|13
515|10
516|21
517|3
518|40
519|32
520|20
521|4
522|10
523|29
524|47
525|31
526|24
527|2
528|37
529|4
530|10
531|47
532|28
533|7
534|43
535|36
536|16
537|29
538|28
539|41
540|41
541|8
542|18
543|19
544|31
545|1
546|5
547|8
548|4
549|16
550|17
551|38
552|25
553|40
554|42
555|17
556|2
557|33
558|14
559|47
560|49
561|6
562|33
563|3
564|25
565|5
566|45
567|28
568|18
569|6
570|0
571|2
572|5
573|20
574|22
575|8
576|43
577|23
578|17
579|33
580|40
581|1
582|26
583|49
584|47
585|37
586|45
587|37
588|20
589|3
590|44
591|27
592|15
593|6
594|9
595|44
596|33
597|16
598|25
599|31
600|10
601|8
602|26
603|3
604|49
605|34
606|2
607|28
608|0
609|36
610|49
611|12
612|41
613|25
614|2
615|39
616|31
617|37
618|3
619|28
620|6
621|12
622|33
623|28
624|9
625|10
626|14
627|26
628|35
629|48
630|31
631|42
632|8
633|23
634|16
635|5
636|46
637|41
638|40
639|36
640|3
641|44
642|25
643|14
644|11
645|12
646|40
647|38
648|34
649|35
650|13
651|22
652|43
653|11
654|0
655|11
656|12
657|42
658|28
659|34
660|32
661|27
662|24
663|27
664|10
665|0
666|44
667|45
668|12
669|44
670|38
671|24
672|10
673|44
674|29
675|6
676|23
677|47
678|4
679|1
680|45
681|45
682|14
683|34
684|23
685|37
686|36
687|30
688|6
689|7
690|5
691|33
692|16
693|20
694|9
695|25
696|9
697|39
698|32
699|0
700|15
701|25
702|35
703|15
704|15
705|42
706|16
707|20
708|45
709|33
710|13
711|6
712|3
713|23
714|36
715|31
716|34
717|5
718|23
719|43
720|7
721|33
722|17
723|48
724|3
725|5
726|1
727|27
728|23
729|22
730|16
731|20
732|46
733|28
734|2
735|44
736|14
737|0
738|38
739|41
740|42
741|14
742|17
743|28
744|35
745|40
746|31
747|15
748|25
749|31
750|18
751|42
752|32
753|30
754|42
755|20
756|40
757|38
758|23
759|17
760|43
761|28
762|10
763|10
764|20
765|42
766|18
767|2
768|8
769|4
770|5
771|44
772|6
773|49
774|9
775|26
776|39
777|8
778|29
779|13
780|47
781|21
782|34
783|41
784|19
785|29
786|18
787|21
788|26
789|11
790|44
791|19
792|2
793|21
794|48
795|1
796|37
797|40
798|4
799|1
800|40
801|6
802|39
803|44
804|6
805|27
806|3
807|39
808|23
809|11
810|24
811|3
812|39
813|38
814|40
815|7
816|49
817|4
818|46
819|14
820|2
821|33
822|3
823|19
824|13
825|27
826|30
827|7
828|31
829|27
830|46
831|10
832|2
833|27
834|36
835|12
836|27
837|49
838|2
839|14
840|13
841|29
842|26
843|29
844|47
845|13
846|40
847|18
848|7
849|45
850|18
851|13
852|42
853|33
854|18
855|35
856|15
857|37
858|36
859|3
860|33
861|33
862|48
863|13
864|0
865|40
866|9
867|44
868|33
869|16
870|13
871|43
872|1
873|32
874|13
875|22
876|29
877|1
878|41
879|12
880|30
881|38
882|35
883|30
884|34
885|36
886|31
887|14
888|21
889|5
890|2
891|33
892|48
893|29
894|1
895|26
896|27
897|19
898|34
899|3
900|7
901|46
902|17
903|17
904|9
905|5
906|24
907|39
908|38
909|41
910|43
911|5
912|27
913|10
914|45
915|45
916|3
917|18
918|39
919|40
920|30
921|3
922|20
923|44
924|18
925|36
926|14
927|49
928|30
929|20
930|44
931|44
932|19
933|31
934|34
935|0
936|15
937|45
938|20
939|10
940|39
941|33
942|3
943|1
944|21
945|21
946|27
947|39
948|20
949|24
950|14
951|5
952|15
953|34
954|39
955|10
956|4
957|36
958|26
959|24
960|26
961|17
962|14
963|38
964|31
965|20
966|36
967|36
968|14
969|0
970|37
971|33
972|22
973|39
974|2
975|37
976|34
977|31
978|3
979|8
980|7
981|37
982|4
983|31
984|45
985|12
986|35
987|27
988|27
989|4
990|13
991|24
992|20
993|24
994|40
995|20
996|16
997|12
998|8
999|20
1000|16
1001|12
1002|34
1003|32
1004|45
1005|4
1006|11
1007|45
1008|12
1009|9
1010|32
1011|46
1012|26
1013|29
1014|22
1015|25
1016|34
1017|23
1018|49
1019|42
1020|7
1021|39
1022|36
1023|7
1024|31
1025|30
1026|17
1027|23
1028|15
1029|10
1030|15
1031|24
1032|19
1033|9
1034|13
1035|44
1036|48
1037|28
1038|17
1039|13
1040|29
1041|17
1042|35
1043|9
1044|24
1045|33
1046|34
1047|43
1048|13
1049|21
1050|41
1051|41
1052|42
1053|34
1054|38
1055|33
1056|49
1057|4
1058|18
1059|3
1060|21
1061|27
1062|3
1063|5
1064|14
1065|13
1066|22
1067|16
1068|19
1069|43
1070|4
1071|23
1072|31
1073|32
1074|14
1075|39
1076|44
1077|2
1078|47
1079|49
1080|17
1081|24
1082|40
1083|6
1084|35
1085|39
1086|20
1087|8
1088|9
1089|26
1090|1
1091|1
1092|38
1093|33
1094|12
1095|34
1096|35
1097|35
1098|16
1099|14
1100|42
1101|3
1102|27
1103|7
1104|34
1105|8
1106|35
1107|13
1108|4
1109|21
1110|34
1111|17
1112|45
1113|41
1114|40
1115|14
1116|33
1117|33
1118|34
1119|8
1120|17
1121|46
1122|30
1123|22
1124|24
1125|13
1126|37
1127|14
1128|6
1129|34
1130|25
1131|10
1132|20
1133|3
1134|14
1135|15
1136|32
1137|9
1138|18
1139|31
1140|45
1141|16
1142|0
1143|21
1144|32
1145|43
1146|26
1147|26
1148|38
1149|45
1150|34
1151|44
1152|7
1153|42
1154|33
1155|33
1156|7
1157|5
1158|25
1159|4
1160|19
1161|9
1162|16
1163|18
1164|36
1165|14
1166|0
1167|35
1168|14
1169|31
1170|33
1171|10
1172|32
1173|9
1174|12
1175|2
1176|47
1177|28
1178|45
1179|22
1180|35
1181|49
1182|45
1183|30
1184|19
1185|28
1186|10
1187|5
1188|29
1189|26
1190|41
1191|38
1192|0
1193|36
1194|7
1195|25
1196|8
1197|33
1198|34
1199|16
1200|10
1201|24
1202|8
1203|49
1204|45
1205|36
1206|1
1207|45
1208|13
1209|16
1210|11
1211|38
1212|7
1213|39
1214|22
1215|44
1216|14
1217|7
1218|21
1219|26
1220|26
1221|29
1222|7
1223|9
1224|25
1225|44
1226|44
1227|2
1228|22
1229|48
1230|21
1231|8
1232|28
1233|13
1234|39
1235|33
1236|6
1237|6
1238|10
1239|20
1240|19
1241|43
1242|10
1243|49
1244|8
1245|30
1246|40
1247|24
1248|1
1249|13
1250|0
1251|37
1252|27
1253|12
1254|12
1255|39
1256|21
1257|16
1258|11
1259|21
1260|36
1261|26
1262|43
1263|1
1264|25
1265|35
1266|17
1267|43
1268|46
1269|1
1270|14
1271|38
1272|4
1273|41
1274|26
1275|31
1276|12
1277|4
1278|38
1279|32
1280|46
1281|22
1282|30
1283|35
1284|34
1285|42
1286|12
1287|46
1288|40
1289|18
1290|10
1291|2
1292|0
1293|24
1294|9
1295|24
1296|19
1297|44
1298|49
1299|4
1300|20
1301|41
1302|48
1303|11
1304|48
1305|15
1306|25
1307|43
1308|36
1309|23
1310|41
1311|28
1312|0
1313|19
1314|38
1315|47
1316|36
1317|40
1318|33
1319|44
1320|16
1321|4
1322|31
1323|46
1324|24
1325|6
1326|36
1327|8
1328|36
1329|5
1330|5
1331|38
1332|10
1333|35
1334|45
1335|44
1336|30
1337|40
1338|24
1339|2
1340|35
1341|25
1342|46
1343|26
1344|23
1345|8
1346|26
1347|8
1348|42
1349|29
1350|0
1351|47
1352|9
1353|11
1354|32
1355|37
1356|17
1357|41
1358|11
1359|39
1360|48
1361|21
1362|10
1363|16
1364|13
1365|42
1366|34
1367|23
1368|34
1369|27
1370|30
1371|12
1372|21
1373|6
1374|29
1375|15
1376|43
1377|35
1378|47
1379|43
1380|2
1381|45
1382|11
1383|16
1384|24
1385|47
1386|7
1387|12
1388|26
1389|4
1390|26
1391|36
1392|47
1393|41
1394|44
1395|45
1396|32
1397|25
1398|6
1399|23
1400|20
1401|8
1402|5
1403|12
1404|41
1405|30
1406|6
1407|1
1408|33
1409|15
1410|31
1411|22
1412|48
1413|1
1414|6
1415|31
1416|16
1417|14
1418|27
1419|16
1420|37
1421|17
1422|13
1423|31
1424|5
1425|1
1426|8
1427|19
1428|37
1429|12
1430|32
1431|25
1432|25
1433|13
1434|29
1435|9
1436|2
1437|16
1438|34
1439|4
1440|39
1441|18
1442|47
1443|12
1444|19
1445|32
1446|28
1447|22
1448|17
1449|36
1450|14
1451|25
1452|38
1453|27
1454|17
1455|49
1456|26
1457|9
1458|44
1459|18
1460|46
1461|34
1462|46
1463|19
1464|32
1465|48
1466|38
1467|22
1468|36
1469|15
1470|9
1471|9
1472|34
1473|38
1474|35
1475|6
1476|8
1477|26
1478|6
1479|9
1480|12
1481|41
1482|21
1483|0
1484|48
1485|43
1486|5
1487|6
1488|26
1489|1
1490|9
1491|25
1492|20
1493|2
1494|41
1495|27
1496|49
1497|4
1498|25
1499|42
1500|23
1501|5
1502|38
1503|46
1504|14
1505|0
1506|38
1507|40
1508|48
1509|44
1510|49
1511|24
1512|33
1513|0
1514|26
1515|8
1516|34
1517|49
1518|6
1519|3
1520|15
1521|36
1522|11
1523|40
1524|12
1525|40
1526|29
1527|36
1528|20
1529|6
1530|0
1531|21
1532|2
1533|25
1534|33
1535|19
1536|41
1537|0
1538|32
1539|43
1540|11
1541|31
1542|32
1543|6
1544|34
1545|10
1546|12
1547|28
1548|11
1549|16
1550|13
1551|37
1552|11
1553|29
1554|10
1555|0
1556|10
1557|7
1558|46
1559|10
1560|36
1561|9
1562|16
1563|44
1564|28
1565|43
1566|19
1567|46
1568|40
1569|40
1570|13
1571|35
1572|9
1573|47
1574|38
1575|27
1576|4
1577|28
1578|47
1579|17
1580|45
1581|11
1582|40
1583|16
1584|28
1585|7
1586|8
1587|18
1588|5
1589|26
1590|45
1591|41
1592|37
1593|21
1594|21
1595|29
1596|41
1597|38
1598|4
1599|9
1600|2
1601|7
1602|49
1603|31
1604|39
1605|11
1606|46
1607|35
1608|7
1609|28
1610|44
1611|26
1612|2
1613|1
1614|37
1615|30
1616|31
1617|16
1618|17
1619|10
1620|21
1621|12
1622|18
1623|33
1624|19
1625|36
1626|2
1627|4
1628|7
1629|41
1630|33
1631|48
1632|23
1633|9
1634|22
1635|17
1636|40
1637|12
1638|8
1639|40
1640|6
1641|32
1642|32
1643|7
1644|27
1645|36
1646|5
1647|26
1648|42
1649|41
1650|27
1651|31
1652|21
1653|1
1654|17
1655|42
1656|9
1657|34
1658|11
1659|15
1660|35
1661|26
1662|29
1663|37
1664|11
1665|42
1666|12
1667|37
1668|10
1669|11
1670|37
1671|48
1672|24
1673|6
1674|13
1675|27
1676|17
1677|43
1678|15
1679|4
1680|24
1681|25
1682|22
1683|46
1684|2
1685|15
1686|41
1687|32
1688|22
1689|46
1690|4
1691|12
1692|10
1693|46
1694|43
1695|23
1696|21
1697|27
1698|29
1699|22
1700|1
1701|36
1702|47
1703|5
1704|15
1705|27
1706|48
1707|40
1708|18
1709|3
1710|40
1711|44
1712|11
1713|14
1714|28
1715|10
1716|44
1717|1
1718|31
1719|36
1720|24
1721|24
1722|29
1723|16
1724|10
1725|12
1726|30
1727|0
1728|17
1729|0
1730|49
1731|4
1732|9
1733|7
1734|23
1735|34
1736|45
1737|12
1738|12
1739|30
1740|6
1741|20
1742|32
1743|26
1744|15
1745|44
1746|43
1747|30
1748|43
1749|42
1750|36
1751|48
1752|13
1753|48
1754|0
1755|13
1756|26
1757|25
1758|21
1759|22
1760|6
1761|13
1762|26
1763|20
1764|10
1765|48
1766|7
1767|31
1768|34
1769|42
1770|31
1771|41
1772|16
1773|39
1774|14
1775|22
1776|35
1777|1
1778|43
1779|1
1780|28
1781|43
1782|21
1783|3
1784|33
1785|31
1786|19
1787|32
1788|23
1789|14
1790|49
1791|31
1792|0
1793|8
1794|26
1795|34
1796|16
1797|2
1798|18
1799|48
1800|41
1801|5
1802|49
1803|38
1804|45
1805|4
1806|8
1807|20
1808|41
1809|27
1810|38
1811|12
1812|30
1813|47
1814|13
1815|6
1816|43
1817|33
1818|20
1819|36
1820|11
1821|39
1822|47
1823|47
1824|49
1825|5
1826|26
1827|28
1828|22
1829|49
1830|46
1831|46
1832|16
1833|19
1834|9
1835|9
1836|30
1837|14
1838|4
1839|40
1840|0
1841|41
1842|33
1843|23
1844|37
1845|12
1846|23
1847|28
1848|12
1849|16
1850|23
1851|20
1852|1
1853|28
1854|12
1855|45
1856|8
1857|31
1858|38
1859|43
1860|7
1861|49
1862|8
1863|32
1864|9
1865|30
1866|28
1867|30
1868|39
1869|6
1870|37
1871|17
1872|46
1873|21
1874|14
1875|15
1876|36
1877|19
1878|23
1879|19
1880|26
1881|38
1882|2
1883|9
1884|3
1885|2
1886|39
1887|29
1888|16
1889|33
1890|5
1891|23
1892|43
1893|45
1894|38
1895|8
1896|26
1897|39
1898|36
1899|41
1900|18
1901|9
1902|9
1903|41
1904|25
1905|44
1906|16
1907|17
1908|3
1909|19
1910|34
1911|27
1912|30
1913|28
1914|29
1915|9
1916|47
1917|26
1918|9
1919|45
1920|13
1921|21
1922|9
1923|41
1924|6
1925|16
1926|45
1927|13
1928|5
1929|12
1930|43
1931|44
1932|38
1933|12
1934|42
1935|44
1936|36
1937|18
1938|21
1939|3
1940|29
1941|30
1942|30
1943|42
1944|18
1945|6
1946|13
1947|19
1948|21
1949|29
1950|30
1951|13
1952|23
1953|7
1954|15
1955|19
1956|38
1957|11
1958|4
1959|29
1960|34
1961|5
1962|45
1963|8
1964|18
1965|47
1966|47
1967|6
1968|18
1969|19
1970|4
1971|14
1972|41
1973|25
1974|42
1975|36
1976|0
1977|12
1978|16
1979|34
1980|19
1981|34
1982|35
1983|7
1984|19
1985|43
1986|9
1987|12
1988|13
1989|27
1990|4
1991|14
1992|34
1993|31
1994|33
1995|7
1996|46
1997|45
1998|45
1999|11
2000|47
2001|16
2002|35
2003|46
2004|5
2005|31
2006|41
2007|41
2008|3
2009|33
2010|29
2011|15
2012|45
2013|29
2014|18
2015|28
2016|9
2017|17
2018|48
2019|1
2020|7
2021|10
2022|34
2023|13
2024|3
2025|40
2026|7
2027|16
2028|16
2029|16
2030|39
2031|10
2032|7
2033|27
2034|1
2035|17
2036|32
2037|28
2038|13
2039|15
2040|15
2041|15
2042|22
2043|7
2044|0
2045|7
2046|30
2047|46
2048|45
2049|14
2050|33
2051|6
2052|27
2053|10
2054|41
2055|8
2056|49
2057|42
2058|42
2059|6
2060|18
2061|31
2062|48
2063|3
2064|17
2065|34
2066|19
2067|14
2068|14
2069|31
2070|5
2071|38
2072|13
2073|37
2074|40
2075|18
2076|15
2077|12
2078|29
2079|41
2080|16
2081|9
2082|34
2083|44
2084|27
2085|12
2086|2
2087|12
2088|1
2089|46
2090|2
2091|48
2092|42
2093|39
2094|41
2095|8
2096|19
2097|33
2098|19
2099|42
2100|11
2101|45
2102|39
2103|15
2104|15
2105|29
2106|21
2107|35
2108|49
2109|21
2110|16
2111|37
2112|7
2113|30
2114|35
2115|6
2116|0
2117|9
2118|33
2119|20
2120|15
2121|26
2122|10
2123|37
2124|48
2125|36
2126|25
2127|7
2128|36
2129|19
2130|37
2131|19
2132|19
2133|2
2134|17
2135|44
2136|33
2137|45
2138|42
2139|17
2140|14
2141|17
2142|26
2143|40
2144|36
2145|43
2146|26
2147|49
2148|5
2149|2
2150|5
2151|24
2152|31
2153|28
2154|12
2155|13
2156|25
2157|21
2158|44
2159|33
2160|33
2161|14
2162|1
2163|24
2164|28
2165|47
2166|8
2167|1
2168|14
2169|0
2170|10
2171|23
2172|6
2173|22
2174|48
2175|7
2176|23
2177|46
2178|43
2179|40
2180|48
2181|8
2182|6
2183|0
2184|45
2185|35
2186|4
2187|41
2188|38
2189|5
2190|25
2191|30
2192|1
2193|20
2194|47
2195|38
2196|44
2197|45
2198|35
2199|27
2200|38
2201|29
2202|25
2203|6
2204|37
2205|42
2206|1
2207|26
2208|17
2209|1
2210|12
2211|8
2212|36
2213|27
2214|5
2215|31
2216|45
2217|27
2218|6
2219|0
2220|5
2221|39
2222|36
2223|3
2224|39
2225|2
2226|11
2227|34
2228|12
2229|49
2230|23
2231|48
2232|36
2233|9
2234|9
2235|2
2236|8
2237|1
2238|30
2239|21
2240|26
2241|31
2242|17
2243|21
2244|10
2245|22
2246|3
2247|45
2248|31
2249|10
2250|34
2251|47
2252|10
2253|23
2254|44
2255|41
2256|20
2257|16
2258|29
2259|19
2260|17
2261|17
2262|15
2263|34
2264|35
2265|29
2266|44
2267|36
2268|28
2269|1
2270|24
2271|22
2272|34
2273|28
2274|44
2275|4
2276|42
2277|18
2278|49
2279|36
2280|14
2281|16
2282|20
2283|1
2284|11
2285|16
2286|29
2287|37
2288|5
2289|16
2290|32
2291|14
2292|1
2293|24
2294|42
2295|47
2296|13
2297|6
2298|34
2299|17
2300|30
2301|19
2302|48
2303|11
2304|37
2305|6
2306|31
2307|37
2308|40
2309|43
2310|43
2311|8
2312|2
2313|7
2314|6
2315|27
2316|2
2317|33
2318|4
2319|20
2320|13
2321|36
2322|5
2323|40
2324|36
2325|23
2326|7
2327|23
2328|22
2329|45
2330|17
2331|48
2332|46
2333|22
2334|43
2335|32
2336|19
2337|46
2338|11
2339|44
2340|49
2341|15
2342|36
2343|1
2344|19
2345|14
2346|12
2347|5
2348|7
2349|38
2350|43
2351|42
2352|23
2353|25
2354|22
2355|9
2356|34
2357|20
2358|31
2359|8
2360|48
2361|14
2362|5
2363|30
2364|14
2365|43
2366|42
2367|25
2368|15
2369|42
2370|4
2371|15
2372|4
2373|1
2374|47
2375|31
2376|42
2377|48
2378|20
2379|4
2380|5
2381|24
2382|48
2383|26
2384|29
2385|40
2386|0
2387|36
2388|37
2389|18
2390|9
2391|8
2392|4
2393|43
2394|32
2395|39
2396|40
2397|34
2398|10
2399|27
2400|10
2401|38
2402|45
2403|5
2404|47
2405|19
2406|49
2407|21
2408|35
2409|3
2410|10
2411|31
2412|45
2413|4
2414|2
2415|10
2416|0
2417|6
2418|5
2419|36
2420|11
2421|49
2422|29
2423|48
2424|39
2425|37
2426|14
2427|30
2428|44
2429|14
2430|39
2431|42
2432|41
2433|15
2434|18
2435|39
2436|32
2437|37
2438|35
2439|43
2440|8
2441|11
2442|46
2443|38
2444|33
2445|18
2446|41
2447|18
2448|20
2449|23
2450|24
2451|31
2452|35
2453|16
2454|44
2455|16
2456|19
2457|40
2458|26
2459|22
2460|36
2461|38
2462|17
2463|36
2464|1
2465|29
2466|26
2467|28
2468|0
2469|39
2470|10
2471|45
2472|4
2473|12
2474|6
2475|3
2476|23
2477|9
2478|5
2479|16
2480|21
2481|39
2482|41
2483|43
2484|7
2485|26
2486|18
2487|30
2488|18
2489|41
2490|43
2491|12
2492|47
2493|49
2494|29
2495|40
2496|46
2497|30
2498|23
2499|35
2500|40
2501|47
2502|33
2503|9
2504|28
2505|5
2506|37
2507|19
2508|30
2509|28
2510|39
2511|47
2512|48
2513|26
2514|21
2515|43
2516|18
2517|28
2518|24
2519|20
2520|43
2521|10
2522|1
2523|17
2524|37
2525|15
2526|39
2527|44
2528|30
2529|47
2530|9
2531|33
2532|26
2533|17
2534|31
2535|15
2536|40
2537|24
2538|19
2539|10
2540|25
2541|32
2542|40
2543|3
2544|22
2545|29
2546|42
2547|39
2548|49
2549|39
2550|14
2551|16
2552|2
2553|35
2554|9
2555|8
2556|39
2557|34
2558|34
2559|34
2560|30
2561|48
2562|17
2563|19
2564|21
2565|27
2566|29
2567|6
2568|4
2569|45
2570|41
2571|9
2572|25
2573|33
2574|24
2575|15
2576|21
2577|5
2578|16
2579|36
2580|18
2581|43
2582|21
2583|11
2584|33
2585|49
2586|39
2587|38
2588|48
2589|34
2590|41
2591|22
2592|32
2593|23
2594|49
2595|1
2596|34
2597|3
2598|0
2599|8
2600|37
2601|21
2602|16
2603|49
2604|6
2605|35
2606|29
2607|48
2608|25
2609|31
2610|23
2611|45
2612|14
2613|7
2614|17
2615|29
2616|48
2617|28
2618|17
2619|45
2620|12
2621|0
2622|4
2623|26
2624|2
2625|35
2626|42
2627|42
2628|31
2629|32
2630|9
2631|47
2632|22
2633|42
2634|40
2635|22
2636|12
2637|8
2638|44
2639|17
2640|25
2641|23
2642|45
2643|4
2644|20
2645|35
2646|45
2647|4
2648|3
2649|14
2650|42
2651|4
2652|24
2653|22
2654|48
2655|44
2656|15
2657|38
2658|6
2659|9
2660|30
2661|6
2662|3
2663|13
2664|33
2665|18
2666|44
2667|17
2668|44
2669|25
2670|23
2671|25
2672|37
2673|3
2674|30
2675|38
2676|30
2677|26
2678|31
2679|34
2680|37
2681|35
2682|12
2683|10
2684|45
2685|42
2686|19
2687|14
2688|35
2689|24
2690|29
2691|35
2692|48
2693|9
2694|49
2695|34
2696|38
2697|7
2698|33
2699|0
2700|21
2701|16
2702|16
2703|44
2704|39
2705|43
2706|28
2707|6
2708|14
2709|31
2710|42
2711|34
2712|9
2713|13
2714|14
2715|3
2716|41
2717|5
2718|40
2719|35
2720|44
2721|42
2722|3
2723|41
2724|28
2725|40
2726|29
2727|44
2728|4
2729|44
2730|43
2731|31
2732|7
2733|39
2734|10
2735|43
2736|10
2737|44
2738|29
2739|27
2740|1
2741|8
2742|29
2743|26
2744|0
2745|11
2746|28
2747|16
2748|12
2749|24
2750|2
2751|15
2752|22
2753|28
2754|23
2755|19
2756|2
2757|22
2758|16
2759|2
2760|9
2761|21
2762|44
2763|42
2764|32
2765|21
2766|1
2767|6
2768|41
2769|48
2770|13
2771|10
2772|32
2773|30
2774|5
2775|1
2776|29
2777|16
2778|44
2779|41
2780|15
2781|47
2782|36
2783|24
2784|25
2785|18
2786|49
2787|34
2788|27
2789|49
2790|24
2791|24
2792|5
2793|32
2794|42
2795|33
2796|37
2797|19
2798|0
2799|33
2800|10
2801|35
2802|6
2803|30
2804|27
2805|40
2806|1
2807|40
2808|34
2809|27
2810|2
2811|46
2812|31
2813|19
2814|41
2815|48
2816|11
2817|26
2818|0
2819|17
2820|48
2821|14
2822|34
2823|46
2824|1
2825|6
2826|39
2827|25
2828|19
2829|48
2830|23
2831|33
2832|3
2833|2
2834|40
2835|8
2836|20
2837|1
2838|26
2839|25
2840|33
2841|15
2842|38
2843|5
2844|44
2845|21
2846|2
2847|13
2848|31
2849|46
2850|14
2851|31
2852|1
2853|34
2854|26
2855|2
2856|30
2857|45
2858|37
2859|44
2860|35
2861|24
2862|1
2863|24
2864|15
2865|37
2866|29
2867|18
2868|4
2869|9
2870|45
2871|8
2872|45
2873|33
2874|44
2875|8
2876|48
2877|40
2878|44
2879|40
2880|39
2881|17
2882|17
2883|1
2884|18
2885|8
2886|17
2887|0
2888|4
2889|23
2890|6
2891|11
2892|33
2893|26
2894|28
2895|47
2896|12
2897|0
2898|0
2899|35
2900|46
2901|31
2902|4
2903|14
2904|40
2905|12
2906|44
2907|6
2908|10
2909|23
2910|35
2911|5
2912|47
2913|24
2914|39
2915|45
2916|2
2917|4
2918|36
2919|49
2920|37
2921|29
2922|32
2923|1
2924|15
2925|37
2926|29
2927|35
2928|48
2929|19
2930|23
2931|22
2932|23
2933|32
2934|40
2935|39
2936|38
2937|11
2938|43
2939|37
2940|39
2941|2
2942|22
2943|32
2944|32
2945|11
2946|15
2947|22
2948|26
2949|41
2950|8
2951|33
2952|11
2953|20
2954|49
2955|23
2956|32
2957|31
2958|23
2959|36
2960|46
2961|3
2962|21
2963|19
2964|9
2965|46
2966|17
2967|19
2968|6
2969|16
2970|17
2971|16
2972|35
2973|14
2974|29
2975|45
2976|32
2977|12
2978|39
2979|33
2980|22
2981|16
2982|24
2983|42
2984|21
2985|13
2986|32
2987|14
2988|25
2989|49
2990|5
2991|40
2992|47
2993|34
2994|9
2995|43
2996|46
2997|6
2998|16
2999|12
3000|46
