0|1
1|37
2|42
3|18
4|44
5|40
6|37
7|0
8|46
9|36
10|46
11|17
12|22
13|49
14|36
15|25
16|16
17|44
18|1
19|0
20|31
21|8
22|5
23|27
24|5
25|10
26|2
27|35
28|24
29|20
30|17
31|25
32|43
33|26
34|24
35|15
36|34
37|25
38|4
39|11
40|34
41|45
42|41
43|36
44|3
45|0
46|29
47|27
48|48
49|10
50|14
51|19
52|13
53|40
54|18
55|40
56|1
57|30
58|2
59|13
60|25
61|2
62|1
63|19
64|49
65|22
66|7
67|23
68|11
69|34
70|34
71|27
72|7
73|21
74|26
75|37
76|48
77|3
78|18
79|1
80|45
81|37
82|26
83|14
84|49
85|12
86|37
87|17
88|1
89|48
90|40
91|11
92|49
93|3
94|16
95|8
96|47
97|40
98|40
99|32
100|28
101|20
102|32
103|29
104|13
105|18
106|35
107|19
108|44
109|40
110|11
111|44
112|10
113|31
114|6
115|22
116|10
117|5
118|49
119|0
120|40
121|2
122|27
123|40
124|47
125|18
126|7
127|30
128|14
129|16
130|22
131|13
132|2
133|27
134|43
135|42
136|12
137|34
138|35
139|14
140|49
141|44
142|21
143|1
144|17
145|30
146|10
147|37
148|18
149|38
150|19
151|44
152|12
153|29
154|48
155|33
156|10
157|12
158|22
159|26
160|12
161|17
162|18
163|29
164|8
165|13
166|46
167|32
168|20
169|25
170|40
171|3
172|0
173|35
174|14
175|21
176|26
177|16
178|11
179|3
180|2
181|30
182|17
183|13
184|28
185|29
186|22
187|5
188|22
189|13
190|13
191|9
192|45
193|41
194|18
195|32
196|5
197|15
198|29
199|13
200|38
201|44
202|28
203|9
204|28
205|28
206|7
207|9
208|25
209|42
210|34
211|46
212|29
213|2
214|14
215|9
216|14
217|49
218|23
219|44
220|20
221|34
222|16
223|31
224|32
225|14
226|39
227|14
228|9
229|11
230|5
231|11
232|34
233|44
234|43
235|4
236|0
237|34
238|43
239|49
240|13
241|18
242|31
243|42
244|1
245|48
246|32
247|15
248|14
249|21
250|12
251|18
252|3
253|3
254|41
255|0
256|5
257|19
258|49
259|21
260|44
261|45
262|22
263|29
264|44
265|35
266|34
267|6
268|20
269|14
270|1
271|41
272|1
273|45
274|5
275|33
276|35
277|9
278|23
279|10
280|49
281|23
282|12
283|47
284|45
285|29
286|36
287|1
288|40
289|46
290|32
291|1
292|35
293|32
294|32
295|22
296|45
297|32
298|45
299|8
300|8
301|3
302|27
303|40
304|26
305|28
306|42
307|24
308|12
309|29
310|39
311|46
312|13
313|45
314|39
315|12
316|27
317|2
318|25
319|14
320|26
321|17
322|4
323|34
324|41
325|29
326|10
327|38
328|19
329|17
330|28
331|1
332|33
333|26
334|18
335|25
336|8
337|15
338|26
339|34
340|4
341|41
342|39
343|3
344|8
345|28
346|0
347|29
348|14
349|45
350|7
351|23
352|3
353|14
354|27
355|33
356|17
357|33
358|20
359|41
360|30
361|43
362|36
363|5
364|36
365|16
366|14
367|10
368|36
369|36
370|8
371|22
372|24
373|41
374|43
375|5
376|20
377|8
378|27
379|30
380|35
381|10
382|34
383|3
384|19
385|0
386|0
387|32
388|16
389|11
390|39
391|18
392|38
393|46
394|6
395|33
396|44
397|4
398|42
399|33
400|43
401|1
402|35
403|20
404|43
405|8
406|8
407|7
408|38
409|42
410|19
411|3
412|32
413|12
414|48
415|23
416|11
417|44
418|5
419|42
420|28
421|37
422|20
423|22
424|44
425|5
426|34
427|32
428|32
429|43
430|33
431|10
432|9
433|3
434|1
435|46
436|7
437|42
438|11
439|12
440|0
441|23
442|6
443|11
444|44
445|3
446|46
447|21
448|5
449|22
450|7
451|40
452|11
453|14
454|23
455|37
456|41
457|12
458|46
459|2
460|20
461|49
462|25
463|30
464|4
465|43
466|24
467|9
468|31
469|11
470|3
471|34
472|4
473|23
474|44
475|22
476|23
477|42
478|20
479|21
480|37
481|42
482|25
483|42
484|48
485|18
486|30
487|33
488|26
489|23
490|49
491|29
492|19
493|1
494|39
495|40
496|9
497|34
498|44
499|7
500|32
501|8
502|27
503|1
504|23
505|16
506|24
507|23
508|24
509|6
510|47
511|12
512|49
513|34
514|3
515|47
516|3
517|18
518|22
519|46
520|7
521|36
522|3
523|16
524|32
525|31
526|46
527|30
528|25
529|7
530|46
531|23
532|15
533|18
534|31
535|18
536|9
537|26
538|34
539|44
540|42
541|0
542|15
543|0
544|4
545|10
546|4
547|11
548|8
549|13
550|3
551|43
552|12
553|15
554|32
555|24
556|11
557|32
558|22
559|18
560|10
561|24
562|5
563|42
564|0
565|8
566|20
567|0
568|24
569|28
570|35
571|21
572|3
573|43
574|23
575|43
576|18
577|7
578|45
579|1
580|29
581|43
582|25
583|21
584|9
585|38
586|45
587|37
588|7
589|16
590|21
591|27
592|12
593|47
594|49
595|32
596|18
597|3
598|12
599|25
600|37
601|43
602|17
603|14
604|15
605|16
606|28
607|17
608|25
609|24
610|17
611|24
612|39
613|33
614|18
615|26
616|15
617|47
618|28
619|12
620|19
621|26
622|34
623|48
624|17
625|20
626|8
627|46
628|28
629|4
630|45
631|1
632|24
633|0
634|35
635|2
636|26
637|42
638|42
639|34
640|44
641|17
642|41
643|36
644|3
645|3
646|8
647|22
648|21
649|0
650|34
651|12
652|21
653|4
654|46
655|31
656|3
657|6
658|16
659|30
660|14
661|42
662|16
663|10
664|49
665|10
666|34
667|7
668|28
669|2
670|16
671|10
672|39
673|23
674|4
675|35
676|26
677|49
678|7
679|22
680|14
681|7
682|33
683|41
684|0
685|15
686|43
687|24
688|4
689|34
690|12
691|21
692|3
693|9
694|25
695|13
696|5
697|21
698|30
699|35
700|29
701|11
702|23
703|49
704|42
705|41
706|41
707|26
708|18
709|2
710|36
711|15
712|46
713|6
714|20
715|31
716|15
717|25
718|40
719|3
720|32
721|48
722|29
723|9
724|7
725|35
726|31
727|37
728|4
729|11
730|6
731|34
732|23
733|21
734|47
735|43
736|32
737|11
738|38
739|8
740|0
741|19
742|5
743|20
744|11
745|43
746|40
747|43
748|36
749|31
750|7
751|23
752|10
753|25
754|45
755|40
756|45
757|3
758|21
759|8
760|14
761|20
762|41
763|43
764|20
765|21
766|36
767|10
768|13
769|22
770|38
771|7
772|3
773|29
774|44
775|8
776|35
777|46
778|1
779|40
780|22
781|6
782|1
783|29
784|8
785|41
786|26
787|10
788|30
789|29
790|3
791|26
792|23
793|21
794|16
795|21
796|24
797|31
798|37
799|8
800|43
801|30
802|10
803|18
804|3
805|13
806|43
807|42
808|44
809|20
810|16
811|40
812|2
813|25
814|16
815|33
816|3
817|48
818|3
819|28
820|39
821|14
822|43
823|1
824|10
825|34
826|4
827|17
828|32
829|46
830|47
831|11
832|41
833|27
834|31
835|41
836|35
837|14
838|26
839|48
840|7
841|17
842|0
843|20
844|0
845|35
846|25
847|43
848|17
849|10
850|32
851|10
852|3
853|46
854|40
855|46
856|33
857|26
858|36
859|27
860|16
861|44
862|26
863|20
864|9
865|29
866|25
867|39
868|4
869|11
870|36
871|10
872|15
873|38
874|8
875|34
876|33
877|41
878|43
879|24
880|4
881|0
882|8
883|26
884|22
885|18
886|40
887|14
888|38
889|3
890|42
891|9
892|34
893|30
894|43
895|1
896|47
897|46
898|11
899|19
900|26
901|11
902|27
903|21
904|34
905|6
906|1
907|30
908|38
909|14
910|40
911|0
912|10
913|48
914|14
915|16
916|8
917|2
918|31
919|29
920|18
921|38
922|33
923|42
924|27
925|29
926|27
927|42
928|4
929|10
930|15
931|1
932|6
933|37
934|43
935|40
936|32
937|17
938|18
939|4
940|5
941|14
942|12
943|41
944|19
945|1
946|38
947|17
948|40
949|43
950|45
951|44
952|9
953|37
954|48
955|29
956|44
957|4
958|8
959|34
960|32
961|33
962|41
963|5
964|9
965|18
966|14
967|40
968|33
969|20
970|36
971|14
972|23
973|43
974|4
975|37
976|37
977|41
978|21
979|18
980|16
981|6
982|22
983|39
984|31
985|4
986|38
987|3
988|43
989|45
990|45
991|41
992|47
993|31
994|1
995|32
996|15
997|11
998|30
999|38
1000|11
1001|28
1002|19
1003|18
1004|25
1005|28
1006|15
1007|14
1008|48
1009|14
1010|12
1011|20
1012|4
1013|36
1014|38
1015|44
1016|49
1017|29
1018|28
1019|12
1020|27
1021|18
1022|16
1023|21
1024|8
1025|16
1026|10
1027|1
1028|3
1029|42
1030|47
1031|11
1032|41
1033|37
1034|6
1035|8
1036|8
1037|41
1038|11
1039|30
1040|17
1041|9
1042|14
1043|9
1044|38
1045|38
1046|1
1047|26
1048|13
1049|34
1050|8
1051|46
1052|17
1053|36
1054|38
1055|2
1056|27
1057|18
1058|34
1059|40
1060|36
1061|36
1062|12
1063|29
1064|47
1065|5
1066|6
1067|2
1068|3
1069|28
1070|7
1071|21
1072|27
1073|0
1074|38
1075|15
1076|25
1077|49
1078|8
1079|11
1080|43
1081|41
1082|5
1083|42
1084|38
1085|42
1086|36
1087|4
1088|46
1089|15
1090|4
1091|26
1092|23
1093|45
1094|15
1095|42
1096|13
1097|16
1098|3
1099|20
1100|2
1101|10
1102|4
1103|15
1104|36
1105|0
1106|39
1107|11
1108|34
1109|44
1110|9
1111|2
1112|42
1113|40
1114|26
1115|7
1116|6
1117|21
1118|15
1119|7
1120|31
1121|47
1122|38
1123|40
1124|17
1125|26
1126|26
1127|17
1128|34
1129|12
1130|44
1131|27
1132|7
1133|5
1134|12
1135|12
1136|26
1137|13
1138|24
1139|42
1140|4
1141|34
1142|48
1143|44
1144|18
1145|45
1146|46
1147|33
1148|30
1149|18
1150|1
1151|34
1152|49
1153|34
1154|25
1155|6
1156|12
1157|23
1158|39
1159|49
1160|34
1161|21
1162|37
1163|31
1164|29
1165|38
1166|20
1167|22
1168|44
1169|5
1170|21
1171|21
1172|33
1173|34
1174|2
1175|26
1176|25
1177|34
1178|0
1179|2
1180|5
1181|25
1182|19
1183|15
1184|46
1185|36
1186|16
1187|4
1188|12
1189|33
1190|16
1191|0
1192|15
1193|23
1194|44
1195|7
1196|47
1197|36
1198|27
1199|13
1200|13
1201|26
1202|49
1203|34
1204|30
1205|45
1206|47
1207|23
1208|15
1209|37
1210|37
1211|45
1212|27
1213|38
1214|27
1215|22
1216|22
1217|6
1218|33
1219|25
1220|42
1221|43
1222|32
1223|26
1224|38
1225|4
1226|38
1227|42
1228|32
1229|34
1230|27
1231|30
1232|35
1233|39
1234|21
1235|15
1236|12
1237|40
1238|30
1239|8
1240|13
1241|2
1242|17
1243|41
1244|3
1245|40
1246|9
1247|24
1248|8
1249|44
1250|29
1251|20
1252|5
1253|36
1254|21
1255|36
1256|25
1257|12
1258|24
1259|2
1260|31
1261|39
1262|4
1263|17
1264|19
1265|14
1266|11
1267|35
1268|1
1269|13
1270|1
1271|24
1272|40
1273|5
1274|27
1275|28
1276|16
1277|26
1278|19
1279|39
1280|18
1281|43
1282|7
1283|33
1284|10
1285|33
1286|25
1287|28
1288|44
1289|12
1290|18
1291|33
1292|2
1293|46
1294|34
1295|20
1296|12
1297|18
1298|4
1299|12
1300|8
1301|47
1302|23
1303|16
1304|25
1305|14
1306|30
1307|41
1308|3
1309|25
1310|13
1311|27
1312|30
1313|34
1314|18
1315|5
1316|49
1317|45
1318|36
1319|2
1320|18
1321|5
1322|15
1323|0
1324|13
1325|0
1326|41
1327|16
1328|39
1329|36
1330|12
1331|29
1332|44
1333|26
1334|27
1335|17
1336|12
1337|12
1338|41
1339|13
1340|38
1341|27
1342|20
1343|43
1344|33
1345|21
1346|43
1347|43
1348|7
1349|3
1350|4
1351|21
1352|7
1353|35
1354|44
1355|8
1356|19
1357|32
1358|10
1359|2
1360|44
1361|18
1362|17
1363|17
1364|5
1365|31
1366|1
1367|7
1368|43
1369|35
1370|41
1371|16
1372|1
1373|11
1374|26
1375|38
1376|35
1377|13
1378|10
1379|47
1380|11
1381|20
1382|24
1383|32
1384|35
1385|7
1386|16
1387|49
1388|8
1389|37
1390|23
1391|10
1392|9
1393|9
1394|30
1395|18
1396|16
1397|24
1398|12
1399|31
1400|42
1401|38
1402|48
1403|44
1404|47
1405|24
1406|26
1407|8
1408|20
1409|7
1410|48
1411|41
1412|9
1413|9
1414|8
1415|39
1416|21
1417|45
1418|18
1419|18
1420|2
1421|2
1422|20
1423|4
1424|10
1425|30
1426|34
1427|45
1428|24
1429|10
1430|33
1431|4
1432|46
1433|6
1434|49
1435|12
1436|20
1437|3
1438|3
1439|41
1440|43
1441|9
1442|22
1443|44
1444|42
1445|47
1446|8
1447|40
1448|5
1449|21
1450|47
1451|2
1452|37
1453|8
1454|1
1455|24
1456|46
1457|11
1458|37
1459|24
1460|45
1461|1
1462|46
1463|15
1464|8
1465|43
1466|35
1467|25
1468|40
1469|10
1470|16
1471|18
1472|24
1473|7
1474|15
1475|15
1476|5
1477|41
1478|46
1479|8
1480|43
1481|15
1482|28
1483|27
1484|18
1485|14
1486|14
1487|11
1488|21
1489|44
1490|13
1491|40
1492|46
1493|3
1494|25
1495|13
1496|45
1497|18
1498|23
1499|21
1500|27
1501|19
1502|21
1503|22
1504|41
1505|35
1506|30
1507|22
1508|41
1509|33
1510|0
1511|43
1512|38
1513|47
1514|37
1515|21
1516|16
1517|11
1518|8
1519|34
1520|39
1521|23
1522|38
1523|4
1524|0
1525|39
1526|35
1527|13
1528|45
1529|32
1530|10
1531|39
1532|40
1533|15
1534|47
1535|27
1536|14
1537|29
1538|40
1539|3
1540|16
1541|22
1542|19
1543|23
1544|34
1545|34
1546|5
1547|23
1548|16
1549|33
1550|43
1551|33
1552|49
1553|26
1554|3
1555|36
1556|10
1557|14
1558|44
1559|12
1560|36
1561|39
1562|12
1563|0
1564|34
1565|25
1566|4
1567|7
1568|44
1569|45
1570|8
1571|41
1572|1
1573|8
1574|21
1575|7
1576|49
1577|34
1578|17
1579|16
1580|8
1581|1
1582|1
1583|14
1584|15
1585|16
1586|21
1587|16
1588|20
1589|19
1590|32
1591|25
1592|16
1593|45
1594|8
1595|20
1596|40
1597|6
1598|6
1599|31
1600|37
1601|49
1602|22
1603|29
1604|8
1605|18
1606|6
1607|2
1608|41
1609|4
1610|1
1611|2
1612|9
1613|9
1614|20
1615|26
1616|23
1617|28
1618|42
1619|43
1620|30
1621|11
1622|37
1623|49
1624|5
1625|2
1626|47
1627|41
1628|42
1629|43
1630|9
1631|19
1632|37
1633|22
1634|21
1635|46
1636|2
1637|42
1638|8
1639|40
1640|35
1641|48
1642|19
1643|14
1644|2
1645|22
1646|12
1647|36
1648|16
1649|8
1650|16
1651|16
1652|6
1653|36
1654|5
1655|40
1656|14
1657|46
1658|6
1659|40
1660|19
1661|41
1662|28
1663|41
1664|35
1665|49
1666|0
1667|34
1668|20
1669|7
1670|13
1671|43
1672|29
1673|27
1674|22
1675|1
1676|31
1677|16
1678|10
1679|26
1680|28
1681|45
1682|37
1683|33
1684|3
1685|32
1686|40
1687|7
1688|19
1689|7
1690|40
1691|38
1692|24
1693|5
1694|17
1695|22
1696|7
1697|12
1698|27
1699|43
1700|32
1701|17
1702|7
1703|20
1704|9
1705|3
1706|40
1707|13
1708|37
1709|46
1710|10
1711|38
1712|27
1713|38
1714|20
1715|47
1716|15
1717|38
1718|46
1719|26
1720|6
1721|31
1722|7
1723|15
1724|7
1725|3
1726|23
1727|37
1728|13
1729|16
1730|43
1731|40
1732|8
1733|20
1734|46
1735|44
1736|34
1737|23
1738|19
1739|4
1740|39
1741|45
1742|24
1743|2
1744|24
1745|41
1746|24
1747|49
1748|4
1749|3
1750|2
1751|27
1752|38
1753|29
1754|34
1755|16
1756|35
1757|39
1758|6
1759|26
1760|18
1761|27
1762|14
1763|26
1764|48
1765|37
1766|5
1767|15
1768|12
1769|49
1770|33
1771|39
1772|3
1773|38
1774|34
1775|7
1776|31
1777|43
1778|35
1779|5
1780|37
1781|16
1782|24
1783|45
1784|21
1785|6
1786|37
1787|10
1788|31
1789|14
1790|26
1791|27
1792|40
1793|42
1794|46
1795|2
1796|8
1797|34
1798|16
1799|41
1800|3
1801|47
1802|9
1803|13
1804|6
1805|18
1806|20
1807|8
1808|30
1809|36
1810|33
1811|21
1812|25
1813|1
1814|30
1815|45
1816|0
1817|6
1818|48
1819|25
1820|19
1821|12
1822|12
1823|48
1824|19
1825|15
1826|14
1827|34
1828|22
1829|7
1830|45
1831|24
1832|28
1833|31
1834|31
1835|26
1836|47
1837|14
1838|24
1839|11
1840|13
1841|2
1842|15
1843|10
1844|9
1845|13
1846|16
1847|7
1848|7
1849|12
1850|47
1851|19
1852|4
1853|2
1854|40
1855|6
1856|46
1857|13
1858|47
1859|38
1860|46
1861|35
1862|43
1863|47
1864|43
1865|44
1866|38
1867|23
1868|46
1869|17
1870|33
1871|16
1872|13
1873|5
1874|19
1875|45
1876|38
1877|4
1878|48
1879|45
1880|44
1881|17
1882|48
1883|5
1884|45
1885|18
1886|26
1887|38
1888|29
1889|38
1890|15
1891|43
1892|44
1893|19
1894|38
1895|29
1896|4
1897|6
1898|13
1899|38
1900|40
1901|24
1902|25
1903|20
1904|48
1905|42
1906|30
1907|0
1908|16
1909|39
1910|25
1911|20
1912|4
1913|17
1914|38
1915|6
1916|41
1917|41
1918|12
1919|0
1920|26
1921|24
1922|5
1923|29
1924|18
1925|39
1926|8
1927|18
1928|34
1929|10
1930|21
1931|7
1932|18
1933|14
1934|2
1935|43
1936|40
1937|49
1938|9
1939|34
1940|19
1941|38
1942|45
1943|12
1944|27
1945|45
1946|13
1947|36
1948|4
1949|9
1950|34
1951|20
1952|40
1953|3
1954|12
1955|5
1956|20
1957|26
1958|47
1959|12
1960|1
1961|19
1962|18
1963|28
1964|9
1965|2
1966|6
1967|3
1968|20
1969|13
1970|38
1971|21
1972|42
1973|14
1974|42
1975|11
1976|17
1977|39
1978|36
1979|47
1980|26
1981|35
1982|8
1983|3
1984|39
1985|39
1986|41
1987|4
1988|44
1989|26
1990|45
1991|21
1992|43
1993|1
1994|37
1995|35
1996|45
1997|25
1998|15
1999|7
2000|6
2001|6
2002|0
2003|9
2004|21
2005|38
2006|24
2007|20
2008|20
2009|25
2010|32
2011|0
2012|1
2013|10
2014|32
2015|38
2016|13
2017|32
2018|27
2019|14
2020|12
2021|26
2022|36
2023|38
2024|42
2025|49
2026|24
2027|42
2028|35
2029|13
2030|26
2031|22
2032|32
2033|6
2034|22
2035|40
2036|26
2037|45
2038|47
2039|2
2040|18
2041|1
2042|43
2043|4
2044|6
2045|47
2046|7
2047|43
2048|27
2049|48
2050|43
2051|22
2052|7
2053|45
2054|38
2055|20
2056|13
2057|14
2058|45
2059|27
2060|32
2061|21
2062|17
2063|30
2064|49
2065|0
2066|37
2067|30
2068|31
2069|26
2070|28
2071|7
2072|46
2073|41
2074|42
2075|38
2076|31
2077|21
2078|43
2079|26
2080|13
2081|11
2082|47
2083|16
2084|17
2085|26
2086|12
2087|31
2088|28
2089|14
2090|31
2091|42
2092|14
2093|21
2094|34
2095|17
2096|15
2097|14
2098|38
2099|25
2100|5
2101|6
2102|35
2103|11
2104|3
2105|19
2106|43
2107|36
2108|28
2109|47
2110|4
2111|39
2112|27
2113|33
2114|18
2115|33
2116|40
2117|15
2118|46
2119|22
2120|13
2121|47
2122|49
2123|31
2124|10
2125|46
2126|33
2127|14
2128|6
2129|35
2130|32
2131|17
2132|29
2133|2
2134|46
2135|34
2136|11
2137|45
2138|14
2139|44
2140|4
2141|6
2142|14
2143|31
2144|27
2145|32
2146|13
2147|6
2148|17
2149|1
2150|10
2151|41
2152|21
2153|35
2154|27
2155|43
2156|16
2157|28
2158|16
2159|16
2160|45
2161|19
2162|32
2163|24
2164|40
2165|31
2166|49
2167|7
2168|4
2169|3
2170|14
2171|3
2172|12
2173|13
2174|33
2175|47
2176|30
2177|11
2178|33
2179|29
2180|43
2181|1
2182|6
2183|36
2184|42
2185|40
2186|32
2187|24
2188|39
2189|14
2190|46
2191|33
2192|12
2193|10
2194|14
2195|44
2196|48
2197|38
2198|32
2199|37
2200|10
2201|23
2202|0
2203|4
2204|33
2205|19
2206|6
2207|49
2208|22
2209|20
2210|39
2211|10
2212|37
2213|30
2214|14
2215|6
2216|27
2217|18
2218|1
2219|5
2220|22
2221|9
2222|3
2223|43
2224|41
2225|28
2226|5
2227|16
2228|26
2229|24
2230|20
2231|18
2232|25
2233|5
2234|20
2235|6
2236|12
2237|17
2238|35
2239|49
2240|15
2241|24
2242|48
2243|42
2244|27
2245|48
2246|45
2247|41
2248|2
2249|39
2250|13
2251|7
2252|12
2253|2
2254|49
2255|19
2256|10
2257|46
2258|32
2259|2
2260|21
2261|48
2262|29
2263|15
2264|30
2265|7
2266|43
2267|47
2268|1
2269|26
2270|6
2271|34
2272|46
2273|49
2274|22
2275|4
2276|31
2277|29
2278|1
2279|22
2280|5
2281|46
2282|13
2283|48
2284|24
2285|21
2286|8
2287|7
2288|2
2289|48
2290|7
2291|29
2292|3
2293|28
2294|39
2295|26
2296|35
2297|49
2298|0
2299|49
2300|12
2301|42
2302|9
2303|5
2304|29
2305|2
2306|22
2307|4
2308|27
2309|36
2310|8
2311|27
2312|38
2313|14
2314|2
2315|24
2316|42
2317|14
2318|44
2319|31
2320|0
2321|19
2322|25
2323|8
2324|21
2325|11
2326|16
2327|3
2328|34
2329|40
2330|16
2331|22
2332|12
2333|44
2334|2
2335|2
2336|0
2337|3
2338|31
2339|29
2340|8
2341|9
2342|0
2343|42
2344|29
2345|31
2346|46
2347|26
2348|25
2349|18
2350|6
2351|36
2352|27
2353|22
2354|36
2355|3
2356|40
2357|3
2358|18
2359|49
2360|28
2361|6
2362|24
2363|21
2364|10
2365|38
2366|16
2367|35
2368|48
2369|35
2370|23
2371|33
2372|20
2373|32
2374|43
2375|36
2376|29
2377|4
2378|16
2379|43
2380|45
2381|2
2382|18
2383|28
2384|13
2385|9
2386|49
2387|34
2388|18
2389|9
2390|49
2391|32
2392|49
2393|32
2394|45
2395|34
2396|33
2397|47
2398|17
2399|18
2400|19
2401|45
2402|4
2403|20
2404|38
2405|3
2406|12
2407|26
2408|25
2409|37
2410|7
2411|5
2412|15
2413|38
2414|42
2415|41
2416|35
2417|1
2418|42
2419|32
2420|20
2421|29
2422|30
2423|9
2424|34
2425|40
2426|15
2427|35
2428|42
2429|33
2430|43
2431|42
2432|35
2433|7
2434|7
2435|18
2436|44
2437|14
2438|43
2439|22
2440|1
2441|2
2442|24
2443|45
2444|38
2445|8
2446|28
2447|49
2448|22
2449|23
2450|17
2451|10
2452|3
2453|28
2454|41
2455|38
2456|9
2457|1
2458|19
2459|22
2460|25
2461|29
2462|8
2463|22
2464|29
2465|25
2466|4
2467|18
2468|9
2469|20
2470|38
2471|8
2472|0
2473|6
2474|38
2475|14
2476|0
2477|37
2478|42
2479|14
2480|2
2481|1
2482|9
2483|14
2484|39
2485|3
2486|6
2487|39
2488|8
2489|27
2490|30
2491|16
2492|3
2493|44
2494|32
2495|12
2496|19
2497|41
2498|12
2499|19
2500|4
2501|9
2502|25
2503|29
2504|45
2505|31
2506|39
2507|20
2508|10
2509|6
2510|36
2511|18
2512|17
2513|7
2514|20
2515|19
2516|27
2517|21
2518|25
2519|35
2520|25
2521|35
2522|1
2523|31
2524|5
2525|31
2526|30
2527|44
2528|35
2529|21
2530|38
2531|10
2532|5
2533|13
2534|22
2535|15
2536|5
2537|48
2538|48
2539|5
2540|41
2541|0
2542|38
2543|36
2544|3
2545|33
2546|40
2547|10
2548|28
2549|12
2550|36
2551|14
2552|18
2553|8
2554|5
2555|28
2556|27
2557|21
2558|28
2559|16
2560|31
2561|9
2562|2
2563|32
2564|23
2565|37
2566|42
2567|11
2568|12
2569|5
2570|34
2571|0
2572|42
2573|25
2574|27
2575|48
2576|18
2577|41
2578|24
2579|19
2580|34
2581|36
2582|10
2583|1
2584|4
2585|30
2586|0
2587|25
2588|12
2589|31
2590|2
2591|9
2592|10
2593|5
2594|47
2595|9
2596|41
2597|15
2598|10
2599|19
2600|42
2601|4
2602|12
2603|28
2604|23
2605|14
2606|5
2607|38
2608|37
2609|8
2610|1
2611|20
2612|34
2613|28
2614|1
2615|5
2616|14
2617|37
2618|11
2619|42
2620|33
2621|36
2622|26
2623|34
2624|16
2625|8
2626|40
2627|20
2628|8
2629|28
2630|22
2631|43
2632|43
2633|31
2634|3
2635|23
2636|49
2637|9
2638|26
2639|21
2640|41
2641|39
2642|11
2643|18
2644|37
2645|1
2646|21
2647|34
2648|42
2649|19
2650|16
2651|17
2652|28
2653|49
2654|0
2655|9
2656|17
2657|29
2658|46
2659|37
2660|14
2661|12
2662|16
2663|36
2664|4
2665|48
2666|9
2667|8
2668|17
2669|33
2670|23
2671|33
2672|40
2673|30
2674|44
2675|18
2676|46
2677|27
2678|4
2679|28
2680|27
2681|14
2682|23
2683|29
2684|44
2685|43
2686|42
2687|41
2688|36
2689|36
2690|8
2691|49
2692|38
2693|32
2694|24
2695|20
2696|45
2697|29
2698|7
2699|28
2700|33
2701|18
2702|26
2703|20
2704|28
2705|6
2706|25
2707|30
2708|22
2709|30
2710|20
2711|11
2712|22
2713|29
2714|30
2715|16
2716|32
2717|7
2718|2
2719|8
2720|13
2721|6
2722|35
2723|15
2724|13
2725|26
2726|5
2727|38
2728|2
2729|38
2730|5
2731|49
2732|16
2733|39
2734|32
2735|6
2736|21
2737|28
2738|12
2739|47
2740|9
2741|17
2742|14
2743|10
2744|16
2745|5
2746|5
2747|0
2748|4
2749|2
2750|41
2751|44
2752|48
2753|0
2754|2
2755|41
2756|45
2757|23
2758|45
2759|37
2760|8
2761|29
2762|17
2763|11
2764|35
2765|13
2766|41
2767|19
2768|31
2769|20
2770|17
2771|16
2772|45
2773|31
2774|38
2775|4
2776|29
2777|36
2778|35
2779|35
2780|43
2781|11
2782|45
2783|24
2784|46
2785|20
2786|15
2787|34
2788|47
2789|0
2790|37
2791|33
2792|31
2793|39
2794|15
2795|43
2796|28
2797|35
2798|3
2799|21
2800|19
2801|29
2802|47
2803|41
2804|37
2805|1
2806|29
2807|23
2808|9
2809|0
2810|44
2811|32
2812|14
2813|13
2814|34
2815|44
2816|1
2817|19
2818|31
2819|38
2820|32
2821|30
2822|43
2823|14
2824|29
2825|14
2826|25
2827|40
2828|26
2829|34
2830|8
2831|13
2832|37
2833|17
2834|26
2835|2
2836|22
2837|31
2838|6
2839|35
2840|19
2841|9
2842|39
2843|6
2844|45
2845|38
2846|11
2847|7
2848|37
2849|41
2850|35
2851|7
2852|28
2853|0
2854|19
2855|8
2856|29
2857|33
2858|10
2859|40
2860|28
2861|19
2862|43
2863|41
2864|6
2865|48
2866|29
2867|36
2868|39
2869|8
2870|40
2871|31
2872|5
2873|12
2874|25
2875|38
2876|35
2877|9
2878|24
2879|7
2880|33
2881|40
2882|36
2883|31
2884|36
2885|1
2886|30
2887|0
2888|31
2889|28
2890|14
2891|32
2892|37
2893|7
2894|10
2895|25
2896|12
2897|37
2898|46
2899|24
2900|39
2901|22
2902|16
2903|9
2904|13
2905|31
2906|22
2907|16
2908|9
2909|40
2910|45
2911|10
2912|5
2913|48
2914|19
2915|20
2916|23
2917|40
2918|31
2919|23
2920|5
2921|0
2922|12
2923|36
2924|39
2925|13
2926|34
2927|45
2928|11
2929|6
2930|28
2931|16
2932|8
2933|38
2934|30
2935|39
2936|45
2937|49
2938|35
2939|48
2940|39
2941|13
2942|28
2943|43
2944|31
2945|36
2946|10
2947|44
2948|7
2949|32
2950|22
2951|27
2952|48
2953|5
2954|45
2955|44
2956|14
2957|44
2958|5
2959|44
2960|49
2961|44
2962|30
2963|3
2964|26
2965|2
2966|33
2967|35
2968|45
2969|10
2970|25
2971|47
2972|42
2973|7
2974|19
2975|23
2976|18
2977|26
2978|42
2979|18
2980|13
2981|6
2982|48
2983|40
2984|34
2985|24
2986|9
2987|16
2988|4
2989|3
2990|47
2991|33
2992|16
2993|39
2994|48
2995|10
2996|30
2997|23
2998|3
2999|15
3000|46
