0|20
1|25
2|30
3|23
4|36
5|28
6|20
7|22
8|24
9|40
10|38
11|38
12|7
13|6
14|44
15|4
16|17
17|25
18|36
19|8
20|11
21|40
22|17
23|17
24|39
25|4
26|49
27|41
28|49
29|2
30|28
31|8
32|9
33|9
34|34
35|31
36|48
37|3
38|45
39|7
40|41
41|48
42|8
43|42
44|32
45|20
46|40
47|5
48|11
49|11
50|10
51|44
52|9
53|48
54|47
55|41
56|30
57|17
58|18
59|10
60|45
61|17
62|2
63|23
64|12
65|4
66|9
67|24
68|42
69|47
70|48
71|38
72|1
73|42
74|15
75|4
76|20
77|1
78|24
79|37
80|46
81|32
82|4
83|36
84|11
85|0
86|25
87|19
88|44
89|10
90|22
91|22
92|35
93|3
94|0
95|13
96|39
97|16
98|21
99|27
100|16
101|17
102|7
103|30
104|44
105|15
106|10
107|38
108|22
109|1
110|39
111|0
112|44
113|17
114|37
115|44
116|22
117|39
118|17
119|34
120|27
121|40
122|48
123|7
124|42
125|2
126|24
127|15
128|26
129|49
130|13
131|40
132|5
133|30
134|47
135|7
136|14
137|3
138|41
139|16
140|32
141|23
142|38
143|25
144|31
145|39
146|3
147|32
148|12
149|48
150|43
151|43
152|29
153|23
154|30
155|43
156|31
157|47
158|23
159|36
160|21
161|29
162|29
163|36
164|42
165|28
166|45
167|46
168|9
169|14
170|40
171|32
172|37
173|37
174|15
175|39
176|35
177|47
178|36
179|29
180|30
181|23
182|36
183|37
184|10
185|3
186|18
187|40
188|25
189|9
190|22
191|41
192|33
193|28
194|33
195|46
196|10
197|23
198|27
199|37
200|43
201|9
202|37
203|46
204|11
205|38
206|5
207|5
208|15
209|33
210|24
211|10
212|4
213|7
214|4
215|39
216|28
217|43
218|27
219|36
220|7
221|26
222|29
223|23
224|26
225|40
226|25
227|8
228|15
229|22
230|35
231|23
232|47
233|4
234|6
235|2
236|43
237|13
238|47
239|41
240|35
241|28
242|37
243|29
244|7
245|46
246|41
247|37
248|4
249|38
250|43
251|12
252|8
253|31
254|33
255|22
256|40
257|11
258|49
259|23
260|12
261|18
262|3
263|21
264|3
265|47
266|28
267|38
268|18
269|42
270|21
271|35
272|3
273|16
274|24
275|17
276|38
277|9
278|40
279|30
280|6
281|34
282|2
283|15
284|2
285|42
286|15
287|13
288|39
289|13
290|8
291|3
292|1
293|31
294|47
295|4
296|29
297|41
298|48
299|40
300|18
301|28
302|46
303|0
304|1
305|37
306|45
307|24
308|33
309|11
310|2
311|12
312|34
313|35
314|26
315|13
316|15
317|30
318|13
319|38
320|15
321|34
322|5
323|17
324|16
325|8
326|19
327|7
328|19
329|41
330|44
331|18
332|48
333|1
334|7
335|17
336|0
337|28
338|41
339|32
340|7
341|24
342|4
343|30
344|25
345|6
346|36
347|25
348|27
349|42
350|40
351|18
352|21
353|26
354|10
355|39
356|3
357|14
358|15
359|25
360|29
361|25
362|34
363|9
364|19
365|39
366|40
367|43
368|4
369|16
370|36
371|23
372|3
373|39
374|47
375|30
376|30
377|31
378|4
379|17
380|29
381|24
382|13
383|3
384|21
385|24
386|37
387|24
388|21
389|36
390|7
391|5
392|24
393|11
394|8
395|5
396|44
397|25
398|34
399|17
400|17
401|19
402|14
403|9
404|22
405|42
406|25
407|49
408|31
409|34
410|18
411|18
412|41
413|41
414|33
415|42
416|13
417|36
418|6
419|44
420|44
421|41
422|21
423|38
424|18
425|0
426|28
427|15
428|18
429|46
430|18
431|31
432|17
433|23
434|5
435|49
436|29
437|21
438|24
439|31
440|49
441|35
442|45
443|32
444|26
445|33
446|22
447|5
448|19
449|48
450|15
451|21
452|32
453|30
454|45
455|15
456|7
457|39
458|27
459|42
460|44
461|17
462|47
463|23
464|30
465|1
466|21
467|9
468|24
469|23
470|39
471|44
472|44
473|16
474|33
475|32
476|23
477|34
478|17
479|46
480|33
481|31
482|45
483|43
484|6
485|4
486|32
487|0
488|31
489|36
490|5
491|48
492|47
493|46
494|13
495|42
496|13
497|19
498|1
499|48
500|44
501|33
502|30
503|9
504|48
505|47
506|10
507|8
508|5
509|31
510|21
511|2
512|21
513|45
514|16
515|32
516|33
517|18
518|31
519|31
520|48
521|39
522|39
523|40
524|27
525|33
526|25
527|31
528|5
529|39
530|30
531|29
532|31
533|14
534|25
535|45
536|30
537|8
538|3
539|40
540|27
541|9
542|0
543|40
544|48
545|40
546|42
547|14
548|27
549|18
550|14
551|5
552|46
553|7
554|33
555|33
556|13
557|47
558|6
559|1
560|16
561|34
562|40
563|34
564|21
565|32
566|26
567|21
568|22
569|43
570|28
571|18
572|0
573|16
574|49
575|49
576|20
577|8
578|32
579|29
580|12
581|42
582|24
583|26
584|24
585|4
586|35
587|35
588|46
589|5
590|18
591|30
592|43
593|25
594|3
595|40
596|26
597|13
598|18
599|28
600|7
601|22
602|37
603|48
604|32
605|9
606|10
607|18
608|47
609|45
610|26
611|25
612|26
613|13
614|41
615|18
616|6
617|38
618|34
619|28
620|16
621|4
622|30
623|43
624|28
625|32
626|49
627|39
628|4
629|2
630|24
631|43
632|14
633|31
634|35
635|0
636|24
637|49
638|36
639|12
640|24
641|49
642|1
643|25
644|16
645|47
646|38
647|35
648|28
649|10
650|34
651|46
652|34
653|28
654|36
655|24
656|30
657|17
658|26
659|43
660|34
661|12
662|7
663|23
664|42
665|24
666|10
667|38
668|15
669|40
670|20
671|28
672|46
673|25
674|49
675|5
676|17
677|9
678|30
679|24
680|39
681|17
682|23
683|9
684|38
685|49
686|13
687|3
688|5
689|13
690|33
691|20
692|44
693|48
694|25
695|3
696|26
697|6
698|28
699|2
700|25
701|33
702|33
703|20
704|7
705|43
706|14
707|4
708|5
709|26
710|4
711|25
712|4
713|25
714|29
715|16
716|16
717|0
718|18
719|29
720|44
721|10
722|46
723|0
724|27
725|44
726|33
727|4
728|42
729|9
730|42
731|16
732|27
733|4
734|8
735|32
736|20
737|41
738|22
739|44
740|8
741|34
742|38
743|32
744|5
745|16
746|3
747|10
748|37
749|2
750|42
751|14
752|8
753|42
754|30
755|40
756|12
757|34
758|42
759|6
760|47
761|27
762|20
763|0
764|39
765|39
766|33
767|7
768|11
769|28
770|13
771|27
772|25
773|22
774|3
775|40
776|37
777|40
778|31
779|45
780|48
781|45
782|36
783|22
784|40
785|4
786|17
787|0
788|28
789|47
790|10
791|23
792|13
793|27
794|34
795|0
796|47
797|22
798|4
799|0
800|4
801|48
802|4
803|4
804|2
805|22
806|10
807|8
808|26
809|18
810|29
811|4
812|5
813|37
814|48
815|18
816|11
817|19
818|45
819|7
820|16
821|22
822|4
823|6
824|42
825|10
826|21
827|29
828|22
829|7
830|28
831|36
832|24
833|19
834|20
835|1
836|33
837|10
838|41
839|3
840|12
841|9
842|46
843|2
844|48
845|17
846|43
847|17
848|39
849|23
850|7
851|10
852|46
853|33
854|45
855|37
856|32
857|26
858|37
859|33
860|33
861|2
862|29
863|49
864|29
865|10
866|47
867|42
868|6
869|3
870|5
871|0
872|26
873|25
874|18
875|29
876|1
877|8
878|28
879|44
880|11
881|6
882|45
883|13
884|25
885|36
886|9
887|49
888|12
889|17
890|20
891|7
892|34
893|40
894|33
895|18
896|28
897|28
898|9
899|5
900|12
901|20
902|7
903|32
904|28
905|6
906|39
907|40
908|0
909|2
910|1
911|42
912|17
913|33
914|29
915|34
916|48
917|28
918|31
919|48
920|36
921|17
922|12
923|41
924|37
925|42
926|12
927|4
928|10
929|41
930|12
931|41
932|17
933|34
934|23
935|42
936|27
937|7
938|5
939|7
940|23
941|40
942|16
943|43
944|27
945|6
946|13
947|11
948|19
949|16
950|48
951|12
952|1
953|29
954|45
955|8
956|44
957|43
958|41
959|14
960|21
961|17
962|10
963|29
964|6
965|37
966|32
967|23
968|30
969|33
970|45
971|20
972|33
973|7
974|12
975|31
976|37
977|48
978|26
979|27
980|31
981|18
982|6
983|18
984|12
985|28
986|12
987|42
988|46
989|7
990|7
991|20
992|11
993|45
994|0
995|13
996|6
997|5
998|41
999|12
1000|13
1001|32
1002|18
1003|30
1004|11
1005|35
1006|25
1007|33
1008|27
1009|9
1010|8
1011|29
1012|42
1013|13
1014|42
1015|28
1016|28
1017|14
1018|16
1019|7
1020|44
1021|30
1022|17
1023|15
1024|3
1025|32
1026|20
1027|25
1028|10
1029|12
1030|16
1031|37
1032|12
1033|0
1034|1
1035|13
1036|31
1037|18
1038|5
1039|31
1040|10
1041|19
1042|15
1043|25
1044|3
1045|18
1046|5
1047|34
1048|8
1049|49
1050|31
1051|5
1052|22
1053|10
1054|31
1055|13
1056|41
1057|22
1058|43
1059|49
1060|20
1061|4
1062|36
1063|9
1064|4
1065|41
1066|0
1067|10
1068|12
1069|37
1070|44
1071|19
1072|4
1073|13
1074|10
1075|15
1076|20
1077|15
1078|31
1079|9
1080|30
1081|10
1082|27
1083|19
1084|20
1085|44
1086|18
1087|39
1088|37
1089|33
1090|13
1091|33
1092|41
1093|23
1094|10
1095|4
1096|5
1097|22
1098|31
1099|47
1100|39
1101|31
1102|1
1103|20
1104|45
1105|14
1106|1
1107|48
1108|35
1109|30
1110|1
1111|40
1112|9
1113|13
1114|8
1115|48
1116|7
1117|35
1118|13
1119|12
1120|11
1121|40
1122|42
1123|0
1124|49
1125|40
1126|37
1127|21
1128|45
1129|2
1130|28
1131|32
1132|44
1133|8
1134|11
1135|10
1136|31
1137|36
1138|46
1139|29
1140|38
1141|24
1142|36
1143|34
1144|5
1145|42
1146|26
1147|30
1148|35
1149|40
1150|24
1151|23
1152|35
1153|9
1154|31
1155|47
1156|44
1157|23
1158|15
1159|48
1160|16
1161|9
1162|2
1163|27
1164|11
1165|27
1166|35
1167|38
1168|44
1169|39
1170|4
1171|44
1172|30
1173|2
1174|37
1175|34
1176|14
1177|13
1178|44
1179|17
1180|48
1181|19
1182|2
1183|7
1184|1
1185|20
1186|2
1187|4
1188|3
1189|39
1190|13
1191|8
1192|4
1193|17
1194|48
1195|42
1196|37
1197|23
1198|19
1199|8
1200|1
1201|10
1202|9
1203|18
1204|37
1205|46
1206|35
1207|46
1208|44
1209|10
1210|25
1211|8
1212|47
1213|28
1214|22
1215|48
1216|10
1217|16
1218|25
1219|14
1220|41
1221|25
1222|4
1223|0
1224|41
1225|43
1226|43
1227|17
1228|24
1229|22
1230|28
1231|26
1232|12
1233|37
1234|37
1235|14
1236|30
1237|3
1238|32
1239|20
1240|40
1241|15
1242|37
1243|8
1244|22
1245|9
1246|46
1247|33
1248|34
1249|22
1250|38
1251|38
1252|46
1253|41
1254|16
1255|19
1256|34
1257|41
1258|21
1259|21
1260|26
1261|22
1262|35
1263|13
1264|23
1265|21
1266|11
1267|22
1268|18
1269|48
1270|42
1271|17
1272|40
1273|38
1274|8
1275|5
1276|10
1277|26
1278|21
1279|6
1280|35
1281|40
1282|17
1283|32
1284|7
1285|7
1286|34
1287|1
1288|23
1289|3
1290|24
1291|28
1292|15
1293|32
1294|44
1295|35
1296|48
1297|32
1298|17
1299|49
1300|22
1301|3
1302|42
1303|39
1304|26
1305|36
1306|20
1307|32
1308|35
1309|13
1310|16
1311|46
1312|23
1313|18
1314|33
1315|31
1316|13
1317|12
1318|33
1319|0
1320|4
1321|19
1322|36
1323|33
1324|18
1325|25
1326|18
1327|22
1328|27
1329|30
1330|29
1331|35
1332|10
1333|28
1334|3
1335|28
1336|48
1337|38
1338|49
1339|42
1340|42
1341|35
1342|15
1343|0
1344|14
1345|0
1346|19
1347|19
1348|5
1349|49
1350|45
1351|11
1352|47
1353|47
1354|35
1355|22
1356|13
1357|41
1358|38
1359|47
1360|20
1361|6
1362|9
1363|12
1364|23
1365|34
1366|42
1367|33
1368|8
1369|43
1370|27
1371|43
1372|28
1373|42
1374|15
1375|16
1376|25
1377|45
1378|22
1379|20
1380|4
1381|33
1382|13
1383|5
1384|24
1385|31
1386|24
1387|45
1388|3
1389|12
1390|11
1391|17
1392|34
1393|33
1394|36
1395|34
1396|0
1397|46
1398|6
1399|8
1400|17
1401|28
1402|17
1403|48
1404|35
1405|21
1406|1
1407|41
1408|24
1409|24
1410|15
1411|42
1412|27
1413|48
1414|44
1415|7
1416|18
1417|31
1418|8
1419|41
1420|43
1421|35
1422|25
1423|2
1424|23
1425|25
1426|18
1427|2
1428|0
1429|40
1430|17
1431|10
1432|1
1433|4
1434|4
1435|43
1436|46
1437|37
1438|35
1439|47
1440|9
1441|45
1442|27
1443|7
1444|30
1445|20
1446|34
1447|16
1448|7
1449|5
1450|8
1451|0
1452|0
1453|13
1454|40
1455|42
1456|37
1457|10
1458|5
1459|4
1460|26
1461|7
1462|5
1463|24
1464|28
1465|39
1466|6
1467|9
1468|35
1469|0
1470|40
1471|14
1472|6
1473|48
1474|7
1475|1
1476|6
1477|24
1478|34
1479|30
1480|33
1481|3
1482|10
1483|15
1484|4
1485|1
1486|24
1487|38
1488|38
1489|27
1490|12
1491|19
1492|38
1493|9
1494|7
1495|33
1496|48
1497|12
1498|43
1499|28
1500|20
1501|25
1502|23
1503|35
1504|33
1505|18
1506|10
1507|36
1508|40
1509|49
1510|9
1511|23
1512|28
1513|25
1514|30
1515|41
1516|2
1517|13
1518|34
1519|10
1520|6
1521|16
1522|41
1523|13
1524|29
1525|27
1526|46
1527|5
1528|1
1529|31
1530|17
1531|31
1532|17
1533|7
1534|47
1535|49
1536|31
1537|2
1538|28
1539|40
1540|35
1541|27
1542|27
1543|14
1544|36
1545|5
1546|4
1547|30
1548|36
1549|37
1550|38
1551|0
1552|16
1553|33
1554|28
1555|4
1556|31
1557|48
1558|29
1559|0
1560|25
1561|12
1562|27
1563|24
1564|8
1565|24
1566|28
1567|13
1568|32
1569|12
1570|31
1571|15
1572|30
1573|2
1574|35
1575|37
1576|43
1577|36
1578|30
1579|20
1580|30
1581|16
1582|42
1583|3
1584|28
1585|37
1586|40
1587|39
1588|30
1589|48
1590|25
1591|17
1592|48
1593|44
1594|19
1595|21
1596|4
1597|4
1598|13
1599|26
1600|21
1601|40
1602|0
1603|11
1604|3
1605|6
1606|34
1607|3
1608|6
1609|40
1610|0
1611|11
1612|11
1613|25
1614|27
1615|13
1616|12
1617|9
1618|29
1619|16
1620|27
1621|3
1622|8
1623|25
1624|19
1625|47
1626|33
1627|4
1628|13
1629|28
1630|41
1631|39
1632|37
1633|12
1634|43
1635|30
1636|7
1637|49
1638|13
1639|32
1640|33
1641|27
1642|48
1643|7
1644|14
1645|25
1646|26
1647|13
1648|48
1649|23
1650|49
1651|30
1652|49
1653|12
1654|39
1655|43
1656|24
1657|32
1658|42
1659|23
1660|12
1661|24
1662|34
1663|13
1664|35
1665|3
1666|31
1667|46
1668|39
1669|43
1670|14
1671|3
1672|0
1673|40
1674|43
1675|0
1676|47
1677|12
1678|6
1679|49
1680|32
1681|45
1682|29
1683|7
1684|46
1685|42
1686|5
1687|32
1688|5
1689|5
1690|8
1691|40
1692|34
1693|37
1694|9
1695|9
1696|26
1697|2
1698|4
1699|39
1700|10
1701|47
1702|31
1703|30
1704|1
1705|36
1706|35
1707|10
1708|23
1709|34
1710|15
1711|14
1712|31
1713|20
1714|9
1715|15
1716|5
1717|15
1718|4
1719|48
1720|41
1721|44
1722|25
1723|17
1724|44
1725|4
1726|48
1727|36
1728|18
1729|13
1730|2
1731|7
1732|21
1733|0
1734|40
1735|20
1736|10
1737|29
1738|4
1739|33
1740|13
1741|14
1742|4
1743|34
1744|7
1745|2
1746|31
1747|26
1748|45
1749|6
1750|29
1751|7
1752|1
1753|4
1754|43
1755|18
1756|19
1757|17
1758|4
1759|25
1760|8
1761|30
1762|9
1763|5
1764|10
1765|26
1766|46
1767|33
1768|34
1769|37
1770|17
1771|19
1772|10
1773|31
1774|14
1775|18
1776|29
1777|15
1778|33
1779|29
1780|19
1781|49
1782|49
1783|24
1784|47
1785|32
1786|39
1787|39
1788|3
1789|45
1790|45
1791|9
1792|12
1793|30
1794|29
1795|33
1796|48
1797|23
1798|19
1799|49
1800|25
1801|46
1802|28
1803|35
1804|15
1805|17
1806|35
1807|47
1808|14
1809|10
1810|22
1811|10
1812|14
1813|23
1814|0
1815|26
1816|18
1817|8
1818|24
1819|45
1820|43
1821|48
1822|15
1823|34
1824|28
1825|4
1826|25
1827|20
1828|4
1829|17
1830|13
1831|17
1832|33
1833|11
1834|41
1835|44
1836|31
1837|8
1838|30
1839|38
1840|15
1841|48
1842|26
1843|44
1844|37
1845|33
1846|7
1847|32
1848|14
1849|46
1850|43
1851|8
1852|30
1853|35
1854|34
1855|21
1856|25
1857|2
1858|34
1859|7
1860|17
1861|18
1862|31
1863|26
1864|28
1865|37
1866|9
1867|22
1868|34
1869|7
1870|22
1871|40
1872|12
1873|39
1874|37
1875|26
1876|18
1877|27
1878|25
1879|32
1880|42
1881|25
1882|24
1883|39
1884|19
1885|19
1886|35
1887|18
1888|47
1889|12
1890|46
1891|16
1892|32
1893|22
1894|24
1895|49
1896|44
1897|44
1898|12
1899|36
1900|7
1901|3
1902|12
1903|6
1904|22
1905|39
1906|34
1907|30
1908|46
1909|27
1910|18
1911|35
1912|42
1913|33
1914|42
1915|6
1916|21
1917|26
1918|17
1919|38
1920|25
1921|6
1922|21
1923|32
1924|32
1925|30
1926|23
1927|3
1928|10
1929|10
1930|6
1931|18
1932|33
1933|2
1934|6
1935|11
1936|1
1937|27
1938|35
1939|19
1940|12
1941|2
1942|41
1943|29
1944|7
1945|19
1946|48
1947|28
1948|24
1949|44
1950|37
1951|5
1952|32
1953|13
1954|3
1955|6
1956|5
1957|6
1958|11
1959|2
1960|6
1961|46
1962|8
1963|49
1964|17
1965|25
1966|6
1967|18
1968|18
1969|19
1970|45
1971|10
1972|37
1973|41
1974|15
1975|44
1976|30
1977|45
1978|24
1979|37
1980|47
1981|30
1982|33
1983|20
1984|33
1985|24
1986|30
1987|28
1988|0
1989|45
1990|32
1991|12
1992|20
1993|49
1994|46
1995|33
1996|16
1997|49
1998|33
1999|12
2000|28
2001|22
2002|26
2003|45
2004|14
2005|19
2006|14
2007|41
2008|3
2009|19
2010|38
2011|48
2012|23
2013|35
2014|31
2015|42
2016|25
2017|17
2018|47
2019|28
2020|46
2021|48
2022|31
2023|48
2024|22
2025|5
2026|0
2027|39
2028|40
2029|24
2030|5
2031|29
2032|1
2033|28
2034|10
2035|34
2036|39
2037|32
2038|41
2039|38
2040|42
2041|24
2042|25
2043|44
2044|7
2045|25
2046|16
2047|46
2048|34
2049|4
2050|44
2051|32
2052|4
2053|39
2054|49
2055|21
2056|32
2057|42
2058|17
2059|15
2060|16
2061|34
2062|48
2063|40
2064|18
2065|37
2066|31
2067|37
2068|41
2069|8
2070|7
2071|31
2072|22
2073|5
2074|28
2075|25
2076|18
2077|47
2078|8
2079|26
2080|35
2081|9
2082|32
2083|6
2084|39
2085|5
2086|24
2087|48
2088|29
2089|44
2090|39
2091|1
2092|23
2093|40
2094|48
2095|7
2096|8
2097|30
2098|19
2099|22
2100|9
2101|22
2102|10
2103|37
2104|13
2105|26
2106|10
2107|27
2108|6
2109|30
2110|1
2111|4
2112|46
2113|19
2114|5
2115|6
2116|45
2117|9
2118|12
2119|31
2120|27
2121|22
2122|40
2123|41
2124|32
2125|3
2126|7
2127|13
2128|13
2129|14
2130|37
2131|14
2132|14
2133|31
2134|7
2135|35
2136|46
2137|49
2138|10
2139|46
2140|2
2141|8
2142|39
2143|4
2144|41
2145|7
2146|21
2147|18
2148|45
2149|41
2150|24
2151|19
2152|34
2153|43
2154|2
2155|41
2156|40
2157|47
2158|35
2159|26
2160|37
2161|31
2162|48
2163|14
2164|41
2165|27
2166|1
2167|38
2168|39
2169|31
2170|3
2171|36
2172|43
2173|23
2174|20
2175|46
2176|20
2177|43
2178|1
2179|33
2180|30
2181|43
2182|4
2183|40
2184|40
2185|15
2186|0
2187|45
2188|29
2189|1
2190|36
2191|49
2192|21
2193|11
2194|20
2195|24
2196|6
2197|8
2198|11
2199|5
2200|18
2201|28
2202|34
2203|13
2204|30
2205|18
2206|34
2207|23
2208|19
2209|2
2210|48
2211|36
2212|31
2213|12
2214|0
2215|3
2216|17
2217|18
2218|48
2219|39
2220|38
2221|34
2222|40
2223|34
2224|20
2225|17
2226|9
2227|25
2228|24
2229|4
2230|47
2231|24
2232|43
2233|47
2234|43
2235|27
2236|12
2237|0
2238|27
2239|4
2240|21
2241|40
2242|5
2243|35
2244|29
2245|33
2246|14
2247|30
2248|11
2249|11
2250|30
2251|39
2252|13
2253|14
2254|23
2255|4
2256|32
2257|29
2258|33
2259|20
2260|30
2261|29
2262|38
2263|11
2264|45
2265|32
2266|0
2267|48
2268|49
2269|33
2270|5
2271|12
2272|6
2273|47
2274|49
2275|21
2276|5
2277|28
2278|43
2279|4
2280|42
2281|29
2282|47
2283|41
2284|38
2285|11
2286|25
2287|17
2288|36
2289|4
2290|22
2291|27
2292|43
2293|1
2294|5
2295|13
2296|17
2297|43
2298|48
2299|18
2300|14
2301|26
2302|10
2303|10
2304|0
2305|18
2306|45
2307|46
2308|5
2309|15
2310|10
2311|0
2312|7
2313|43
2314|15
2315|13
2316|47
2317|32
2318|8
2319|40
2320|44
2321|36
2322|7
2323|43
2324|22
2325|11
2326|34
2327|22
2328|3
2329|47
2330|9
2331|16
2332|48
2333|36
2334|22
2335|9
2336|9
2337|19
2338|44
2339|27
2340|22
2341|5
2342|22
2343|31
2344|28
2345|24
2346|8
2347|6
2348|30
2349|32
2350|12
2351|46
2352|49
2353|45
2354|40
2355|40
2356|39
2357|29
2358|2
2359|0
2360|47
2361|30
2362|30
2363|25
2364|34
2365|49
2366|7
2367|45
2368|13
2369|41
2370|17
2371|16
2372|37
2373|7
2374|29
2375|26
2376|47
2377|19
2378|13
2379|36
2380|10
2381|23
2382|43
2383|28
2384|47
2385|16
2386|8
2387|6
2388|31
2389|14
2390|2
2391|26
2392|15
2393|9
2394|3
2395|47
2396|9
2397|17
2398|39
2399|11
2400|45
2401|36
2402|45
2403|36
2404|2
2405|49
2406|6
2407|18
2408|43
2409|26
2410|32
2411|14
2412|5
2413|7
2414|21
2415|13
2416|45
2417|5
2418|49
2419|14
2420|5
2421|41
2422|10
2423|36
2424|21
2425|9
2426|44
2427|39
2428|32
2429|41
2430|39
2431|29
2432|9
2433|4
2434|11
2435|47
2436|22
2437|30
2438|28
2439|24
2440|14
2441|35
2442|33
2443|24
2444|32
2445|9
2446|8
2447|38
2448|38
2449|9
2450|11
2451|14
2452|46
2453|40
2454|3
2455|35
2456|28
2457|48
2458|46
2459|49
2460|24
2461|0
2462|20
2463|24
2464|15
2465|39
2466|18
2467|25
2468|1
2469|47
2470|38
2471|33
2472|2
2473|3
2474|15
2475|1
2476|44
2477|16
2478|27
2479|16
2480|0
2481|45
2482|14
2483|21
2484|17
2485|20
2486|42
2487|26
2488|46
2489|44
2490|33
2491|41
2492|35
2493|32
2494|42
2495|8
2496|27
2497|21
2498|25
2499|22
2500|35
2501|8
2502|42
2503|30
2504|31
2505|29
2506|18
2507|19
2508|25
2509|31
2510|45
2511|31
2512|19
2513|49
2514|38
2515|23
2516|7
2517|26
2518|37
2519|34
2520|15
2521|9
2522|1
2523|2
2524|38
2525|3
2526|6
2527|48
2528|35
2529|47
2530|11
2531|30
2532|49
2533|13
2534|38
2535|29
2536|25
2537|30
2538|28
2539|27
2540|6
2541|40
2542|20
2543|6
2544|40
2545|25
2546|2
2547|48
2548|36
2549|44
2550|13
2551|3
2552|27
2553|26
2554|44
2555|4
2556|10
2557|28
2558|30
2559|3
2560|4
2561|32
2562|2
2563|25
2564|44
2565|25
2566|4
2567|45
2568|10
2569|21
2570|5
2571|32
2572|1
2573|33
2574|11
2575|9
2576|29
2577|21
2578|11
2579|22
2580|45
2581|0
2582|31
2583|5
2584|34
2585|36
2586|26
2587|32
2588|31
2589|46
2590|49
2591|0
2592|24
2593|43
2594|38
2595|39
2596|12
2597|7
2598|48
2599|26
2600|20
2601|23
2602|44
2603|40
2604|48
2605|41
2606|28
2607|41
2608|35
2609|6
2610|11
2611|9
2612|41
2613|41
2614|12
2615|47
2616|1
2617|9
2618|46
2619|28
2620|28
2621|23
2622|6
2623|22
2624|6
2625|6
2626|22
2627|38
2628|49
2629|47
2630|49
2631|29
2632|6
2633|44
2634|43
2635|47
2636|23
2637|13
2638|18
2639|39
2640|43
2641|23
2642|2
2643|34
2644|39
2645|14
2646|0
2647|6
2648|44
2649|15
2650|31
2651|48
2652|32
2653|28
2654|12
2655|14
2656|11
2657|20
2658|42
2659|30
2660|45
2661|10
2662|6
2663|36
2664|8
2665|48
2666|40
2667|29
2668|34
2669|38
2670|6
2671|29
2672|24
2673|34
2674|10
2675|33
2676|48
2677|31
2678|30
2679|19
2680|1
2681|24
2682|29
2683|30
2684|20
2685|30
2686|45
2687|3
2688|2
2689|29
2690|15
2691|35
2692|23
2693|9
2694|43
2695|30
2696|42
2697|2
2698|18
2699|40
2700|0
2701|36
2702|15
2703|36
2704|5
2705|49
2706|17
2707|9
2708|14
2709|26
2710|47
2711|21
2712|48
2713|27
2714|42
2715|32
2716|39
2717|15
2718|28
2719|46
2720|1
2721|41
2722|47
2723|44
2724|32
2725|16
2726|29
2727|21
2728|38
2729|13
2730|5
2731|48
2732|33
2733|45
2734|44
2735|48
2736|8
2737|12
2738|0
2739|30
2740|2
2741|10
2742|19
2743|22
2744|9
2745|21
2746|42
2747|32
2748|8
2749|28
2750|36
2751|30
2752|29
2753|37
2754|20
2755|15
2756|24
2757|1
2758|10
2759|4
2760|28
2761|31
2762|40
2763|3
2764|8
2765|38
2766|23
2767|43
2768|6
2769|34
2770|25
2771|6
2772|25
2773|0
2774|9
2775|12
2776|35
2777|16
2778|37
2779|49
2780|46
2781|37
2782|29
2783|5
2784|6
2785|48
2786|40
2787|35
2788|15
2789|33
2790|1
2791|41
2792|35
2793|2
2794|11
2795|10
2796|12
2797|26
2798|26
2799|2
2800|25
2801|12
2802|21
2803|14
2804|36
2805|11
2806|32
2807|8
2808|44
2809|10
2810|16
2811|49
2812|31
2813|18
2814|30
2815|14
2816|31
2817|16
2818|35
2819|4
2820|18
2821|35
2822|47
2823|11
2824|15
2825|31
2826|0
2827|46
2828|16
2829|41
2830|20
2831|2
2832|7
2833|48
2834|18
2835|24
2836|44
2837|17
2838|28
2839|37
2840|34
2841|28
2842|41
2843|15
2844|40
2845|11
2846|18
2847|21
2848|29
2849|15
2850|18
2851|33
2852|45
2853|43
2854|29
2855|45
2856|38
2857|2
2858|3
2859|17
2860|47
2861|13
2862|4
2863|34
2864|26
2865|28
2866|46
2867|45
2868|46
2869|18
2870|16
2871|4
2872|45
2873|41
2874|32
2875|37
2876|16
2877|44
2878|14
2879|23
2880|6
2881|18
2882|44
2883|26
2884|5
2885|14
2886|12
2887|16
2888|46
2889|3
2890|40
2891|48
2892|35
2893|21
2894|1
2895|13
2896|24
2897|23
2898|2
2899|30
2900|0
2901|45
2902|21
2903|41
2904|47
2905|43
2906|30
2907|37
2908|10
2909|1
2910|34
2911|6
2912|37
2913|19
2914|23
2915|12
2916|11
2917|39
2918|16
2919|31
2920|27
2921|7
2922|38
2923|44
2924|37
2925|32
2926|34
2927|46
2928|34
2929|48
2930|8
2931|23
2932|1
2933|49
2934|25
2935|1
2936|32
2937|6
2938|13
2939|6
2940|15
2941|21
2942|38
2943|47
2944|21
2945|39
2946|49
2947|26
2948|17
2949|10
2950|37
2951|9
2952|26
2953|5
2954|27
2955|11
2956|8
2957|38
2958|3
2959|14
2960|34
2961|31
2962|42
2963|35
2964|48
2965|34
2966|31
2967|39
2968|25
2969|42
2970|47
2971|0
2972|11
2973|19
2974|47
2975|6
2976|8
2977|16
2978|20
2979|24
2980|48
2981|49
2982|40
2983|21
2984|25
2985|15
2986|48
2987|48
2988|5
2989|48
2990|41
2991|38
2992|32
2993|46
2994|18
2995|7
2996|12
2997|41
2998|32
2999|10
3000|12
