0|33
1|40
2|6
3|30
4|35
5|47
6|47
7|37
8|36
9|12
10|23
11|7
12|20
13|36
14|32
15|32
16|26
17|12
18|2
19|26
20|45
21|8
22|11
23|0
24|2
25|1
26|16
27|37
28|41
29|8
30|46
31|31
32|29
33|37
34|45
35|12
36|44
37|38
38|35
39|22
40|5
41|28
42|34
43|42
44|30
45|8
46|0
47|48
48|23
49|11
50|11
51|39
52|31
53|4
54|15
55|22
56|47
57|14
58|33
59|7
60|18
61|41
62|31
63|42
64|2
65|11
66|9
67|11
68|26
69|31
70|13
71|28
72|35
73|19
74|44
75|24
76|19
77|42
78|23
79|19
80|0
81|40
82|17
83|21
84|43
85|45
86|27
87|5
88|20
89|22
90|32
91|20
92|12
93|10
94|36
95|37
96|6
97|23
98|41
99|24
100|7
101|48
102|14
103|45
104|31
105|28
106|30
107|5
108|41
109|44
110|26
111|6
112|43
113|7
114|4
115|13
116|46
117|20
118|37
119|3
120|0
121|0
122|46
123|47
124|26
125|18
126|15
127|22
128|44
129|19
130|27
131|42
132|28
133|30
134|45
135|48
136|9
137|47
138|34
139|41
140|43
141|34
142|28
143|39
144|18
145|2
146|27
147|39
148|6
149|21
150|41
151|4
152|32
153|23
154|40
155|12
156|43
157|30
158|48
159|24
160|1
161|24
162|23
163|21
164|31
165|21
166|0
167|19
168|2
169|47
170|22
171|44
172|37
173|30
174|49
175|10
176|44
177|40
178|22
179|38
180|37
181|31
182|10
183|19
184|2
185|37
186|27
187|44
188|8
189|26
190|9
191|20
192|24
193|29
194|6
195|28
196|0
197|45
198|12
199|49
200|8
201|37
202|13
203|7
204|41
205|33
206|23
207|28
208|4
209|23
210|35
211|16
212|23
213|14
214|44
215|8
216|4
217|31
218|13
219|2
220|0
221|25
222|18
223|20
224|9
225|22
226|6
227|25
228|36
229|1
230|43
231|43
232|26
233|39
234|5
235|34
236|40
237|35
238|42
239|15
240|1
241|14
242|39
243|25
244|6
245|14
246|39
247|40
248|11
249|46
250|16
251|38
252|27
253|40
254|35
255|40
256|48
257|46
258|21
259|13
260|20
261|19
262|2
263|31
264|25
265|2
266|34
267|41
268|13
269|45
270|37
271|18
272|17
273|47
274|26
275|42
276|20
277|29
278|22
279|28
280|2
281|30
282|9
283|30
284|48
285|11
286|5
287|13
288|47
289|36
290|10
291|2
292|6
293|24
294|45
295|16
296|27
297|17
298|15
299|11
300|30
301|13
302|4
303|22
304|26
305|7
306|25
307|47
308|27
309|1
310|21
311|25
312|43
313|48
314|33
315|35
316|41
317|8
318|48
319|41
320|28
321|48
322|10
323|5
324|14
325|42
326|19
327|21
328|3
329|38
330|24
331|29
332|17
333|1
334|22
335|13
336|33
337|19
338|22
339|41
340|44
341|37
342|35
343|24
344|17
345|23
346|43
347|28
348|38
349|33
350|19
351|3
352|35
353|39
354|45
355|15
356|3
357|49
358|20
359|45
360|37
361|42
362|20
363|7
364|43
365|26
366|3
367|4
368|29
369|25
370|8
371|4
372|35
373|35
374|42
375|11
376|15
377|33
378|12
379|5
380|2
381|16
382|49
383|26
384|37
385|34
386|49
387|40
388|34
389|40
390|6
391|5
392|49
393|48
394|36
395|46
396|20
397|8
398|28
399|48
400|34
401|34
402|45
403|14
404|42
405|14
406|12
407|7
408|17
409|49
410|20
411|31
412|27
413|20
414|0
415|26
416|4
417|40
418|43
419|24
420|22
421|44
422|17
423|25
424|46
425|26
426|31
427|42
428|36
429|15
430|37
431|34
432|47
433|21
434|40
435|45
436|20
437|12
438|9
439|33
440|45
441|20
442|19
443|40
444|28
445|5
446|25
447|30
448|47
449|49
450|9
451|48
452|18
453|10
454|7
455|44
456|27
457|19
458|5
459|27
460|30
461|15
462|44
463|49
464|22
465|32
466|48
467|14
468|18
469|11
470|45
471|20
472|0
473|42
474|14
475|35
476|6
477|26
478|11
479|30
480|47
481|32
482|27
483|24
484|43
485|37
486|40
487|32
488|11
489|46
490|18
491|44
492|21
493|10
494|1
495|34
496|19
497|40
498|34
499|23
500|26
501|46
502|22
503|45
504|19
505|0
506|17
507|40
508|45
509|9
510|0
511|40
512|12
513|46
514|16
515|1
516|39
517|36
518|18
519|43
520|26
521|24
522|31
523|17
524|29
525|31
526|44
527|8
528|32
529|20
530|5
531|3
532|44
533|9
534|20
535|12
536|19
537|27
538|33
539|0
540|47
541|2
542|38
543|4
544|37
545|49
546|24
547|28
548|38
549|22
550|5
551|49
552|26
553|23
554|45
555|11
556|18
557|29
558|27
559|25
560|15
561|7
562|8
563|41
564|34
565|46
566|39
567|18
568|10
569|11
570|14
571|38
572|30
573|4
574|39
575|14
576|28
577|38
578|26
579|28
580|34
581|40
582|25
583|20
584|0
585|30
586|15
587|15
588|28
589|15
590|12
591|18
592|16
593|46
594|6
595|6
596|41
597|13
598|28
599|42
600|6
601|21
602|33
603|12
604|41
605|21
606|9
607|5
608|25
609|25
610|36
611|24
612|15
613|31
614|40
615|5
616|19
617|10
618|14
619|46
620|44
621|37
622|19
623|2
624|6
625|49
626|48
627|20
628|38
629|13
630|11
631|35
632|32
633|10
634|42
635|10
636|14
637|9
638|34
639|13
640|44
641|39
642|9
643|14
644|35
645|29
646|25
647|10
648|46
649|15
650|12
651|45
652|21
653|33
654|0
655|32
656|40
657|4
658|35
659|38
660|7
661|44
662|15
663|32
664|36
665|43
666|44
667|17
668|29
669|24
670|26
671|3
672|25
673|43
674|3
675|31
676|0
677|32
678|2
679|30
680|41
681|48
682|19
683|10
684|43
685|47
686|19
687|15
688|37
689|4
690|24
691|34
692|34
693|26
694|30
695|13
696|25
697|29
698|42
699|25
700|6
701|18
702|21
703|4
704|48
705|30
706|3
707|25
708|23
709|24
710|42
711|16
712|18
713|12
714|38
715|28
716|23
717|13
718|46
719|21
720|37
721|16
722|30
723|32
724|32
725|48
726|36
727|37
728|16
729|36
730|13
731|24
732|19
733|14
734|9
735|23
736|34
737|17
738|38
739|34
740|44
741|12
742|13
743|3
744|32
745|29
746|18
747|25
748|13
749|45
750|25
751|11
752|24
753|17
754|23
755|42
756|41
757|28
758|44
759|19
760|33
761|24
762|5
763|34
764|40
765|33
766|47
767|15
768|44
769|36
770|17
771|32
772|41
773|23
774|32
775|26
776|0
777|43
778|0
779|31
780|39
781|17
782|42
783|48
784|25
785|22
786|44
787|10
788|3
789|14
790|18
791|34
792|17
793|4
794|10
795|49
796|32
797|35
798|43
799|26
800|47
801|8
802|7
803|17
804|41
805|2
806|47
807|41
808|40
809|24
810|20
811|2
812|0
813|14
814|22
815|42
816|32
817|35
818|3
819|3
820|10
821|29
822|13
823|25
824|25
825|39
826|45
827|1
828|1
829|4
830|20
831|7
832|27
833|19
834|19
835|22
836|3
837|15
838|8
839|43
840|20
841|33
842|37
843|14
844|32
845|46
846|27
847|10
848|44
849|41
850|27
851|7
852|30
853|9
854|36
855|14
856|3
857|18
858|41
859|34
860|1
861|38
862|2
863|27
864|38
865|36
866|6
867|17
868|3
869|38
870|47
871|21
872|19
873|20
874|18
875|14
876|2
877|37
878|28
879|36
880|22
881|18
882|42
883|36
884|9
885|12
886|15
887|38
888|35
889|42
890|10
891|49
892|47
893|45
894|38
895|19
896|23
897|20
898|7
899|34
900|43
901|15
902|25
903|29
904|10
905|34
906|18
907|46
908|20
909|18
910|38
911|37
912|44
913|25
914|3
915|32
916|41
917|27
918|8
919|39
920|28
921|19
922|28
923|36
924|39
925|30
926|30
927|42
928|24
929|21
930|5
931|35
932|9
933|11
934|33
935|42
936|9
937|29
938|5
939|10
940|46
941|39
942|7
943|27
944|41
945|3
946|15
947|5
948|22
949|30
950|23
951|49
952|15
953|23
954|18
955|29
956|29
957|3
958|20
959|2
960|42
961|29
962|24
963|4
964|8
965|42
966|45
967|14
968|45
969|10
970|4
971|31
972|11
973|46
974|30
975|2
976|47
977|6
978|45
979|22
980|26
981|39
982|0
983|18
984|44
985|3
986|5
987|19
988|13
989|22
990|22
991|38
992|8
993|16
994|3
995|18
996|3
997|2
998|41
999|28
1000|21
1001|48
1002|45
1003|4
1004|5
1005|26
1006|32
1007|49
1008|39
1009|8
1010|28
1011|49
1012|1
1013|20
1014|27
1015|20
1016|46
1017|33
1018|12
1019|37
1020|19
1021|0
1022|9
1023|37
1024|2
1025|10
1026|6
1027|19
1028|22
1029|0
1030|22
1031|6
1032|25
1033|25
1034|27
1035|11
1036|33
1037|9
1038|43
1039|2
1040|16
1041|13
1042|13
1043|18
1044|5
1045|22
1046|28
1047|38
1048|21
1049|41
1050|15
1051|5
1052|45
1053|1
1054|45
1055|4
1056|7
1057|26
1058|46
1059|43
1060|17
1061|6
1062|7
1063|8
1064|37
1065|38
1066|45
1067|13
1068|2
1069|45
1070|19
1071|48
1072|46
1073|11
1074|9
1075|9
1076|41
1077|25
1078|4
1079|4
1080|21
1081|23
1082|19
1083|14
1084|16
1085|16
1086|31
1087|4
1088|45
1089|35
1090|15
1091|48
1092|1
1093|12
1094|8
1095|29
1096|0
1097|6
1098|22
1099|48
1100|44
1101|39
1102|44
1103|45
1104|31
1105|5
1106|9
1107|6
1108|1
1109|33
1110|8
1111|5
1112|36
1113|2
1114|28
1115|42
1116|48
1117|1
1118|43
1119|19
1120|40
1121|20
1122|8
1123|18
1124|39
1125|43
1126|37
1127|45
1128|15
1129|14
1130|11
1131|36
1132|9
1133|1
1134|28
1135|42
1136|4
1137|24
1138|22
1139|23
1140|7
1141|49
1142|46
1143|32
1144|32
1145|11
1146|14
1147|31
1148|49
1149|12
1150|20
1151|22
1152|37
1153|41
1154|19
1155|8
1156|49
1157|33
1158|12
1159|11
1160|4
1161|20
1162|40
1163|9
1164|29
1165|19
1166|37
1167|48
1168|38
1169|11
1170|39
1171|0
1172|36
1173|15
1174|27
1175|16
1176|5
1177|41
1178|24
1179|44
1180|4
1181|0
1182|20
1183|14
1184|23
1185|21
1186|31
1187|2
1188|21
1189|4
1190|16
1191|47
1192|26
1193|48
1194|46
1195|46
1196|27
1197|40
1198|17
1199|11
1200|27
1201|4
1202|37
1203|12
1204|33
1205|36
1206|12
1207|39
1208|19
1209|30
1210|12
1211|11
1212|47
1213|45
1214|0
1215|40
1216|19
1217|43
1218|4
1219|26
1220|49
1221|15
1222|29
1223|36
1224|24
1225|48
1226|47
1227|31
1228|36
1229|4
1230|13
1231|0
1232|3
1233|32
1234|43
1235|15
1236|24
1237|0
1238|7
1239|8
1240|10
1241|41
1242|34
1243|29
1244|42
1245|19
1246|34
1247|1
1248|27
1249|39
1250|37
1251|24
1252|20
1253|48
1254|42
1255|9
1256|24
1257|35
1258|28
1259|6
1260|0
1261|35
1262|8
1263|38
1264|5
1265|2
1266|12
1267|33
1268|29
1269|5
1270|43
1271|25
1272|38
1273|31
1274|19
1275|3
1276|28
1277|8
1278|38
1279|4
1280|25
1281|8
1282|17
1283|34
1284|27
1285|33
1286|19
1287|26
1288|10
1289|43
1290|8
1291|17
1292|13
1293|35
1294|36
1295|42
1296|38
1297|11
1298|34
1299|43
1300|35
1301|23
1302|20
1303|20
1304|4
1305|42
1306|34
1307|18
1308|16
1309|40
1310|0
1311|10
1312|49
1313|41
1314|37
1315|26
1316|22
1317|4
1318|21
1319|16
1320|13
1321|18
1322|36
1323|38
1324|22
1325|7
1326|32
1327|15
1328|39
1329|49
1330|40
1331|15
1332|0
1333|8
1334|22
1335|11
1336|38
1337|3
1338|36
1339|17
1340|40
1341|18
1342|5
1343|19
1344|3
1345|39
1346|8
1347|43
1348|19
1349|36
1350|22
1351|4
1352|6
1353|25
1354|28
1355|40
1356|1
1357|33
1358|32
1359|0
1360|24
1361|10
1362|48
1363|27
1364|30
1365|17
1366|7
1367|9
1368|49
1369|43
1370|28
1371|22
1372|20
1373|36
1374|9
1375|0
1376|5
1377|12
1378|23
1379|13
1380|17
1381|11
1382|20
1383|45
1384|35
1385|30
1386|43
1387|5
1388|36
1389|31
1390|9
1391|17
1392|11
1393|20
1394|6
1395|45
1396|30
1397|44
1398|13
1399|30
1400|0
1401|8
1402|29
1403|22
1404|27
1405|34
1406|41
1407|0
1408|18
1409|36
1410|3
1411|34
1412|20
1413|41
1414|3
1415|48
1416|43
1417|13
1418|44
1419|8
1420|0
1421|4
1422|39
1423|39
1424|6
1425|2
1426|13
1427|21
1428|37
1429|0
1430|32
1431|32
1432|15
1433|9
1434|14
1435|1
1436|2
1437|11
1438|8
1439|17
1440|18
1441|39
1442|2
1443|17
1444|44
1445|41
1446|37
1447|49
1448|24
1449|46
1450|32
1451|12
1452|8
1453|28
1454|19
1455|29
1456|9
1457|12
1458|9
1459|29
1460|23
1461|33
1462|12
1463|2
1464|32
1465|15
1466|29
1467|15
1468|45
1469|30
1470|6
1471|48
1472|44
1473|0
1474|13
1475|39
1476|14
1477|13
1478|40
1479|41
1480|43
1481|4
1482|43
1483|36
1484|44
1485|40
1486|17
1487|26
1488|8
1489|26
1490|26
1491|41
1492|16
1493|39
1494|25
1495|3
1496|38
1497|7
1498|31
1499|24
1500|36
1501|47
1502|34
1503|34
1504|35
1505|13
1506|48
1507|30
1508|43
1509|1
1510|36
1511|38
1512|9
1513|0
1514|5
1515|15
1516|2
1517|48
1518|15
1519|43
1520|22
1521|25
1522|3
1523|0
1524|15
1525|1
1526|5
1527|45
1528|48
1529|13
1530|8
1531|35
1532|46
1533|17
1534|13
1535|36
1536|41
1537|20
1538|42
1539|7
1540|1
1541|34
1542|3
1543|44
1544|38
1545|25
1546|43
1547|45
1548|41
1549|4
1550|31
1551|2
1552|41
1553|2
1554|37
1555|46
1556|12
1557|17
1558|6
1559|38
1560|38
1561|29
1562|11
1563|20
1564|17
1565|31
1566|37
1567|29
1568|41
1569|22
1570|37
1571|28
1572|26
1573|44
1574|37
1575|25
1576|47
1577|7
1578|22
1579|33
1580|26
1581|36
1582|7
1583|8
1584|18
1585|5
1586|27
1587|15
1588|44
1589|41
1590|36
1591|38
1592|33
1593|23
1594|12
1595|15
1596|29
1597|12
1598|2
1599|8
1600|21
1601|46
1602|8
1603|27
1604|11
1605|45
1606|12
1607|21
1608|2
1609|33
1610|21
1611|11
1612|15
1613|12
1614|39
1615|26
1616|46
1617|9
1618|8
1619|17
1620|33
1621|11
1622|5
1623|34
1624|0
1625|46
1626|46
1627|44
1628|9
1629|24
1630|24
1631|2
1632|5
1633|37
1634|7
1635|36
1636|49
1637|0
1638|22
1639|49
1640|49
1641|9
1642|45
1643|1
1644|38
1645|45
1646|7
1647|15
1648|41
1649|17
1650|29
1651|20
1652|27
1653|24
1654|45
1655|47
1656|37
1657|42
1658|11
1659|19
1660|46
1661|23
1662|3
1663|25
1664|3
1665|9
1666|39
1667|48
1668|40
1669|17
1670|46
1671|31
1672|39
1673|40
1674|22
1675|26
1676|22
1677|37
1678|37
1679|22
1680|25
1681|36
1682|27
1683|11
1684|43
1685|2
1686|4
1687|43
1688|26
1689|31
1690|14
1691|11
1692|16
1693|9
1694|7
1695|26
1696|17
1697|29
1698|20
1699|37
1700|12
1701|0
1702|8
1703|34
1704|41
1705|27
1706|40
1707|47
1708|13
1709|21
1710|45
1711|14
1712|49
1713|3
1714|34
1715|32
1716|11
1717|23
1718|13
1719|16
1720|28
1721|16
1722|9
1723|11
1724|21
1725|39
1726|30
1727|14
1728|5
1729|12
1730|11
1731|39
1732|4
1733|47
1734|13
1735|41
1736|43
1737|2
1738|18
1739|36
1740|29
1741|23
1742|33
1743|37
1744|14
1745|20
1746|33
1747|21
1748|10
1749|20
1750|2
1751|43
1752|40
1753|18
1754|33
1755|43
1756|11
1757|37
1758|39
1759|44
1760|2
1761|28
1762|47
1763|48
1764|10
1765|31
1766|21
1767|41
1768|12
1769|23
1770|5
1771|12
1772|27
1773|43
1774|23
1775|12
1776|39
1777|30
1778|14
1779|38
1780|25
1781|3
1782|22
1783|16
1784|0
1785|10
1786|15
1787|26
1788|39
1789|7
1790|25
1791|25
1792|13
1793|32
1794|17
1795|42
1796|40
1797|5
1798|47
1799|39
1800|13
1801|8
1802|34
1803|27
1804|47
1805|2
1806|18
1807|34
1808|34
1809|29
1810|6
1811|47
1812|24
1813|14
1814|8
1815|5
1816|7
1817|44
1818|46
1819|9
1820|12
1821|0
1822|14
1823|43
1824|45
1825|19
1826|8
1827|8
1828|43
1829|0
1830|49
1831|3
1832|0
1833|29
1834|43
1835|24
1836|1
1837|38
1838|14
1839|36
1840|13
1841|36
1842|9
1843|35
1844|11
1845|26
1846|28
1847|14
1848|14
1849|29
1850|29
1851|12
1852|42
1853|30
1854|19
1855|3
1856|18
1857|34
1858|41
1859|34
1860|40
1861|12
1862|1
1863|10
1864|30
1865|42
1866|41
1867|19
1868|25
1869|41
1870|2
1871|5
1872|41
1873|28
1874|20
1875|30
1876|16
1877|49
1878|41
1879|10
1880|19
1881|2
1882|1
1883|20
1884|9
1885|3
1886|46
1887|22
1888|22
1889|15
1890|35
1891|36
1892|13
1893|2
1894|39
1895|45
1896|21
1897|37
1898|15
1899|25
1900|49
1901|35
1902|48
1903|43
1904|19
1905|27
1906|9
1907|10
1908|40
1909|15
1910|44
1911|1
1912|18
1913|33
1914|41
1915|28
1916|32
1917|29
1918|9
1919|21
1920|44
1921|40
1922|41
1923|20
1924|26
1925|7
1926|10
1927|36
1928|5
1929|7
1930|2
1931|49
1932|25
1933|39
1934|27
1935|45
1936|5
1937|30
1938|11
1939|7
1940|0
1941|35
1942|13
1943|40
1944|42
1945|3
1946|27
1947|38
1948|2
1949|9
1950|33
1951|45
1952|46
1953|46
1954|22
1955|32
1956|43
1957|9
1958|25
1959|6
1960|22
1961|3
1962|36
1963|19
1964|4
1965|17
1966|25
1967|12
1968|1
1969|18
1970|48
1971|11
1972|20
1973|25
1974|40
1975|24
1976|16
1977|45
1978|35
1979|4
1980|1
1981|12
1982|36
1983|34
1984|11
1985|29
1986|1
1987|26
1988|9
1989|10
1990|22
1991|3
1992|38
1993|3
1994|37
1995|35
1996|36
1997|35
1998|14
1999|49
2000|27
2001|46
2002|1
2003|15
2004|26
2005|47
2006|25
2007|12
2008|16
2009|44
2010|18
2011|28
2012|3
2013|48
2014|17
2015|31
2016|32
2017|45
2018|37
2019|20
2020|49
2021|21
2022|47
2023|32
2024|35
2025|10
2026|10
2027|34
2028|47
2029|42
2030|28
2031|29
2032|21
2033|10
2034|19
2035|49
2036|45
2037|37
2038|46
2039|46
2040|24
2041|2
2042|28
2043|14
2044|10
2045|11
2046|46
2047|35
2048|43
2049|28
2050|44
2051|49
2052|37
2053|49
2054|26
2055|3
2056|18
2057|28
2058|43
2059|23
2060|18
2061|44
2062|6
2063|46
2064|47
2065|1
2066|35
2067|19
2068|45
2069|38
2070|43
2071|1
2072|41
2073|2
2074|1
2075|13
2076|9
2077|13
2078|19
2079|41
2080|17
2081|4
2082|25
2083|21
2084|3
2085|19
2086|11
2087|4
2088|14
2089|48
2090|0
2091|46
2092|3
2093|21
2094|13
2095|1
2096|16
2097|36
2098|38
2099|39
2100|26
2101|12
2102|30
2103|9
2104|2
2105|17
2106|32
2107|25
2108|33
2109|24
2110|40
2111|26
2112|8
2113|35
2114|0
2115|36
2116|32
2117|10
2118|17
2119|36
2120|25
2121|33
2122|47
2123|32
2124|46
2125|34
2126|1
2127|39
2128|39
2129|15
2130|39
2131|45
2132|27
2133|27
2134|22
2135|42
2136|46
2137|31
2138|43
2139|46
2140|16
2141|12
2142|27
2143|26
2144|40
2145|7
2146|1
2147|15
2148|5
2149|49
2150|33
2151|31
2152|7
2153|1
2154|26
2155|6
2156|37
2157|19
2158|6
2159|17
2160|2
2161|25
2162|33
2163|27
2164|11
2165|2
2166|30
2167|9
2168|35
2169|22
2170|21
2171|30
2172|24
2173|38
2174|4
2175|4
2176|0
2177|30
2178|3
2179|18
2180|14
2181|29
2182|35
2183|40
2184|8
2185|1
2186|42
2187|30
2188|24
2189|28
2190|49
2191|44
2192|1
2193|45
2194|35
2195|31
2196|12
2197|41
2198|44
2199|43
2200|35
2201|19
2202|29
2203|34
2204|26
2205|47
2206|7
2207|7
2208|49
2209|0
2210|36
2211|2
2212|31
2213|2
2214|10
2215|45
2216|18
2217|0
2218|21
2219|45
2220|39
2221|0
2222|1
2223|44
2224|17
2225|23
2226|32
2227|18
2228|36
2229|24
2230|3
2231|34
2232|43
2233|48
2234|30
2235|26
2236|34
2237|31
2238|38
2239|14
2240|44
2241|35
2242|30
2243|45
2244|4
2245|24
2246|18
2247|45
2248|45
2249|17
2250|7
2251|13
2252|14
2253|27
2254|20
2255|16
2256|1
2257|36
2258|12
2259|29
2260|48
2261|28
2262|25
2263|41
2264|12
2265|23
2266|7
2267|41
2268|32
2269|16
2270|12
2271|38
2272|5
2273|33
2274|20
2275|23
2276|40
2277|14
2278|2
2279|7
2280|4
2281|43
2282|3
2283|19
2284|38
2285|15
2286|38
2287|6
2288|38
2289|31
2290|40
2291|15
2292|32
2293|7
2294|29
2295|25
2296|45
2297|46
2298|37
2299|30
2300|41
2301|26
2302|15
2303|49
2304|14
2305|40
2306|19
2307|2
2308|36
2309|16
2310|14
2311|49
2312|10
2313|30
2314|32
2315|30
2316|14
2317|22
2318|33
2319|16
2320|14
2321|44
2322|24
2323|44
2324|17
2325|19
2326|33
2327|1
2328|30
2329|43
2330|45
2331|31
2332|2
2333|33
2334|18
2335|10
2336|1
2337|36
2338|22
2339|13
2340|34
2341|27
2342|31
2343|44
2344|13
2345|16
2346|7
2347|5
2348|5
2349|5
2350|40
2351|48
2352|49
2353|48
2354|31
2355|25
2356|46
2357|37
2358|38
2359|32
2360|31
2361|38
2362|32
2363|16
2364|5
2365|24
2366|29
2367|33
2368|8
2369|45
2370|42
2371|26
2372|26
2373|25
2374|3
2375|43
2376|7
2377|4
2378|8
2379|0
2380|20
2381|38
2382|45
2383|8
2384|40
2385|2
2386|35
2387|6
2388|4
2389|19
2390|8
2391|3
2392|37
2393|37
2394|35
2395|2
2396|36
2397|6
2398|11
2399|46
2400|1
2401|15
2402|26
2403|34
2404|41
2405|14
2406|30
2407|21
2408|11
2409|37
2410|28
2411|8
2412|8
2413|29
2414|42
2415|9
2416|38
2417|40
2418|17
2419|31
2420|22
2421|23
2422|45
2423|42
2424|4
2425|6
2426|41
2427|19
2428|18
2429|23
2430|32
2431|43
2432|45
2433|3
2434|41
2435|41
2436|15
2437|21
2438|40
2439|3
2440|6
2441|34
2442|24
2443|25
2444|27
2445|33
2446|44
2447|47
2448|49
2449|31
2450|41
2451|26
2452|33
2453|4
2454|11
2455|4
2456|19
2457|19
2458|41
2459|7
2460|28
2461|25
2462|1
2463|22
2464|40
2465|2
2466|16
2467|5
2468|6
2469|9
2470|15
2471|3
2472|37
2473|6
2474|29
2475|29
2476|27
2477|40
2478|17
2479|47
2480|44
2481|48
2482|5
2483|11
2484|0
2485|28
2486|42
2487|22
2488|37
2489|45
2490|4
2491|44
2492|36
2493|32
2494|13
2495|22
2496|17
2497|46
2498|28
2499|49
2500|3
2501|47
2502|43
2503|46
2504|48
2505|41
2506|32
2507|16
2508|7
2509|14
2510|24
2511|2
2512|49
2513|28
2514|40
2515|4
2516|28
2517|17
2518|20
2519|7
2520|10
2521|39
2522|23
2523|48
2524|48
2525|16
2526|28
2527|47
2528|33
2529|40
2530|47
2531|17
2532|49
2533|22
2534|16
2535|6
2536|7
2537|26
2538|8
2539|10
2540|36
2541|26
2542|39
2543|34
2544|16
2545|44
2546|47
2547|36
2548|10
2549|0
2550|13
2551|22
2552|31
2553|47
2554|30
2555|46
2556|3
2557|16
2558|40
2559|30
2560|46
2561|48
2562|46
2563|41
2564|28
2565|43
2566|30
2567|7
2568|23
2569|14
2570|23
2571|30
2572|0
2573|6
2574|8
2575|32
2576|45
2577|40
2578|29
2579|49
2580|18
2581|1
2582|1
2583|47
2584|8
2585|20
2586|0
2587|38
2588|29
2589|16
2590|49
2591|46
2592|37
2593|47
2594|45
2595|27
2596|24
2597|27
2598|19
2599|29
2600|49
2601|19
2602|35
2603|16
2604|5
2605|20
2606|9
2607|20
2608|46
2609|8
2610|21
2611|31
2612|11
2613|34
2614|2
2615|33
2616|38
2617|42
2618|3
2619|11
2620|6
2621|32
2622|34
2623|14
2624|28
2625|18
2626|41
2627|21
2628|22
2629|46
2630|11
2631|0
2632|37
2633|15
2634|20
2635|32
2636|12
2637|47
2638|34
2639|16
2640|19
2641|39
2642|0
2643|22
2644|20
2645|27
2646|34
2647|33
2648|13
2649|10
2650|14
2651|12
2652|23
2653|35
2654|26
2655|27
2656|47
2657|28
2658|2
2659|13
2660|4
2661|4
2662|28
2663|35
2664|25
2665|31
2666|44
2667|14
2668|39
2669|27
2670|15
2671|47
2672|49
2673|6
2674|49
2675|30
2676|10
2677|25
2678|46
2679|24
2680|16
2681|7
2682|7
2683|8
2684|21
2685|45
2686|38
2687|49
2688|12
2689|8
2690|7
2691|27
2692|13
2693|38
2694|9
2695|30
2696|14
2697|3
2698|18
2699|0
2700|24
2701|30
2702|6
2703|12
2704|33
2705|22
2706|10
2707|26
2708|18
2709|40
2710|6
2711|13
2712|22
2713|38
2714|11
2715|14
2716|8
2717|10
2718|39
2719|33
2720|47
2721|18
2722|9
2723|28
2724|26
2725|19
2726|26
2727|6
2728|43
2729|21
2730|35
2731|15
2732|10
2733|36
2734|27
2735|25
2736|20
2737|47
2738|19
2739|10
2740|13
2741|6
2742|31
2743|22
2744|13
2745|31
2746|9
2747|4
2748|4
2749|1
2750|43
2751|34
2752|8
2753|20
2754|25
2755|36
2756|3
2757|15
2758|26
2759|40
2760|45
2761|21
2762|4
2763|15
2764|14
2765|26
2766|18
2767|17
2768|30
2769|2
2770|5
2771|28
2772|30
2773|18
2774|11
2775|32
2776|34
2777|45
2778|28
2779|37
2780|27
2781|0
2782|36
2783|28
2784|4
2785|17
2786|16
2787|39
2788|34
2789|17
2790|11
2791|47
2792|8
2793|35
2794|7
2795|48
2796|36
2797|37
2798|24
2799|39
2800|43
2801|34
2802|9
2803|40
2804|30
2805|28
2806|39
2807|22
2808|47
2809|1
2810|5
2811|33
2812|6
2813|5
2814|6
2815|2
2816|0
2817|26
2818|31
2819|20
2820|3
2821|18
2822|42
2823|22
2824|12
2825|37
2826|40
2827|38
2828|8
2829|46
2830|19
2831|38
2832|6
2833|39
2834|14
2835|22
2836|48
2837|38
2838|17
2839|37
2840|20
2841|13
2842|5
2843|34
2844|22
2845|11
2846|36
2847|48
2848|5
2849|48
2850|49
2851|2
2852|11
2853|47
2854|41
2855|17
2856|10
2857|29
2858|22
2859|15
2860|15
2861|5
2862|22
2863|1
2864|16
2865|48
2866|44
2867|23
2868|44
2869|21
2870|26
2871|48
2872|24
2873|34
2874|37
2875|41
2876|35
2877|26
2878|40
2879|43
2880|35
2881|20
2882|37
2883|17
2884|32
2885|28
2886|7
2887|13
2888|9
2889|5
2890|39
2891|25
2892|17
2893|44
2894|5
2895|43
2896|35
2897|6
2898|44
2899|15
2900|43
2901|17
2902|41
2903|48
2904|18
2905|23
2906|38
2907|30
2908|39
2909|14
2910|47
2911|29
2912|32
2913|34
2914|46
2915|24
2916|46
2917|21
2918|35
2919|7
2920|40
2921|15
2922|18
2923|35
2924|47
2925|39
2926|29
2927|12
2928|45
2929|18
2930|48
2931|26
2932|49
2933|0
2934|14
2935|27
2936|25
2937|4
2938|11
2939|32
2940|1
2941|4
2942|3
2943|30
2944|45
2945|13
2946|25
2947|5
2948|19
2949|12
2950|3
2951|26
2952|47
2953|39
2954|16
2955|31
2956|47
2957|1
2958|28
2959|43
2960|21
2961|42
2962|2
2963|36
2964|30
2965|3
2966|49
2967|36
2968|11
2969|12
2970|21
2971|6
2972|36
2973|44
2974|49
2975|1
2976|14
2977|24
2978|39
2979|26
2980|27
2981|10
2982|49
2983|7
2984|4
2985|1
2986|1
2987|41
2988|37
2989|29
2990|37
2991|5
2992|34
2993|41
2994|17
2995|49
2996|37
2997|42
2998|22
2999|36
3000|16
