0|41
1|34
2|5
3|44
4|6
5|21
6|27
7|28
8|11
9|11
10|28
11|48
12|12
13|3
14|22
15|31
16|25
17|47
18|20
19|29
20|10
21|3
22|28
23|18
24|14
25|30
26|2
27|8
28|1
29|4
30|43
31|6
32|41
33|44
34|39
35|1
36|18
37|34
38|1
39|41
40|0
41|7
42|4
43|14
44|36
45|9
46|35
47|34
48|40
49|47
50|10
51|39
52|46
53|44
54|12
55|10
56|2
57|43
58|34
59|5
60|36
61|36
62|38
63|40
64|32
65|19
66|23
67|16
68|9
69|2
70|3
71|48
72|6
73|49
74|31
75|9
76|24
77|25
78|24
79|12
80|22
81|36
82|20
83|31
84|10
85|19
86|20
87|23
88|36
89|5
90|26
91|17
92|12
93|36
94|18
95|14
96|32
97|20
98|31
99|39
100|44
101|14
102|48
103|30
104|47
105|13
106|17
107|7
108|0
109|31
110|34
111|4
112|46
113|1
114|38
115|2
116|31
117|38
118|32
119|45
120|6
121|27
122|26
123|35
124|49
125|24
126|1
127|25
128|10
129|36
130|9
131|11
132|42
133|15
134|33
135|13
136|7
137|13
138|45
139|36
140|22
141|19
142|38
143|40
144|13
145|45
146|44
147|12
148|0
149|35
150|9
151|4
152|10
153|5
154|13
155|32
156|7
157|24
158|18
159|21
160|37
161|34
162|30
163|27
164|23
165|45
166|3
167|20
168|17
169|34
170|49
171|38
172|6
173|13
174|40
175|9
176|15
177|11
178|12
179|42
180|47
181|32
182|1
183|33
184|29
185|21
186|1
187|31
188|32
189|46
190|7
191|23
192|7
193|45
194|26
195|25
196|19
197|22
198|4
199|5
200|46
201|14
202|15
203|3
204|11
205|49
206|37
207|12
208|5
209|17
210|7
211|38
212|34
213|7
214|33
215|25
216|31
217|0
218|40
219|31
220|19
221|24
222|44
223|18
224|25
225|28
226|23
227|43
228|8
229|18
230|19
231|7
232|43
233|15
234|43
235|12
236|7
237|41
238|35
239|33
240|38
241|26
242|33
243|22
244|37
245|22
246|44
247|28
248|20
249|4
250|0
251|39
252|9
253|14
254|16
255|16
256|44
257|18
258|7
259|0
260|0
261|21
262|9
263|21
264|38
265|33
266|37
267|45
268|0
269|3
270|36
271|0
272|18
273|24
274|40
275|9
276|49
277|33
278|12
279|31
280|24
281|14
282|27
283|16
284|26
285|47
286|5
287|28
288|45
289|32
290|18
291|44
292|4
293|31
294|27
295|49
296|44
297|8
298|7
299|12
300|39
301|6
302|34
303|18
304|8
305|46
306|22
307|20
308|15
309|26
310|20
311|3
312|43
313|33
314|36
315|45
316|48
317|40
318|10
319|48
320|16
321|31
322|12
323|4
324|41
325|8
326|2
327|16
328|24
329|25
330|0
331|2
332|42
333|37
334|9
335|37
336|3
337|46
338|20
339|21
340|26
341|31
342|17
343|14
344|17
345|20
346|49
347|48
348|45
349|23
350|23
351|17
352|35
353|40
354|27
355|44
356|40
357|43
358|16
359|14
360|48
361|0
362|46
363|38
364|39
365|4
366|42
367|36
368|11
369|17
370|34
371|46
372|32
373|18
374|18
375|44
376|48
377|5
378|36
379|24
380|33
381|7
382|2
383|29
384|4
385|38
386|16
387|44
388|48
389|35
390|2
391|11
392|21
393|11
394|9
395|12
396|45
397|30
398|47
399|42
400|4
401|14
402|15
403|46
404|23
405|45
406|48
407|16
408|26
409|40
410|19
411|5
412|21
413|34
414|35
415|42
416|30
417|6
418|43
419|37
420|30
421|42
422|25
423|42
424|12
425|35
426|49
427|34
428|42
429|47
430|45
431|37
432|27
433|18
434|34
435|31
436|11
437|24
438|19
439|29
440|35
441|12
442|40
443|5
444|37
445|6
446|13
447|4
448|45
449|36
450|44
451|1
452|21
453|37
454|32
455|14
456|39
457|4
458|46
459|31
460|44
461|41
462|13
463|22
464|10
465|8
466|30
467|22
468|4
469|29
470|20
471|5
472|37
473|15
474|19
475|3
476|44
477|4
478|36
479|42
480|47
481|43
482|49
483|1
484|11
485|33
486|0
487|30
488|45
489|23
490|49
491|41
492|30
493|28
494|32
495|33
496|9
497|25
498|32
499|21
500|49
501|43
502|17
503|47
504|48
505|19
506|33
507|30
508|24
509|36
510|39
511|30
512|19
513|9
514|20
515|40
516|23
517|22
518|46
519|46
520|11
521|20
522|8
523|8
524|36
525|47
526|13
527|15
528|41
529|34
530|46
531|6
532|15
533|32
534|26
535|1
536|49
537|44
538|4
539|16
540|23
541|13
542|41
543|6
544|17
545|13
546|4
547|38
548|28
549|31
550|21
551|0
552|44
553|44
554|39
555|33
556|44
557|18
558|10
559|39
560|3
561|40
562|37
563|32
564|25
565|3
566|3
567|39
568|34
569|46
570|24
571|5
572|43
573|19
574|7
575|20
576|37
577|35
578|43
579|17
580|44
581|28
582|35
583|47
584|40
585|47
586|12
587|19
588|15
589|30
590|22
591|37
592|23
593|44
594|27
595|33
596|19
597|19
598|46
599|37
600|23
601|8
602|19
603|26
604|16
605|6
606|5
607|33
608|47
609|28
610|47
611|13
612|47
613|19
614|15
615|28
616|37
617|18
618|1
619|18
620|15
621|49
622|14
623|21
624|0
625|14
626|16
627|30
628|21
629|14
630|16
631|15
632|41
633|22
634|39
635|39
636|3
637|26
638|14
639|0
640|14
641|37
642|2
643|1
644|49
645|27
646|34
647|16
648|43
649|6
650|4
651|26
652|44
653|33
654|1
655|34
656|46
657|31
658|34
659|5
660|9
661|13
662|27
663|3
664|21
665|44
666|23
667|24
668|41
669|37
670|20
671|46
672|27
673|33
674|0
675|10
676|25
677|16
678|22
679|27
680|1
681|36
682|42
683|38
684|1
685|36
686|40
687|17
688|36
689|7
690|20
691|12
692|48
693|5
694|48
695|49
696|9
697|45
698|25
699|6
700|2
701|7
702|17
703|25
704|23
705|17
706|30
707|16
708|23
709|5
710|10
711|45
712|25
713|9
714|21
715|36
716|14
717|17
718|25
719|12
720|19
721|33
722|20
723|21
724|13
725|8
726|26
727|35
728|14
729|7
730|27
731|24
732|20
733|44
734|5
735|1
736|14
737|20
738|40
739|49
740|37
741|16
742|44
743|41
744|25
745|10
746|11
747|43
748|41
749|34
750|15
751|2
752|9
753|41
754|20
755|46
756|15
757|44
758|23
759|23
760|47
761|3
762|31
763|24
764|15
765|3
766|40
767|13
768|1
769|37
770|46
771|37
772|38
773|11
774|40
775|42
776|6
777|48
778|45
779|23
780|38
781|46
782|35
783|10
784|5
785|48
786|2
787|40
788|34
789|21
790|14
791|36
792|3
793|45
794|47
795|2
796|21
797|28
798|19
799|42
800|11
801|39
802|32
803|31
804|20
805|26
806|6
807|32
808|9
809|36
810|4
811|24
812|11
813|41
814|34
815|40
816|14
817|20
818|12
819|40
820|12
821|3
822|23
823|16
824|39
825|18
826|35
827|29
828|1
829|44
830|32
831|27
832|14
833|33
834|26
835|2
836|19
837|40
838|10
839|29
840|11
841|21
842|40
843|29
844|33
845|29
846|47
847|0
848|41
849|12
850|39
851|33
852|31
853|39
854|43
855|30
856|49
857|48
858|16
859|23
860|29
861|3
862|40
863|38
864|40
865|49
866|31
867|2
868|37
869|29
870|49
871|24
872|41
873|6
874|0
875|6
876|19
877|26
878|34
879|33
880|35
881|26
882|22
883|4
884|6
885|48
886|48
887|49
888|13
889|40
890|32
891|36
892|28
893|39
894|18
895|39
896|4
897|15
898|31
899|41
900|49
901|16
902|35
903|48
904|31
905|0
906|8
907|4
908|43
909|21
910|14
911|0
912|10
913|49
914|31
915|25
916|27
917|48
918|16
919|19
920|18
921|3
922|13
923|9
924|8
925|39
926|43
927|47
928|32
929|30
930|40
931|46
932|38
933|1
934|21
935|15
936|39
937|43
938|4
939|6
940|19
941|4
942|10
943|25
944|6
945|8
946|35
947|48
948|8
949|40
950|14
951|10
952|3
953|8
954|4
955|39
956|37
957|3
958|16
959|3
960|22
961|48
962|44
963|10
964|43
965|2
966|34
967|28
968|26
969|28
970|27
971|24
972|45
973|36
974|19
975|35
976|32
977|12
978|19
979|22
980|28
981|45
982|46
983|9
984|45
985|12
986|2
987|0
988|46
989|46
990|7
991|39
992|24
993|27
994|27
995|13
996|42
997|49
998|29
999|12
1000|35
1001|5
1002|45
1003|2
1004|35
1005|2
1006|22
1007|49
1008|11
1009|44
1010|27
1011|7
1012|31
1013|43
1014|30
1015|33
1016|3
1017|28
1018|35
1019|42
1020|1
1021|13
1022|19
1023|19
1024|46
1025|42
1026|29
1027|41
1028|46
1029|7
1030|15
1031|21
1032|21
1033|11
1034|25
1035|16
1036|48
1037|28
1038|19
1039|31
1040|0
1041|5
1042|14
1043|29
1044|39
1045|5
1046|37
1047|44
1048|41
1049|17
1050|28
1051|32
1052|44
1053|40
1054|23
1055|36
1056|38
1057|45
1058|11
1059|42
1060|32
1061|2
1062|18
1063|11
1064|49
1065|36
1066|2
1067|19
1068|15
1069|36
1070|21
1071|45
1072|40
1073|12
1074|31
1075|21
1076|45
1077|45
1078|36
1079|31
1080|4
1081|8
1082|39
1083|38
1084|21
1085|11
1086|33
1087|39
1088|47
1089|3
1090|37
1091|1
1092|18
1093|19
1094|23
1095|41
1096|35
1097|47
1098|36
1099|48
1100|20
1101|34
1102|2
1103|2
1104|11
1105|21
1106|10
1107|49
1108|23
1109|4
1110|21
1111|47
1112|33
1113|4
1114|37
1115|33
1116|45
1117|10
1118|22
1119|8
1120|44
1121|39
1122|11
1123|17
1124|22
1125|15
1126|43
1127|46
1128|2
1129|41
1130|25
1131|21
1132|9
1133|22
1134|48
1135|27
1136|11
1137|30
1138|27
1139|47
1140|45
1141|48
1142|48
1143|8
1144|22
1145|7
1146|14
1147|13
1148|44
1149|47
1150|44
1151|18
1152|31
1153|38
1154|45
1155|24
1156|11
1157|32
1158|13
1159|28
1160|39
1161|45
1162|48
1163|34
1164|14
1165|22
1166|3
1167|12
1168|27
1169|12
1170|46
1171|19
1172|38
1173|18
1174|29
1175|40
1176|16
1177|46
1178|7
1179|24
1180|34
1181|38
1182|4
1183|36
1184|15
1185|5
1186|9
1187|2
1188|0
1189|0
1190|20
1191|12
1192|10
1193|16
1194|29
1195|18
1196|9
1197|24
1198|25
1199|39
1200|39
1201|1
1202|33
1203|39
1204|48
1205|18
1206|15
1207|16
1208|12
1209|47
1210|41
1211|1
1212|44
1213|45
1214|20
1215|28
1216|20
1217|45
1218|36
1219|40
1220|34
1221|19
1222|12
1223|5
1224|26
1225|15
1226|48
1227|35
1228|25
1229|8
1230|49
1231|45
1232|17
1233|21
1234|1
1235|5
1236|13
1237|28
1238|23
1239|9
1240|42
1241|29
1242|18
1243|35
1244|48
1245|12
1246|42
1247|30
1248|5
1249|49
1250|6
1251|33
1252|46
1253|48
1254|30
1255|29
1256|22
1257|47
1258|7
1259|37
1260|0
1261|30
1262|25
1263|41
1264|49
1265|23
1266|36
1267|9
1268|27
1269|40
1270|47
1271|45
1272|12
1273|36
1274|10
1275|16
1276|14
1277|23
1278|3
1279|43
1280|25
1281|38
1282|13
1283|33
1284|43
1285|18
1286|23
1287|24
1288|34
1289|21
1290|36
1291|1
1292|32
1293|39
1294|44
1295|42
1296|6
1297|21
1298|22
1299|46
1300|21
1301|30
1302|17
1303|39
1304|9
1305|33
1306|25
1307|38
1308|2
1309|13
1310|43
1311|28
1312|0
1313|31
1314|29
1315|30
1316|38
1317|36
1318|42
1319|37
1320|39
1321|20
1322|35
1323|4
1324|26
1325|40
1326|1
1327|40
1328|1
1329|12
1330|41
1331|13
1332|29
1333|46
1334|46
1335|4
1336|39
1337|8
1338|5
1339|22
1340|23
1341|39
1342|1
1343|35
1344|17
1345|7
1346|6
1347|44
1348|1
1349|39
1350|12
1351|1
1352|44
1353|49
1354|31
1355|0
1356|38
1357|25
1358|34
1359|41
1360|33
1361|15
1362|41
1363|23
1364|25
1365|28
1366|28
1367|14
1368|26
1369|20
1370|9
1371|38
1372|20
1373|49
1374|25
1375|31
1376|7
1377|35
1378|9
1379|4
1380|38
1381|23
1382|36
1383|40
1384|33
1385|39
1386|10
1387|41
1388|14
1389|9
1390|22
1391|44
1392|0
1393|37
1394|35
1395|1
1396|44
1397|3
1398|6
1399|31
1400|16
1401|19
1402|35
1403|49
1404|33
1405|26
1406|32
1407|15
1408|45
1409|24
1410|0
1411|5
1412|24
1413|24
1414|24
1415|27
1416|27
1417|29
1418|44
1419|20
1420|29
1421|1
1422|29
1423|36
1424|33
1425|13
1426|31
1427|34
1428|24
1429|9
1430|15
1431|30
1432|23
1433|44
1434|7
1435|23
1436|44
1437|28
1438|47
1439|21
1440|26
1441|21
1442|48
1443|47
1444|43
1445|26
1446|7
1447|31
1448|35
1449|8
1450|35
1451|25
1452|17
1453|1
1454|26
1455|28
1456|33
1457|18
1458|19
1459|26
1460|37
1461|49
1462|23
1463|4
1464|28
1465|10
1466|13
1467|44
1468|23
1469|31
1470|8
1471|15
1472|6
1473|28
1474|32
1475|20
1476|18
1477|24
1478|18
1479|30
1480|21
1481|32
1482|27
1483|37
1484|0
1485|42
1486|23
1487|2
1488|20
1489|46
1490|11
1491|42
1492|26
1493|11
1494|13
1495|7
1496|49
1497|14
1498|4
1499|41
1500|32
1501|0
1502|12
1503|38
1504|31
1505|22
1506|39
1507|25
1508|29
1509|6
1510|20
1511|0
1512|26
1513|38
1514|31
1515|45
1516|13
1517|26
1518|38
1519|10
1520|49
1521|35
1522|31
1523|2
1524|1
1525|23
1526|12
1527|26
1528|30
1529|33
1530|6
1531|40
1532|39
1533|1
1534|6
1535|17
1536|32
1537|1
1538|38
1539|14
1540|16
1541|41
1542|44
1543|20
1544|47
1545|12
1546|31
1547|36
1548|30
1549|29
1550|12
1551|23
1552|33
1553|27
1554|4
1555|22
1556|24
1557|36
1558|45
1559|37
1560|46
1561|34
1562|27
1563|12
1564|43
1565|25
1566|31
1567|6
1568|0
1569|29
1570|5
1571|31
1572|32
1573|3
1574|24
1575|43
1576|8
1577|38
1578|49
1579|5
1580|21
1581|9
1582|45
1583|42
1584|32
1585|2
1586|4
1587|15
1588|14
1589|26
1590|3
1591|6
1592|32
1593|34
1594|31
1595|2
1596|49
1597|18
1598|12
1599|32
1600|26
1601|35
1602|23
1603|49
1604|23
1605|29
1606|47
1607|17
1608|10
1609|33
1610|43
1611|5
1612|31
1613|4
1614|31
1615|47
1616|3
1617|31
1618|33
1619|19
1620|35
1621|28
1622|29
1623|17
1624|24
1625|31
1626|16
1627|42
1628|15
1629|28
1630|41
1631|47
1632|29
1633|49
1634|36
1635|1
1636|17
1637|9
1638|38
1639|40
1640|16
1641|1
1642|5
1643|5
1644|26
1645|42
1646|29
1647|12
1648|5
1649|3
1650|31
1651|39
1652|7
1653|7
1654|26
1655|28
1656|23
1657|6
1658|47
1659|18
1660|1
1661|49
1662|23
1663|23
1664|41
1665|27
1666|30
1667|49
1668|32
1669|49
1670|30
1671|21
1672|3
1673|40
1674|1
1675|32
1676|10
1677|19
1678|44
1679|28
1680|26
1681|35
1682|4
1683|44
1684|4
1685|21
1686|14
1687|23
1688|20
1689|25
1690|49
1691|8
1692|21
1693|37
1694|48
1695|30
1696|37
1697|36
1698|8
1699|3
1700|38
1701|25
1702|48
1703|35
1704|15
1705|31
1706|10
1707|47
1708|18
1709|1
1710|34
1711|8
1712|21
1713|41
1714|33
1715|24
1716|7
1717|14
1718|30
1719|0
1720|44
1721|47
1722|8
1723|13
1724|16
1725|6
1726|26
1727|10
1728|22
1729|19
1730|46
1731|32
1732|0
1733|15
1734|36
1735|25
1736|20
1737|45
1738|10
1739|20
1740|30
1741|48
1742|11
1743|14
1744|1
1745|32
1746|16
1747|49
1748|20
1749|34
1750|17
1751|23
1752|37
1753|40
1754|27
1755|34
1756|26
1757|26
1758|17
1759|45
1760|0
1761|3
1762|0
1763|20
1764|29
1765|49
1766|9
1767|5
1768|34
1769|43
1770|39
1771|14
1772|48
1773|6
1774|15
1775|37
1776|45
1777|40
1778|6
1779|39
1780|27
1781|11
1782|3
1783|42
1784|24
1785|41
1786|37
1787|21
1788|21
1789|32
1790|13
1791|5
1792|23
1793|29
1794|40
1795|14
1796|37
1797|11
1798|27
1799|49
1800|34
1801|36
1802|38
1803|14
1804|4
1805|19
1806|43
1807|20
1808|24
1809|26
1810|26
1811|33
1812|1
1813|47
1814|29
1815|12
1816|32
1817|36
1818|26
1819|24
1820|6
1821|24
1822|1
1823|0
1824|42
1825|36
1826|28
1827|17
1828|30
1829|21
1830|14
1831|46
1832|40
1833|15
1834|42
1835|1
1836|36
1837|13
1838|28
1839|35
1840|28
1841|30
1842|7
1843|33
1844|28
1845|40
1846|5
1847|27
1848|39
1849|34
1850|11
1851|19
1852|5
1853|15
1854|39
1855|6
1856|19
1857|9
1858|36
1859|21
1860|46
1861|9
1862|36
1863|31
1864|46
1865|41
1866|11
1867|40
1868|35
1869|3
1870|8
1871|24
1872|11
1873|35
1874|38
1875|15
1876|21
1877|28
1878|29
1879|16
1880|34
1881|1
1882|22
1883|39
1884|42
1885|29
1886|40
1887|8
1888|30
1889|38
1890|44
1891|48
1892|19
1893|33
1894|30
1895|29
1896|3
1897|18
1898|20
1899|2
1900|8
1901|11
1902|13
1903|42
1904|48
1905|20
1906|27
1907|5
1908|42
1909|15
1910|18
1911|34
1912|10
1913|44
1914|0
1915|23
1916|41
1917|18
1918|17
1919|48
1920|3
1921|46
1922|37
1923|14
1924|2
1925|27
1926|38
1927|36
1928|26
1929|7
1930|19
1931|4
1932|21
1933|16
1934|4
1935|34
1936|8
1937|16
1938|41
1939|49
1940|25
1941|22
1942|15
1943|43
1944|47
1945|8
1946|46
1947|21
1948|21
1949|39
1950|19
1951|5
1952|44
1953|5
1954|41
1955|0
1956|7
1957|49
1958|42
1959|4
1960|32
1961|40
1962|20
1963|27
1964|16
1965|22
1966|43
1967|42
1968|24
1969|8
1970|16
1971|43
1972|4
1973|16
1974|4
1975|11
1976|46
1977|16
1978|31
1979|10
1980|14
1981|20
1982|35
1983|26
1984|19
1985|0
1986|24
1987|20
1988|14
1989|5
1990|15
1991|24
1992|48
1993|28
1994|42
1995|8
1996|33
1997|40
1998|38
1999|47
2000|42
2001|29
2002|10
2003|26
2004|41
2005|13
2006|44
2007|15
2008|4
2009|31
2010|49
2011|44
2012|34
2013|4
2014|9
2015|25
2016|10
2017|8
2018|30
2019|20
2020|40
2021|32
2022|4
2023|40
2024|24
2025|43
2026|43
2027|11
2028|16
2029|42
2030|46
2031|23
2032|23
2033|26
2034|12
2035|16
2036|5
2037|8
2038|28
2039|8
2040|25
2041|0
2042|1
2043|29
2044|10
2045|0
2046|46
2047|16
2048|23
2049|37
2050|48
2051|38
2052|21
2053|44
2054|1
2055|35
2056|1
2057|14
2058|44
2059|23
2060|42
2061|44
2062|31
2063|39
2064|10
2065|44
2066|38
2067|21
2068|8
2069|33
2070|41
2071|44
2072|38
2073|28
2074|25
2075|0
2076|14
2077|22
2078|25
2079|30
2080|30
2081|32
2082|22
2083|40
2084|19
2085|44
2086|20
2087|46
2088|28
2089|7
2090|6
2091|12
2092|10
2093|2
2094|34
2095|22
2096|1
2097|30
2098|1
2099|32
2100|45
2101|49
2102|48
2103|12
2104|42
2105|34
2106|21
2107|37
2108|25
2109|16
2110|2
2111|30
2112|15
2113|29
2114|3
2115|6
2116|37
2117|9
2118|31
2119|29
2120|45
2121|45
2122|2
2123|34
2124|16
2125|28
2126|11
2127|12
2128|45
2129|27
2130|6
2131|5
2132|18
2133|46
2134|2
2135|33
2136|10
2137|31
2138|3
2139|45
2140|15
2141|14
2142|10
2143|14
2144|38
2145|40
2146|24
2147|25
2148|38
2149|9
2150|9
2151|33
2152|14
2153|20
2154|23
2155|42
2156|34
2157|32
2158|27
2159|28
2160|39
2161|22
2162|21
2163|12
2164|5
2165|45
2166|3
2167|9
2168|28
2169|48
2170|47
2171|8
2172|30
2173|22
2174|15
2175|11
2176|12
2177|22
2178|46
2179|11
2180|13
2181|41
2182|7
2183|46
2184|6
2185|3
2186|39
2187|36
2188|32
2189|28
2190|3
2191|44
2192|44
2193|32
2194|28
2195|33
2196|19
2197|44
2198|38
2199|36
2200|17
2201|8
2202|2
2203|44
2204|4
2205|2
2206|10
2207|14
2208|19
2209|40
2210|48
2211|24
2212|18
2213|24
2214|17
2215|23
2216|1
2217|45
2218|49
2219|29
2220|46
2221|16
2222|27
2223|46
2224|6
2225|4
2226|42
2227|24
2228|38
2229|31
2230|31
2231|39
2232|22
2233|23
2234|48
2235|32
2236|3
2237|12
2238|19
2239|5
2240|47
2241|5
2242|0
2243|38
2244|18
2245|42
2246|13
2247|22
2248|41
2249|13
2250|33
2251|46
2252|39
2253|30
2254|42
2255|19
2256|48
2257|48
2258|15
2259|25
2260|28
2261|40
2262|6
2263|35
2264|27
2265|24
2266|29
2267|41
2268|44
2269|8
2270|30
2271|31
2272|35
2273|12
2274|33
2275|48
2276|19
2277|43
2278|11
2279|26
2280|24
2281|26
2282|33
2283|39
2284|23
2285|12
2286|16
2287|22
2288|20
2289|35
2290|3
2291|31
2292|11
2293|49
2294|35
2295|40
2296|15
2297|13
2298|23
2299|41
2300|20
2301|6
2302|2
2303|42
2304|28
2305|2
2306|45
2307|17
2308|28
2309|49
2310|18
2311|24
2312|28
2313|35
2314|5
2315|36
2316|48
2317|48
2318|39
2319|11
2320|47
2321|24
2322|30
2323|20
2324|12
2325|0
2326|20
2327|13
2328|23
2329|18
2330|34
2331|46
2332|39
2333|1
2334|45
2335|16
2336|12
2337|16
2338|34
2339|33
2340|13
2341|30
2342|5
2343|24
2344|25
2345|39
2346|33
2347|7
2348|31
2349|35
2350|37
2351|35
2352|28
2353|8
2354|6
2355|44
2356|17
2357|5
2358|25
2359|21
2360|45
2361|38
2362|31
2363|1
2364|10
2365|32
2366|8
2367|27
2368|12
2369|27
2370|39
2371|33
2372|10
2373|48
2374|16
2375|39
2376|1
2377|45
2378|20
2379|17
2380|28
2381|12
2382|28
2383|19
2384|41
2385|41
2386|35
2387|1
2388|34
2389|12
2390|7
2391|10
2392|18
2393|11
2394|12
2395|14
2396|46
2397|27
2398|21
2399|29
2400|43
2401|30
2402|8
2403|7
2404|6
2405|9
2406|43
2407|27
2408|36
2409|24
2410|48
2411|33
2412|3
2413|9
2414|43
2415|49
2416|8
2417|28
2418|38
2419|0
2420|48
2421|17
2422|13
2423|30
2424|11
2425|27
2426|43
2427|3
2428|22
2429|35
2430|27
2431|40
2432|38
2433|39
2434|0
2435|3
2436|9
2437|36
2438|45
2439|36
2440|0
2441|2
2442|47
2443|39
2444|3
2445|27
2446|32
2447|32
2448|5
2449|7
2450|21
2451|4
2452|45
2453|32
2454|49
2455|34
2456|4
2457|47
2458|42
2459|7
2460|4
2461|34
2462|7
2463|37
2464|6
2465|40
2466|36
2467|22
2468|35
2469|42
2470|34
2471|33
2472|19
2473|6
2474|11
2475|37
2476|18
2477|24
2478|36
2479|26
2480|22
2481|21
2482|38
2483|45
2484|23
2485|6
2486|19
2487|15
2488|6
2489|32
2490|43
2491|21
2492|10
2493|23
2494|23
2495|16
2496|15
2497|24
2498|34
2499|11
2500|2
2501|41
2502|5
2503|35
2504|45
2505|36
2506|36
2507|11
2508|38
2509|36
2510|12
2511|1
2512|47
2513|9
2514|21
2515|28
2516|11
2517|39
2518|16
2519|27
2520|16
2521|17
2522|22
2523|17
2524|10
2525|10
2526|30
2527|40
2528|41
2529|5
2530|32
2531|44
2532|35
2533|0
2534|23
2535|1
2536|48
2537|49
2538|41
2539|32
2540|14
2541|4
2542|41
2543|1
2544|22
2545|30
2546|38
2547|25
2548|41
2549|10
2550|48
2551|49
2552|44
2553|5
2554|48
2555|1
2556|15
2557|14
2558|11
2559|16
2560|49
2561|28
2562|1
2563|7
2564|1
2565|20
2566|6
2567|39
2568|16
2569|11
2570|44
2571|19
2572|10
2573|42
2574|4
2575|26
2576|37
2577|35
2578|28
2579|28
2580|31
2581|49
2582|18
2583|5
2584|45
2585|41
2586|15
2587|26
2588|32
2589|7
2590|3
2591|18
2592|40
2593|10
2594|41
2595|13
2596|41
2597|21
2598|43
2599|45
2600|31
2601|15
2602|11
2603|2
2604|48
2605|49
2606|23
2607|26
2608|0
2609|49
2610|11
2611|4
2612|44
2613|11
2614|25
2615|23
2616|24
2617|30
2618|47
2619|23
2620|28
2621|49
2622|5
2623|17
2624|41
2625|15
2626|22
2627|26
2628|41
2629|6
2630|16
2631|18
2632|32
2633|27
2634|40
2635|21
2636|11
2637|13
2638|19
2639|36
2640|25
2641|41
2642|25
2643|26
2644|38
2645|4
2646|27
2647|5
2648|19
2649|9
2650|16
2651|22
2652|1
2653|40
2654|9
2655|20
2656|45
2657|22
2658|20
2659|12
2660|32
2661|11
2662|17
2663|29
2664|35
2665|33
2666|31
2667|1
2668|23
2669|28
2670|45
2671|21
2672|16
2673|5
2674|36
2675|30
2676|31
2677|15
2678|37
2679|7
2680|33
2681|25
2682|42
2683|21
2684|10
2685|18
2686|14
2687|29
2688|44
2689|25
2690|15
2691|4
2692|3
2693|18
2694|12
2695|33
2696|22
2697|10
2698|17
2699|45
2700|2
2701|22
2702|32
2703|18
2704|23
2705|10
2706|28
2707|2
2708|45
2709|1
2710|5
2711|39
2712|3
2713|32
2714|34
2715|34
2716|10
2717|31
2718|32
2719|26
2720|23
2721|13
2722|15
2723|41
2724|22
2725|17
2726|39
2727|34
2728|14
2729|29
2730|32
2731|11
2732|27
2733|33
2734|49
2735|37
2736|11
2737|0
2738|21
2739|13
2740|45
2741|4
2742|3
2743|7
2744|26
2745|7
2746|6
2747|28
2748|9
2749|47
2750|13
2751|0
2752|42
2753|1
2754|28
2755|19
2756|31
2757|48
2758|27
2759|40
2760|28
2761|43
2762|15
2763|5
2764|34
2765|17
2766|2
2767|18
2768|32
2769|38
2770|46
2771|19
2772|16
2773|4
2774|42
2775|27
2776|5
2777|20
2778|24
2779|6
2780|21
2781|46
2782|49
2783|22
2784|30
2785|34
2786|13
2787|18
2788|10
2789|3
2790|26
2791|28
2792|9
2793|27
2794|27
2795|9
2796|31
2797|15
2798|32
2799|31
2800|24
2801|34
2802|37
2803|40
2804|23
2805|43
2806|35
2807|43
2808|16
2809|8
2810|0
2811|10
2812|20
2813|46
2814|34
2815|2
2816|16
2817|29
2818|40
2819|41
2820|29
2821|40
2822|21
2823|31
2824|45
2825|18
2826|1
2827|26
2828|32
2829|3
2830|24
2831|41
2832|0
2833|11
2834|42
2835|39
2836|40
2837|17
2838|8
2839|16
2840|45
2841|3
2842|42
2843|30
2844|36
2845|6
2846|11
2847|42
2848|14
2849|13
2850|45
2851|30
2852|9
2853|11
2854|9
2855|9
2856|13
2857|13
2858|30
2859|3
2860|13
2861|0
2862|27
2863|13
2864|23
2865|15
2866|25
2867|13
2868|6
2869|12
2870|32
2871|48
2872|27
2873|18
2874|13
2875|42
2876|22
2877|24
2878|38
2879|27
2880|14
2881|33
2882|37
2883|45
2884|0
2885|0
2886|37
2887|24
2888|4
2889|8
2890|22
2891|32
2892|41
2893|20
2894|34
2895|38
2896|24
2897|32
2898|24
2899|30
2900|22
2901|2
2902|28
2903|46
2904|33
2905|32
2906|5
2907|35
2908|2
2909|5
2910|40
2911|10
2912|12
2913|17
2914|22
2915|7
2916|21
2917|49
2918|40
2919|3
2920|36
2921|39
2922|26
2923|21
2924|27
2925|3
2926|29
2927|39
2928|47
2929|47
2930|4
2931|34
2932|6
2933|32
2934|25
2935|17
2936|44
2937|34
2938|0
2939|16
2940|13
2941|17
2942|44
2943|34
2944|40
2945|0
2946|33
2947|29
2948|18
2949|4
2950|18
2951|19
2952|32
2953|39
2954|16
2955|47
2956|35
2957|18
2958|33
2959|12
2960|34
2961|10
2962|27
2963|45
2964|42
2965|25
2966|4
2967|47
2968|21
2969|25
2970|20
2971|35
2972|31
2973|37
2974|41
2975|1
2976|12
2977|14
2978|44
2979|43
2980|35
2981|27
2982|2
2983|32
2984|47
2985|23
2986|20
2987|24
2988|43
2989|29
2990|15
2991|31
2992|7
2993|37
2994|47
2995|32
2996|46
2997|17
2998|34
2999|18
3000|12
