0|21
1|4
2|33
3|30
4|18
5|6
6|36
7|20
8|45
9|17
10|28
11|11
12|21
13|43
14|23
15|49
16|11
17|11
18|27
19|29
20|46
21|36
22|19
23|1
24|44
25|49
26|20
27|40
28|17
29|11
30|40
31|37
32|42
33|34
34|28
35|17
36|15
37|2
38|8
39|22
40|1
41|49
42|26
43|15
44|5
45|30
46|20
47|44
48|20
49|1
50|9
51|0
52|46
53|23
54|13
55|29
56|10
57|35
58|36
59|20
60|48
61|17
62|39
63|27
64|37
65|3
66|40
67|36
68|17
69|6
70|38
71|48
72|5
73|1
74|21
75|36
76|2
77|6
78|28
79|43
80|7
81|26
82|39
83|38
84|23
85|1
86|10
87|17
88|39
89|28
90|21
91|44
92|35
93|22
94|32
95|27
96|29
97|41
98|20
99|14
100|47
101|11
102|11
103|20
104|46
105|40
106|35
107|4
108|42
109|1
110|21
111|20
112|9
113|41
114|6
115|1
116|25
117|33
118|25
119|9
120|2
121|33
122|33
123|17
124|41
125|23
126|42
127|2
128|14
129|23
130|29
131|24
132|15
133|38
134|43
135|12
136|40
137|32
138|5
139|31
140|28
141|2
142|37
143|11
144|23
145|21
146|34
147|34
148|14
149|14
150|42
151|48
152|22
153|5
154|35
155|44
156|28
157|3
158|48
159|10
160|49
161|44
162|44
163|47
164|9
165|7
166|22
167|37
168|20
169|37
170|14
171|36
172|0
173|48
174|36
175|16
176|0
177|28
178|25
179|31
180|6
181|36
182|47
183|43
184|30
185|11
186|12
187|34
188|14
189|34
190|18
191|47
192|5
193|29
194|43
195|48
196|45
197|48
198|17
199|40
200|43
201|49
202|0
203|21
204|25
205|5
206|25
207|33
208|10
209|7
210|49
211|49
212|29
213|7
214|34
215|8
216|22
217|43
218|25
219|38
220|35
221|42
222|27
223|7
224|47
225|44
226|25
227|16
228|16
229|31
230|49
231|41
232|18
233|42
234|44
235|37
236|14
237|25
238|20
239|20
240|30
241|23
242|34
243|30
244|18
245|0
246|2
247|40
248|3
249|25
250|18
251|30
252|33
253|1
254|20
255|20
256|16
257|5
258|9
259|32
260|26
261|33
262|49
263|9
264|14
265|22
266|21
267|23
268|9
269|41
270|23
271|37
272|25
273|40
274|44
275|9
276|37
277|33
278|18
279|20
280|38
281|49
282|18
283|11
284|46
285|36
286|14
287|35
288|11
289|24
290|15
291|37
292|24
293|8
294|24
295|41
296|17
297|31
298|11
299|2
300|7
301|30
302|43
303|8
304|22
305|12
306|1
307|9
308|48
309|48
310|46
311|16
312|6
313|12
314|8
315|17
316|21
317|12
318|33
319|27
320|22
321|13
322|12
323|39
324|35
325|6
326|3
327|45
328|16
329|3
330|11
331|35
332|37
333|24
334|20
335|11
336|38
337|42
338|1
339|11
340|37
341|20
342|24
343|43
344|28
345|41
346|14
347|47
348|30
349|23
350|49
351|26
352|32
353|40
354|29
355|21
356|24
357|1
358|49
359|46
360|22
361|24
362|30
363|1
364|3
365|41
366|14
367|48
368|28
369|33
370|20
371|6
372|2
373|8
374|2
375|31
376|26
377|1
378|15
379|40
380|3
381|9
382|42
383|39
384|46
385|8
386|0
387|21
388|28
389|3
390|41
391|6
392|28
393|49
394|22
395|47
396|1
397|47
398|26
399|44
400|42
401|19
402|26
403|19
404|47
405|40
406|48
407|12
408|3
409|14
410|4
411|23
412|37
413|33
414|25
415|9
416|6
417|13
418|42
419|28
420|47
421|40
422|40
423|33
424|39
425|14
426|0
427|30
428|20
429|9
430|40
431|9
432|15
433|40
434|5
435|23
436|23
437|40
438|46
439|37
440|32
441|42
442|39
443|18
444|1
445|7
446|31
447|30
448|38
449|20
450|14
451|8
452|24
453|13
454|6
455|39
456|22
457|10
458|9
459|3
460|11
461|22
462|8
463|48
464|0
465|37
466|24
467|25
468|2
469|37
470|29
471|46
472|42
473|37
474|33
475|2
476|5
477|37
478|13
479|15
480|5
481|10
482|49
483|20
484|27
485|44
486|3
487|35
488|41
489|4
490|45
491|49
492|28
493|18
494|33
495|27
496|46
497|5
498|37
499|44
500|24
501|20
502|26
503|44
504|4
505|3
506|27
507|40
508|0
509|34
510|21
511|42
512|29
513|3
514|35
515|34
516|6
517|17
518|17
519|33
520|35
521|16
522|5
523|27
524|14
525|9
526|21
527|37
528|10
529|37
530|32
531|49
532|28
533|22
534|29
535|27
536|13
537|38
538|27
539|27
540|28
541|13
542|30
543|17
544|1
545|46
546|44
547|36
548|33
549|25
550|0
551|36
552|19
553|6
554|44
555|2
556|41
557|9
558|22
559|6
560|22
561|17
562|26
563|1
564|29
565|40
566|8
567|41
568|7
569|21
570|12
571|30
572|35
573|34
574|43
575|34
576|0
577|34
578|34
579|15
580|31
581|29
582|26
583|22
584|36
585|45
586|34
587|23
588|42
589|37
590|22
591|22
592|31
593|27
594|2
595|48
596|7
597|17
598|35
599|14
600|13
601|30
602|27
603|6
604|46
605|35
606|48
607|18
608|22
609|41
610|40
611|19
612|12
613|39
614|39
615|32
616|27
617|14
618|48
619|22
620|9
621|8
622|2
623|1
624|0
625|0
626|40
627|27
628|41
629|19
630|25
631|34
632|48
633|24
634|47
635|21
636|19
637|17
638|7
639|19
640|2
641|37
642|38
643|26
644|0
645|29
646|42
647|46
648|6
649|35
650|1
651|22
652|23
653|46
654|29
655|8
656|36
657|13
658|27
659|26
660|21
661|40
662|20
663|0
664|17
665|30
666|8
667|37
668|41
669|12
670|38
671|26
672|4
673|9
674|40
675|21
676|47
677|13
678|37
679|3
680|0
681|21
682|49
683|41
684|3
685|30
686|22
687|38
688|14
689|45
690|40
691|34
692|49
693|20
694|8
695|6
696|9
697|8
698|23
699|2
700|7
701|5
702|39
703|45
704|45
705|20
706|19
707|15
708|1
709|20
710|12
711|29
712|38
713|23
714|49
715|48
716|43
717|38
718|49
719|21
720|1
721|38
722|44
723|21
724|7
725|15
726|14
727|13
728|36
729|33
730|19
731|6
732|40
733|41
734|47
735|47
736|5
737|32
738|24
739|6
740|15
741|17
742|22
743|44
744|27
745|19
746|0
747|9
748|7
749|36
750|45
751|33
752|5
753|36
754|40
755|46
756|24
757|43
758|46
759|11
760|35
761|29
762|38
763|4
764|3
765|40
766|38
767|8
768|48
769|7
770|14
771|19
772|0
773|30
774|14
775|26
776|46
777|37
778|9
779|1
780|26
781|47
782|21
783|35
784|31
785|14
786|24
787|48
788|14
789|28
790|44
791|36
792|43
793|33
794|40
795|37
796|48
797|36
798|27
799|45
800|45
801|18
802|34
803|20
804|24
805|21
806|11
807|16
808|49
809|42
810|15
811|37
812|40
813|1
814|27
815|36
816|22
817|25
818|12
819|4
820|5
821|21
822|2
823|15
824|1
825|14
826|32
827|28
828|46
829|21
830|34
831|46
832|6
833|2
834|6
835|32
836|4
837|7
838|19
839|20
840|33
841|7
842|30
843|46
844|39
845|11
846|23
847|6
848|39
849|3
850|23
851|45
852|35
853|22
854|31
855|38
856|16
857|15
858|40
859|22
860|17
861|40
862|27
863|17
864|49
865|11
866|14
867|30
868|49
869|42
870|7
871|5
872|3
873|30
874|30
875|35
876|21
877|49
878|44
879|22
880|32
881|32
882|9
883|18
884|6
885|27
886|43
887|24
888|19
889|15
890|28
891|10
892|41
893|23
894|15
895|42
896|9
897|10
898|17
899|1
900|37
901|32
902|12
903|41
904|22
905|38
906|20
907|19
908|30
909|17
910|27
911|37
912|26
913|21
914|20
915|7
916|39
917|21
918|48
919|18
920|20
921|42
922|14
923|42
924|12
925|44
926|6
927|19
928|1
929|20
930|44
931|19
932|45
933|19
934|46
935|39
936|41
937|17
938|9
939|29
940|14
941|2
942|40
943|45
944|47
945|33
946|14
947|6
948|44
949|5
950|37
951|46
952|18
953|10
954|46
955|17
956|21
957|9
958|6
959|45
960|37
961|13
962|6
963|31
964|20
965|49
966|16
967|41
968|13
969|34
970|38
971|40
972|15
973|1
974|45
975|41
976|1
977|32
978|8
979|3
980|33
981|7
982|2
983|7
984|40
985|29
986|13
987|22
988|46
989|16
990|41
991|18
992|8
993|49
994|12
995|35
996|4
997|0
998|9
999|33
1000|3
1001|10
1002|34
1003|31
1004|28
1005|40
1006|42
1007|35
1008|46
1009|41
1010|35
1011|16
1012|14
1013|45
1014|46
1015|36
1016|49
1017|24
1018|25
1019|42
1020|8
1021|45
1022|36
1023|19
1024|5
1025|17
1026|46
1027|43
1028|31
1029|2
1030|4
1031|39
1032|23
1033|3
1034|13
1035|47
1036|47
1037|13
1038|47
1039|23
1040|35
1041|45
1042|16
1043|26
1044|17
1045|7
1046|9
1047|49
1048|36
1049|9
1050|10
1051|27
1052|32
1053|37
1054|21
1055|39
1056|49
1057|10
1058|33
1059|30
1060|45
1061|25
1062|5
1063|23
1064|11
1065|42
1066|47
1067|23
1068|22
1069|17
1070|26
1071|4
1072|36
1073|22
1074|17
1075|32
1076|42
1077|40
1078|5
1079|36
1080|25
1081|1
1082|3
1083|23
1084|37
1085|14
1086|38
1087|24
1088|29
1089|12
1090|36
1091|4
1092|48
1093|37
1094|42
1095|19
1096|31
1097|13
1098|9
1099|34
1100|10
1101|48
1102|35
1103|14
1104|48
1105|20
1106|3
1107|43
1108|13
1109|5
1110|4
1111|17
1112|47
1113|27
1114|47
1115|47
1116|32
1117|34
1118|30
1119|0
1120|0
1121|24
1122|33
1123|27
1124|47
1125|44
1126|4
1127|33
1128|24
1129|44
1130|49
1131|11
1132|38
1133|49
1134|7
1135|24
1136|7
1137|2
1138|25
1139|39
1140|31
1141|42
1142|48
1143|4
1144|49
1145|11
1146|16
1147|9
1148|11
1149|10
1150|27
1151|31
1152|7
1153|37
1154|17
1155|18
1156|40
1157|10
1158|17
1159|3
1160|38
1161|8
1162|23
1163|2
1164|38
1165|30
1166|48
1167|40
1168|40
1169|43
1170|17
1171|23
1172|2
1173|3
1174|44
1175|20
1176|24
1177|21
1178|25
1179|11
1180|39
1181|6
1182|11
1183|33
1184|4
1185|3
1186|47
1187|22
1188|7
1189|36
1190|39
1191|47
1192|42
1193|14
1194|31
1195|26
1196|31
1197|13
1198|33
1199|14
1200|0
1201|47
1202|23
1203|43
1204|42
1205|35
1206|1
1207|20
1208|43
1209|34
1210|5
1211|17
1212|32
1213|36
1214|39
1215|8
1216|42
1217|8
1218|1
1219|34
1220|40
1221|26
1222|18
1223|20
1224|29
1225|3
1226|30
1227|32
1228|15
1229|23
1230|44
1231|28
1232|5
1233|9
1234|18
1235|4
1236|30
1237|3
1238|37
1239|44
1240|0
1241|13
1242|48
1243|43
1244|4
1245|45
1246|33
1247|34
1248|34
1249|35
1250|36
1251|1
1252|8
1253|32
1254|30
1255|41
1256|44
1257|9
1258|41
1259|3
1260|30
1261|47
1262|41
1263|24
1264|4
1265|8
1266|30
1267|4
1268|26
1269|27
1270|33
1271|43
1272|36
1273|4
1274|41
1275|6
1276|37
1277|12
1278|31
1279|31
1280|10
1281|23
1282|9
1283|47
1284|49
1285|13
1286|35
1287|2
1288|22
1289|10
1290|39
1291|9
1292|17
1293|39
1294|38
1295|39
1296|44
1297|26
1298|3
1299|48
1300|25
1301|49
1302|20
1303|42
1304|16
1305|0
1306|9
1307|18
1308|42
1309|3
1310|20
1311|25
1312|30
1313|34
1314|48
1315|47
1316|2
1317|22
1318|47
1319|32
1320|24
1321|47
1322|34
1323|15
1324|34
1325|35
1326|35
1327|25
1328|36
1329|17
1330|38
1331|45
1332|9
1333|39
1334|31
1335|41
1336|21
1337|13
1338|49
1339|17
1340|13
1341|12
1342|46
1343|42
1344|11
1345|9
1346|30
1347|35
1348|48
1349|31
1350|3
1351|41
1352|44
1353|21
1354|29
1355|19
1356|5
1357|24
1358|7
1359|7
1360|43
1361|10
1362|8
1363|36
1364|6
1365|32
1366|18
1367|45
1368|4
1369|20
1370|20
1371|30
1372|26
1373|12
1374|45
1375|12
1376|37
1377|13
1378|16
1379|28
1380|40
1381|8
1382|10
1383|34
1384|37
1385|23
1386|29
1387|20
1388|2
1389|28
1390|25
1391|49
1392|21
1393|18
1394|29
1395|4
1396|10
1397|19
1398|21
1399|24
1400|27
1401|24
1402|22
1403|31
1404|47
1405|34
1406|31
1407|30
1408|49
1409|46
1410|36
1411|3
1412|19
1413|40
1414|49
1415|43
1416|16
1417|3
1418|24
1419|47
1420|33
1421|37
1422|11
1423|5
1424|9
1425|25
1426|12
1427|0
1428|46
1429|2
1430|0
1431|16
1432|31
1433|25
1434|39
1435|25
1436|22
1437|46
1438|45
1439|34
1440|14
1441|38
1442|43
1443|3
1444|41
1445|21
1446|33
1447|35
1448|23
1449|37
1450|25
1451|21
1452|34
1453|48
1454|11
1455|3
1456|47
1457|25
1458|21
1459|17
1460|8
1461|17
1462|22
1463|48
1464|49
1465|10
1466|14
1467|16
1468|18
1469|18
1470|33
1471|13
1472|20
1473|46
1474|6
1475|20
1476|29
1477|15
1478|48
1479|22
1480|43
1481|3
1482|5
1483|43
1484|9
1485|12
1486|7
1487|48
1488|37
1489|7
1490|9
1491|34
1492|1
1493|5
1494|6
1495|6
1496|26
1497|15
1498|48
1499|37
1500|23
