0|28
1|1
2|0
3|5
4|39
5|15
6|46
7|4
8|19
9|48
10|20
11|13
12|29
13|40
14|4
15|26
16|1
17|48
18|43
19|37
20|40
21|15
22|1
23|41
24|30
25|21
26|48
27|16
28|4
29|27
30|24
31|5
32|31
33|11
34|6
35|42
36|40
37|38
38|1
39|5
40|25
41|32
42|39
43|17
44|17
45|14
46|31
47|45
48|1
49|37
50|16
51|16
52|32
53|5
54|27
55|49
56|13
57|27
58|30
59|40
60|34
61|10
62|39
63|34
64|16
65|42
66|37
67|21
68|25
69|38
70|44
71|32
72|26
73|19
74|21
75|45
76|19
77|44
78|13
79|6
80|38
81|26
82|27
83|0
84|19
85|19
86|48
87|4
88|36
89|21
90|31
91|24
92|32
93|28
94|41
95|13
96|1
97|49
98|8
99|36
100|25
101|27
102|25
103|13
104|6
105|10
106|44
107|7
108|44
109|44
110|46
111|21
112|46
113|0
114|11
115|10
116|44
117|26
118|48
119|7
120|33
121|45
122|45
123|2
124|5
125|13
126|38
127|6
128|37
129|30
130|47
131|31
132|29
133|15
134|30
135|0
136|47
137|0
138|20
139|32
140|28
141|48
142|2
143|3
144|28
145|40
146|9
147|0
148|22
149|21
150|29
151|41
152|2
153|4
154|49
155|6
156|6
157|31
158|8
159|41
160|12
161|10
162|21
163|46
164|9
165|25
166|9
167|46
168|49
169|35
170|6
171|37
172|4
173|18
174|42
175|17
176|28
177|28
178|15
179|34
180|20
181|32
182|23
183|15
184|11
185|41
186|6
187|15
188|38
189|2
190|45
191|34
192|14
193|20
194|21
195|16
196|26
197|34
198|41
199|15
200|20
201|26
202|47
203|9
204|38
205|34
206|21
207|16
208|43
209|5
210|40
211|30
212|49
213|35
214|33
215|36
216|34
217|19
218|12
219|26
220|46
221|32
222|30
223|16
224|27
225|49
226|1
227|41
228|5
229|7
230|39
231|21
232|24
233|35
234|47
235|5
236|7
237|14
238|21
239|20
240|17
241|20
242|46
243|43
244|21
245|2
246|38
247|17
248|33
249|43
250|2
251|48
252|5
253|18
254|35
255|31
256|37
257|36
258|19
259|47
260|33
261|8
262|34
263|28
264|13
265|16
266|41
267|31
268|33
269|25
270|34
271|9
272|2
273|40
274|37
275|0
276|10
277|27
278|16
279|39
280|30
281|14
282|34
283|44
284|14
285|26
286|0
287|17
288|17
289|11
290|32
291|39
292|42
293|6
294|25
295|6
296|27
297|42
298|30
299|15
300|39
301|7
302|21
303|13
304|31
305|42
306|25
307|26
308|35
309|15
310|35
311|45
312|23
313|0
314|34
315|40
316|6
317|26
318|17
319|5
320|19
321|41
322|39
323|40
324|48
325|47
326|38
327|34
328|33
329|30
330|14
331|22
332|36
333|8
334|20
335|41
336|48
337|17
338|48
339|43
340|43
341|30
342|24
343|13
344|19
345|46
346|40
347|10
348|19
349|10
350|23
351|19
352|12
353|46
354|38
355|7
356|26
357|37
358|33
359|5
360|20
361|2
362|14
363|32
364|31
365|21
366|29
367|32
368|30
369|4
370|30
371|40
372|11
373|2
374|44
375|49
376|36
377|9
378|28
379|15
380|8
381|22
382|33
383|39
384|11
385|18
386|24
387|3
388|9
389|30
390|29
391|39
392|12
393|33
394|12
395|23
396|37
397|27
398|39
399|45
400|48
401|49
402|20
403|8
404|1
405|15
406|47
407|34
408|25
409|26
410|4
411|44
412|41
413|19
414|29
415|38
416|40
417|9
418|3
419|34
420|42
421|22
422|28
423|48
424|48
425|4
426|42
427|37
428|29
429|0
430|49
431|30
432|4
433|33
434|39
435|23
436|40
437|36
438|39
439|40
440|36
441|2
442|21
443|10
444|49
445|31
446|44
447|28
448|24
449|21
450|2
451|42
452|2
453|20
454|42
455|42
456|45
457|32
458|10
459|15
460|22
461|25
462|17
463|39
464|49
465|15
466|44
467|30
468|40
469|29
470|20
471|15
472|26
473|43
474|24
475|8
476|8
477|12
478|6
479|1
480|42
481|3
482|26
483|14
484|29
485|4
486|36
487|9
488|3
489|8
490|38
491|24
492|35
493|48
494|49
495|16
496|46
497|18
498|11
499|18
500|9
501|6
502|41
503|30
504|3
505|48
506|3
507|18
508|11
509|48
510|17
511|12
512|38
513|25
514|35
515|7
516|49
517|45
518|22
519|22
520|5
521|3
522|8
523|3
524|23
525|21
526|31
527|18
528|47
529|17
530|40
531|5
532|34
533|33
534|37
535|37
536|10
537|48
538|32
539|29
540|3
541|41
542|46
543|17
544|34
545|0
546|8
547|28
548|15
549|6
550|14
551|23
552|25
553|43
554|39
555|12
556|4
557|15
558|42
559|31
560|22
561|16
562|2
563|8
564|15
565|42
566|4
567|0
568|46
569|16
570|27
571|46
572|31
573|4
574|20
575|44
576|32
577|9
578|23
579|28
580|0
581|34
582|22
583|42
584|39
585|11
586|38
587|10
588|7
589|26
590|13
591|3
592|7
593|32
594|33
595|34
596|34
597|21
598|38
599|38
600|35
601|47
602|6
603|31
604|9
605|41
606|5
607|21
608|10
609|8
610|26
611|13
612|11
613|49
614|36
615|26
616|35
617|27
618|37
619|16
620|2
621|9
622|12
623|29
624|4
625|20
626|22
627|2
628|42
629|4
630|42
631|27
632|27
633|43
634|19
635|23
636|5
637|32
638|47
639|5
640|18
641|28
642|22
643|2
644|24
645|38
646|28
647|17
648|23
649|7
650|32
651|40
652|6
653|37
654|25
655|49
656|28
657|3
658|22
659|18
660|8
661|36
662|49
663|27
664|28
665|1
666|37
667|35
668|44
669|45
670|15
671|28
672|14
673|34
674|2
675|22
676|32
677|1
678|42
679|42
680|5
681|23
682|35
683|47
684|35
685|13
686|27
687|11
688|32
689|38
690|25
691|5
692|39
693|37
694|31
695|17
696|2
697|40
698|23
699|39
700|33
701|12
702|35
703|38
704|5
705|15
706|34
707|35
708|39
709|39
710|15
711|39
712|31
713|35
714|20
715|31
716|2
717|38
718|33
719|22
720|28
721|49
722|12
723|32
724|38
725|3
726|44
727|47
728|17
729|9
730|27
731|18
732|36
733|39
734|25
735|38
736|22
737|4
738|3
739|5
740|4
741|11
742|36
743|4
744|29
745|40
746|3
747|3
748|37
749|26
750|36
751|38
752|17
753|35
754|47
755|35
756|41
757|37
758|28
759|9
760|25
761|23
762|37
763|27
764|37
765|11
766|0
767|2
768|3
769|40
770|0
771|7
772|35
773|25
774|18
775|22
776|13
777|36
778|13
779|5
780|3
781|8
782|45
783|33
784|28
785|45
786|19
787|45
788|14
789|29
790|0
791|10
792|44
793|24
794|33
795|38
796|19
797|48
798|41
799|23
800|1
801|8
802|31
803|9
804|19
805|40
806|22
807|19
808|11
809|15
810|26
811|39
812|14
813|0
814|49
815|46
816|19
817|42
818|8
819|10
820|10
821|26
822|35
823|34
824|8
825|35
826|21
827|24
828|39
829|0
830|4
831|17
832|16
833|26
834|7
835|5
836|17
837|3
838|3
839|49
840|37
841|43
842|21
843|9
844|15
845|12
846|24
847|35
848|27
849|11
850|23
851|19
852|23
853|15
854|45
855|39
856|36
857|16
858|35
859|16
860|44
861|33
862|37
863|10
864|47
865|1
866|0
867|25
868|8
869|20
870|29
871|2
872|12
873|39
874|23
875|38
876|13
877|46
878|19
879|24
880|34
881|22
882|35
883|33
884|27
885|44
886|48
887|47
888|1
889|29
890|14
891|38
892|46
893|25
894|0
895|38
896|10
897|38
898|6
899|43
900|11
901|35
902|7
903|46
904|44
905|5
906|26
907|11
908|5
909|19
910|46
911|39
912|42
913|44
914|2
915|47
916|9
917|21
918|37
919|27
920|37
921|10
922|4
923|33
924|6
925|35
926|22
927|31
928|30
929|20
930|1
931|11
932|25
933|49
934|11
935|34
936|6
937|20
938|19
939|6
940|36
941|13
942|45
943|11
944|44
945|48
946|39
947|18
948|23
949|5
950|42
951|10
952|31
953|39
954|22
955|18
956|6
957|39
958|20
959|48
960|49
961|26
962|5
963|31
964|19
965|17
966|3
967|7
968|16
969|5
970|11
971|34
972|25
973|22
974|40
975|34
976|24
977|3
978|14
979|40
980|40
981|0
982|31
983|3
984|5
985|17
986|1
987|1
988|13
989|45
990|20
991|49
992|15
993|2
994|0
995|21
996|6
997|45
998|0
999|4
1000|17
1001|15
1002|40
1003|12
1004|37
1005|16
1006|24
1007|44
1008|33
1009|46
1010|9
1011|0
1012|31
1013|10
1014|1
1015|38
1016|47
1017|44
1018|5
1019|9
1020|29
1021|7
1022|12
1023|41
1024|24
1025|33
1026|3
1027|18
1028|19
1029|6
1030|46
1031|27
1032|7
1033|20
1034|10
1035|30
1036|16
1037|45
1038|14
1039|28
1040|17
1041|16
1042|45
1043|26
1044|43
1045|5
1046|35
1047|14
1048|14
1049|11
1050|15
1051|21
1052|49
1053|39
1054|23
1055|22
1056|8
1057|38
1058|37
1059|2
1060|6
1061|44
1062|36
1063|0
1064|35
1065|39
1066|22
1067|15
1068|14
1069|27
1070|40
1071|32
1072|8
1073|10
1074|21
1075|21
1076|48
1077|21
1078|25
1079|22
1080|44
1081|29
1082|40
1083|46
1084|48
1085|15
1086|34
1087|34
1088|11
1089|17
1090|7
1091|33
1092|38
1093|22
1094|15
1095|25
1096|30
1097|2
1098|23
1099|30
1100|0
1101|14
1102|27
1103|38
1104|0
1105|22
1106|20
1107|20
1108|42
1109|38
1110|7
1111|20
1112|34
1113|30
1114|38
1115|28
1116|17
1117|16
1118|43
1119|48
1120|23
1121|15
1122|37
1123|46
1124|49
1125|40
1126|0
1127|21
1128|36
1129|15
1130|17
1131|28
1132|26
1133|41
1134|25
1135|33
1136|33
1137|1
1138|42
1139|25
1140|16
1141|9
1142|30
1143|44
1144|34
1145|7
1146|31
1147|25
1148|29
1149|34
1150|32
1151|44
1152|40
1153|38
1154|47
1155|12
1156|8
1157|41
1158|48
1159|33
1160|17
1161|13
1162|28
1163|43
1164|12
1165|6
1166|46
1167|7
1168|20
1169|24
1170|29
1171|1
1172|31
1173|24
1174|32
1175|4
1176|6
1177|24
1178|26
1179|35
1180|25
1181|1
1182|33
1183|12
1184|48
1185|35
1186|45
1187|7
1188|41
1189|16
1190|0
1191|2
1192|29
1193|49
1194|29
1195|18
1196|15
1197|37
1198|35
1199|44
1200|39
1201|47
1202|28
1203|23
1204|6
1205|2
1206|40
1207|24
1208|36
1209|9
1210|5
1211|33
1212|6
1213|24
1214|49
1215|10
1216|19
1217|44
1218|14
1219|48
1220|47
1221|23
1222|48
1223|0
1224|34
1225|35
1226|27
1227|38
1228|23
1229|39
1230|24
1231|31
1232|49
1233|41
1234|10
1235|2
1236|20
1237|44
1238|37
1239|31
1240|36
1241|29
1242|5
1243|49
1244|3
1245|18
1246|15
1247|11
1248|34
1249|40
1250|9
1251|34
1252|32
1253|42
1254|48
1255|1
1256|30
1257|16
1258|2
1259|47
1260|43
1261|22
1262|34
1263|14
1264|30
1265|23
1266|6
1267|4
1268|19
1269|1
1270|6
1271|11
1272|26
1273|33
1274|45
1275|35
1276|7
1277|19
1278|25
1279|49
1280|25
1281|42
1282|5
1283|4
1284|17
1285|38
1286|46
1287|15
1288|11
1289|39
1290|31
1291|14
1292|36
1293|3
1294|48
1295|35
1296|14
1297|42
1298|4
1299|10
1300|41
1301|41
1302|14
1303|39
1304|12
1305|47
1306|5
1307|36
1308|20
1309|10
1310|37
1311|20
1312|37
1313|48
1314|39
1315|14
1316|16
1317|37
1318|10
1319|29
1320|6
1321|11
1322|25
1323|38
1324|37
1325|13
1326|44
1327|0
1328|8
1329|11
1330|26
1331|31
1332|49
1333|10
1334|20
1335|7
1336|5
1337|12
1338|48
1339|31
1340|26
1341|33
1342|48
1343|7
1344|10
1345|7
1346|23
1347|47
1348|36
1349|19
1350|24
1351|23
1352|36
1353|7
1354|32
1355|3
1356|37
1357|16
1358|40
1359|32
1360|20
1361|29
1362|7
1363|31
1364|20
1365|17
1366|38
1367|33
1368|19
1369|45
1370|34
1371|11
1372|18
1373|40
1374|15
1375|34
1376|31
1377|16
1378|5
1379|28
1380|16
1381|2
1382|12
1383|33
1384|17
1385|2
1386|47
1387|8
1388|7
1389|8
1390|2
1391|10
1392|13
1393|17
1394|44
1395|27
1396|9
1397|23
1398|20
1399|28
1400|23
1401|35
1402|46
1403|23
1404|16
1405|0
1406|14
1407|31
1408|12
1409|26
1410|13
1411|15
1412|17
1413|2
1414|15
1415|28
1416|8
1417|22
1418|20
1419|22
1420|14
1421|24
1422|21
1423|29
1424|42
1425|33
1426|7
1427|20
1428|8
1429|11
1430|20
1431|32
1432|17
1433|7
1434|45
1435|33
1436|12
1437|43
1438|17
1439|25
1440|26
1441|48
1442|36
1443|21
1444|2
1445|1
1446|21
1447|4
1448|26
1449|4
1450|1
1451|49
1452|23
1453|44
1454|39
1455|29
1456|21
1457|2
1458|30
1459|40
1460|26
1461|36
1462|14
1463|5
1464|18
1465|38
1466|41
1467|48
1468|37
1469|0
1470|4
1471|6
1472|38
1473|36
1474|31
1475|37
1476|38
1477|11
1478|2
1479|33
1480|3
1481|31
1482|14
1483|0
1484|43
1485|4
1486|48
1487|4
1488|33
1489|29
1490|4
1491|24
1492|27
1493|32
1494|8
1495|47
1496|48
1497|6
1498|32
1499|19
1500|41
