0|27
1|29
2|2
3|30
4|8
5|38
6|11
7|9
8|32
9|4
10|19
11|23
12|20
13|13
14|13
15|14
16|2
17|23
18|41
19|21
20|27
21|46
22|5
23|14
24|12
25|27
26|14
27|49
28|11
29|19
30|5
31|19
32|45
33|1
34|9
35|16
36|21
37|39
38|45
39|19
40|19
41|8
42|6
43|0
44|24
45|24
46|42
47|33
48|19
49|40
50|7
51|15
52|48
53|19
54|31
55|15
56|12
57|1
58|25
59|25
60|26
61|14
62|44
63|18
64|47
65|3
66|37
67|26
68|23
69|49
70|48
71|38
72|33
73|13
74|25
75|27
76|24
77|38
78|47
79|43
80|32
81|27
82|33
83|5
84|12
85|24
86|44
87|34
88|9
89|22
90|15
91|0
92|9
93|26
94|44
95|41
96|46
97|1
98|38
99|47
100|46
101|1
102|38
103|49
104|31
105|8
106|10
107|36
108|36
109|47
110|12
111|11
112|42
113|16
114|33
115|42
116|48
117|35
118|30
119|28
120|48
121|11
122|16
123|8
124|12
125|28
126|0
127|43
128|21
129|5
130|0
131|38
132|4
133|10
134|48
135|44
136|36
137|11
138|18
139|37
140|26
141|3
142|41
143|27
144|47
145|33
146|29
147|48
148|32
149|1
150|10
151|40
152|21
153|3
154|33
155|28
156|17
157|0
158|48
159|30
160|35
161|24
162|0
163|36
164|19
165|44
166|19
167|4
168|19
169|40
170|27
171|31
172|46
173|17
174|35
175|19
176|21
177|31
178|1
179|13
180|10
181|27
182|39
183|42
184|45
185|12
186|9
187|30
188|28
189|36
190|30
191|31
192|23
193|48
194|17
195|46
196|4
197|0
198|7
199|16
200|25
201|21
202|37
203|16
204|0
205|3
206|3
207|9
208|11
209|30
210|19
211|29
212|28
213|29
214|17
215|10
216|2
217|46
218|36
219|6
220|31
221|5
222|43
223|11
224|46
225|25
226|13
227|43
228|36
229|17
230|12
231|12
232|43
233|42
234|17
235|38
236|29
237|6
238|48
239|48
240|3
241|38
242|40
243|5
244|44
245|3
246|17
247|45
248|31
249|41
250|38
251|32
252|43
253|17
254|24
255|32
256|37
257|15
258|40
259|32
260|2
261|30
262|37
263|45
264|26
265|5
266|18
267|36
268|20
269|11
270|38
271|15
272|12
273|41
274|7
275|45
276|34
277|12
278|0
279|49
280|28
281|11
282|6
283|29
284|41
285|19
286|45
287|17
288|35
289|46
290|6
291|29
292|7
293|32
294|7
295|42
296|31
297|19
298|10
299|38
300|29
301|36
302|39
303|5
304|5
305|31
306|15
307|31
308|0
309|30
310|24
311|36
312|6
313|17
314|16
315|22
316|39
317|7
318|29
319|17
320|7
321|47
322|20
323|10
324|9
325|32
326|20
327|43
328|35
329|42
330|47
331|0
332|25
333|20
334|4
335|10
336|33
337|5
338|19
339|40
340|23
341|34
342|19
343|20
344|49
345|47
346|31
347|33
348|14
349|32
350|19
351|15
352|44
353|30
354|47
355|16
356|34
357|32
358|19
359|9
360|5
361|10
362|6
363|45
364|9
365|33
366|4
367|35
368|5
369|41
370|14
371|44
372|27
373|11
374|24
375|33
376|22
377|7
378|49
379|12
380|6
381|39
382|31
383|0
384|15
385|4
386|35
387|29
388|2
389|45
390|21
391|29
392|2
393|21
394|7
395|39
396|9
397|38
398|28
399|49
400|14
401|35
402|0
403|31
404|41
405|37
406|26
407|0
408|48
409|47
410|20
411|31
412|21
413|26
414|47
415|14
416|30
417|22
418|24
419|12
420|24
421|20
422|2
423|35
424|30
425|5
426|43
427|28
428|22
429|17
430|16
431|20
432|4
433|43
434|34
435|6
436|15
437|27
438|17
439|27
440|28
441|28
442|37
443|42
444|28
445|36
446|14
447|23
448|12
449|37
450|39
451|19
452|46
453|28
454|8
455|26
456|26
457|45
458|5
459|9
460|10
461|8
462|22
463|45
464|3
465|23
466|4
467|15
468|31
469|36
470|0
471|30
472|21
473|16
474|22
475|41
476|43
477|2
478|5
479|16
480|43
481|18
482|2
483|2
484|33
485|42
486|36
487|35
488|4
489|37
490|18
491|48
492|33
493|0
494|7
495|13
496|31
497|22
498|36
499|8
500|26
501|49
502|15
503|48
504|20
505|47
506|24
507|45
508|43
509|31
510|6
511|26
512|7
513|27
514|11
515|14
516|37
517|28
518|45
519|24
520|14
521|49
522|3
523|5
524|33
525|39
526|44
527|0
528|30
529|16
530|47
531|20
532|0
533|5
534|24
535|14
536|6
537|1
538|8
539|11
540|42
541|12
542|8
543|32
544|41
545|27
546|29
547|43
548|17
549|39
550|19
551|6
552|31
553|27
554|29
555|43
556|14
557|45
558|23
559|9
560|29
561|7
562|7
563|23
564|4
565|37
566|43
567|0
568|21
569|32
570|16
571|39
572|4
573|31
574|23
575|21
576|25
577|26
578|21
579|37
580|23
581|10
582|38
583|0
584|49
585|31
586|15
587|38
588|8
589|37
590|24
591|45
592|1
593|13
594|43
595|29
596|3
597|22
598|4
599|29
600|38
601|45
602|30
603|15
604|17
605|27
606|15
607|35
608|43
609|8
610|17
611|30
612|49
613|14
614|25
615|25
616|0
617|43
618|28
619|44
620|47
621|30
622|20
623|22
624|45
625|12
626|38
627|46
628|43
629|40
630|49
631|4
632|43
633|47
634|10
635|23
636|23
637|14
638|36
639|41
640|34
641|16
642|27
643|40
644|7
645|6
646|9
647|5
648|31
649|38
650|3
651|30
652|33
653|16
654|2
655|5
656|35
657|45
658|28
659|25
660|42
661|30
662|24
663|6
664|11
665|36
666|27
667|2
668|8
669|6
670|48
671|32
672|3
673|2
674|18
675|22
676|43
677|0
678|21
679|28
680|17
681|28
682|28
683|46
684|36
685|39
686|44
687|11
688|36
689|48
690|21
691|22
692|14
693|19
694|27
695|9
696|2
697|25
698|38
699|36
700|4
701|15
702|37
703|30
704|21
705|34
706|0
707|11
708|45
709|15
710|5
711|12
712|15
713|29
714|14
715|6
716|12
717|1
718|39
719|7
720|22
721|12
722|9
723|17
724|37
725|11
726|26
727|14
728|47
729|31
730|41
731|27
732|40
733|13
734|17
735|43
736|13
737|36
738|36
739|33
740|43
741|7
742|49
743|30
744|14
745|34
746|36
747|36
748|41
749|3
750|10
751|40
752|28
753|28
754|43
755|17
756|3
757|11
758|44
759|6
760|2
761|28
762|16
763|38
764|4
765|7
766|28
767|20
768|38
769|6
770|35
771|42
772|35
773|30
774|48
775|28
776|23
777|34
778|1
779|14
780|31
781|20
782|11
783|16
784|12
785|35
786|19
787|24
788|36
789|27
790|13
791|15
792|38
793|41
794|11
795|5
796|31
797|21
798|18
799|7
800|39
801|44
802|33
803|16
804|25
805|18
806|25
807|18
808|9
809|19
810|40
811|45
812|11
813|14
814|46
815|39
816|5
817|18
818|7
819|9
820|36
821|41
822|0
823|18
824|23
825|12
826|19
827|36
828|3
829|4
830|24
831|0
832|4
833|42
834|30
835|15
836|23
837|10
838|33
839|9
840|20
841|40
842|24
843|4
844|9
845|33
846|16
847|26
848|32
849|13
850|49
851|28
852|9
853|2
854|32
855|26
856|46
857|18
858|19
859|37
860|24
861|13
862|36
863|35
864|38
865|39
866|8
867|2
868|9
869|48
870|34
871|6
872|43
873|5
874|8
875|1
876|46
877|40
878|6
879|20
880|44
881|9
882|5
883|47
884|12
885|7
886|31
887|37
888|30
889|46
890|47
891|41
892|33
893|13
894|13
895|10
896|35
897|45
898|4
899|41
900|23
901|40
902|36
903|6
904|34
905|28
906|1
907|14
908|2
909|35
910|34
911|20
912|46
913|0
914|19
915|18
916|40
917|44
918|9
919|44
920|10
921|25
922|0
923|34
924|28
925|3
926|16
927|29
928|36
929|10
930|24
931|0
932|43
933|29
934|14
935|4
936|4
937|10
938|2
939|49
940|4
941|8
942|39
943|22
944|21
945|40
946|16
947|9
948|19
949|8
950|27
951|34
952|43
953|9
954|38
955|22
956|18
957|21
958|21
959|44
960|16
961|34
962|46
963|18
964|10
965|20
966|46
967|8
968|21
969|31
970|31
971|18
972|30
973|26
974|49
975|29
976|6
977|48
978|34
979|35
980|48
981|16
982|14
983|35
984|18
985|41
986|15
987|12
988|6
989|12
990|34
991|17
992|19
993|12
994|18
995|49
996|36
997|41
998|27
999|45
1000|44
1001|24
1002|9
1003|40
1004|36
1005|9
1006|19
1007|10
1008|22
1009|12
1010|47
1011|38
1012|47
1013|13
1014|30
1015|36
1016|10
1017|35
1018|46
1019|42
1020|42
1021|21
1022|16
1023|18
1024|6
1025|26
1026|16
1027|3
1028|2
1029|44
1030|0
1031|0
1032|7
1033|0
1034|34
1035|0
1036|10
1037|36
1038|0
1039|27
1040|36
1041|49
1042|42
1043|31
1044|49
1045|20
1046|14
1047|36
1048|4
1049|9
1050|33
1051|43
1052|42
1053|12
1054|48
1055|13
1056|25
1057|3
1058|14
1059|19
1060|5
1061|15
1062|9
1063|27
1064|37
1065|16
1066|22
1067|18
1068|26
1069|45
1070|46
1071|31
1072|37
1073|12
1074|13
1075|28
1076|14
1077|20
1078|15
1079|42
1080|11
1081|31
1082|37
1083|27
1084|2
1085|18
1086|36
1087|28
1088|34
1089|40
1090|25
1091|38
1092|23
1093|35
1094|31
1095|42
1096|22
1097|35
1098|30
1099|24
1100|0
1101|11
1102|26
1103|9
1104|4
1105|1
1106|0
1107|43
1108|5
1109|43
1110|13
1111|14
1112|42
1113|21
1114|40
1115|24
1116|24
1117|39
1118|3
1119|42
1120|20
1121|48
1122|33
1123|11
1124|49
1125|47
1126|22
1127|12
1128|9
1129|39
1130|48
1131|34
1132|38
1133|9
1134|0
1135|46
1136|32
1137|16
1138|49
1139|27
1140|16
1141|34
1142|12
1143|37
1144|0
1145|4
1146|40
1147|28
1148|4
1149|38
1150|22
1151|31
1152|22
1153|44
1154|4
1155|48
1156|28
1157|29
1158|37
1159|45
1160|19
1161|23
1162|13
1163|22
1164|16
1165|19
1166|30
1167|6
1168|32
1169|30
1170|12
1171|22
1172|7
1173|17
1174|31
1175|4
1176|5
1177|28
1178|38
1179|11
1180|24
1181|45
1182|43
1183|11
1184|11
1185|26
1186|2
1187|2
1188|22
1189|21
1190|26
1191|3
1192|23
1193|1
1194|16
1195|21
1196|36
1197|12
1198|15
1199|10
1200|18
1201|41
1202|15
1203|6
1204|26
1205|6
1206|23
1207|33
1208|38
1209|41
1210|9
1211|30
1212|48
1213|0
1214|21
1215|45
1216|24
1217|39
1218|2
1219|49
1220|29
1221|43
1222|0
1223|34
1224|36
1225|45
1226|9
1227|3
1228|42
1229|16
1230|8
1231|0
1232|47
1233|35
1234|27
1235|43
1236|49
1237|43
1238|26
1239|31
1240|39
1241|15
1242|21
1243|10
1244|44
1245|44
1246|48
1247|36
1248|38
1249|27
1250|33
1251|10
1252|19
1253|48
1254|14
1255|14
1256|37
1257|13
1258|12
1259|14
1260|16
1261|31
1262|7
1263|31
1264|10
1265|10
1266|38
1267|38
1268|10
1269|46
1270|9
1271|47
1272|8
1273|28
1274|16
1275|21
1276|37
1277|5
1278|36
1279|16
1280|14
1281|34
1282|39
1283|9
1284|42
1285|35
1286|30
1287|41
1288|43
1289|43
1290|17
1291|7
1292|31
1293|17
1294|39
1295|10
1296|10
1297|30
1298|44
1299|47
1300|45
1301|29
1302|35
1303|25
1304|8
1305|21
1306|15
1307|24
1308|40
1309|46
1310|21
1311|44
1312|35
1313|21
1314|1
1315|14
1316|32
1317|20
1318|47
1319|19
1320|17
1321|20
1322|5
1323|8
1324|40
1325|20
1326|33
1327|19
1328|5
1329|43
1330|33
1331|32
1332|16
1333|31
1334|32
1335|36
1336|23
1337|44
1338|28
1339|26
1340|43
1341|39
1342|23
1343|1
1344|40
1345|48
1346|33
1347|38
1348|49
1349|47
1350|7
1351|38
1352|22
1353|0
1354|45
1355|43
1356|31
1357|43
1358|33
1359|24
1360|42
1361|4
1362|36
1363|26
1364|17
1365|27
1366|28
1367|27
1368|33
1369|5
1370|23
1371|32
1372|41
1373|15
1374|44
1375|34
1376|27
1377|28
1378|7
1379|5
1380|10
1381|19
1382|18
1383|2
1384|16
1385|27
1386|9
1387|7
1388|43
1389|30
1390|28
1391|21
1392|33
1393|39
1394|28
1395|45
1396|2
1397|37
1398|26
1399|34
1400|21
1401|0
1402|21
1403|20
1404|44
1405|23
1406|47
1407|44
1408|2
1409|18
1410|22
1411|31
1412|12
1413|32
1414|5
1415|23
1416|44
1417|35
1418|27
1419|22
1420|16
1421|18
1422|2
1423|16
1424|37
1425|10
1426|37
1427|5
1428|42
1429|9
1430|25
1431|16
1432|10
1433|29
1434|35
1435|12
1436|31
1437|33
1438|48
1439|33
1440|18
1441|16
1442|21
1443|18
1444|41
1445|45
1446|23
1447|19
1448|8
1449|14
1450|45
1451|2
1452|48
1453|40
1454|41
1455|1
1456|47
1457|41
1458|6
1459|45
1460|5
1461|28
1462|7
1463|10
1464|35
1465|28
1466|43
1467|20
1468|16
1469|0
1470|14
1471|49
1472|33
1473|22
1474|8
1475|17
1476|16
1477|31
1478|7
1479|12
1480|11
1481|49
1482|34
1483|6
1484|38
1485|39
1486|33
1487|8
1488|8
1489|36
1490|29
1491|39
1492|16
1493|24
1494|25
1495|0
1496|33
1497|0
1498|1
1499|35
1500|14
1501|41
1502|44
1503|11
1504|24
1505|5
1506|35
1507|11
1508|36
1509|2
1510|33
1511|38
1512|49
1513|22
1514|7
1515|46
1516|40
1517|2
1518|20
1519|1
1520|3
1521|48
1522|8
1523|33
1524|45
1525|12
1526|15
1527|49
1528|27
1529|23
1530|44
1531|30
1532|33
1533|11
1534|48
1535|20
1536|32
1537|5
1538|19
1539|39
1540|49
1541|27
1542|3
1543|5
1544|33
1545|49
1546|18
1547|30
1548|31
1549|43
1550|26
1551|4
1552|17
1553|13
1554|12
1555|14
1556|23
1557|41
1558|45
1559|14
1560|30
1561|37
1562|19
1563|20
1564|7
1565|19
1566|11
1567|35
1568|25
1569|22
1570|16
1571|25
1572|30
1573|4
1574|0
1575|22
1576|33
1577|8
1578|21
1579|11
1580|15
1581|5
1582|48
1583|33
1584|27
1585|5
1586|46
1587|44
1588|20
1589|7
1590|9
1591|17
1592|31
1593|16
1594|18
1595|49
1596|44
1597|5
1598|48
1599|17
1600|34
1601|42
1602|22
1603|28
1604|23
1605|35
1606|29
1607|7
1608|29
1609|25
1610|41
1611|25
1612|40
1613|11
1614|49
1615|30
1616|9
1617|30
1618|18
1619|37
1620|25
1621|47
1622|29
1623|35
1624|13
1625|26
1626|33
1627|2
1628|32
1629|0
1630|3
1631|20
1632|33
1633|45
1634|38
1635|45
1636|2
1637|24
1638|5
1639|38
1640|28
1641|45
1642|21
1643|32
1644|26
1645|42
1646|8
1647|23
1648|16
1649|38
1650|32
1651|45
1652|33
1653|23
1654|29
1655|21
1656|2
1657|0
1658|10
1659|4
1660|1
1661|40
1662|42
1663|19
1664|31
1665|29
1666|7
1667|46
1668|41
1669|43
1670|38
1671|12
1672|17
1673|46
1674|47
1675|3
1676|41
1677|9
1678|5
1679|41
1680|2
1681|3
1682|1
1683|1
1684|10
1685|3
1686|5
1687|12
1688|39
1689|22
1690|38
1691|11
1692|45
1693|31
1694|22
1695|16
1696|3
1697|30
1698|17
1699|13
1700|48
1701|41
1702|28
1703|18
1704|7
1705|7
1706|37
1707|42
1708|5
1709|44
1710|46
1711|40
1712|34
1713|6
1714|19
1715|0
1716|4
1717|40
1718|13
1719|5
1720|40
1721|12
1722|24
1723|29
1724|2
1725|13
1726|20
1727|2
1728|38
1729|17
1730|26
1731|0
1732|25
1733|22
1734|28
1735|3
1736|19
1737|9
1738|25
1739|17
1740|13
1741|4
1742|47
1743|44
1744|16
1745|13
1746|30
1747|47
1748|1
1749|21
1750|19
1751|46
1752|34
1753|22
1754|8
1755|14
1756|38
1757|12
1758|38
1759|18
1760|41
1761|14
1762|7
1763|39
1764|18
1765|11
1766|37
1767|47
1768|12
1769|43
1770|4
1771|40
1772|33
1773|26
1774|15
1775|44
1776|41
1777|40
1778|5
1779|0
1780|39
1781|30
1782|42
1783|31
1784|23
1785|42
1786|16
1787|10
1788|48
1789|43
1790|10
1791|26
1792|7
1793|45
1794|6
1795|1
1796|15
1797|41
1798|17
1799|7
1800|5
1801|6
1802|45
1803|21
1804|14
1805|1
1806|35
1807|17
1808|23
1809|9
1810|43
1811|18
1812|30
1813|44
1814|28
1815|47
1816|32
1817|47
1818|38
1819|22
1820|2
1821|28
1822|39
1823|44
1824|41
1825|43
1826|21
1827|26
1828|22
1829|25
1830|24
1831|46
1832|4
1833|38
1834|6
1835|49
1836|34
1837|48
1838|16
1839|46
1840|2
1841|2
1842|44
1843|8
1844|8
1845|14
1846|22
1847|49
1848|40
1849|39
1850|21
1851|16
1852|11
1853|30
1854|36
1855|40
1856|19
1857|30
1858|9
1859|7
1860|33
1861|4
1862|9
1863|30
1864|29
1865|10
1866|45
1867|45
1868|39
1869|15
1870|27
1871|15
1872|1
1873|18
1874|30
1875|28
1876|24
1877|47
1878|49
1879|46
1880|24
1881|38
1882|24
1883|7
1884|47
1885|16
1886|38
1887|8
1888|8
1889|41
1890|45
1891|2
1892|42
1893|20
1894|13
1895|30
1896|1
1897|10
1898|29
1899|21
1900|36
1901|27
1902|0
1903|44
1904|46
1905|37
1906|29
1907|48
1908|33
1909|36
1910|9
1911|3
1912|5
1913|48
1914|21
1915|37
1916|19
1917|47
1918|25
1919|2
1920|10
1921|34
1922|19
1923|5
1924|41
1925|36
1926|48
1927|27
1928|49
1929|12
1930|0
1931|39
1932|23
1933|43
1934|39
1935|17
1936|19
1937|21
1938|8
1939|2
1940|3
1941|2
1942|28
1943|22
1944|12
1945|13
1946|42
1947|28
1948|3
1949|24
1950|29
1951|22
1952|16
1953|45
1954|35
1955|33
1956|7
1957|5
1958|35
1959|24
1960|20
1961|47
1962|28
1963|3
1964|25
1965|34
1966|2
1967|45
1968|17
1969|34
1970|26
1971|42
1972|1
1973|13
1974|23
1975|29
1976|24
1977|38
1978|2
1979|15
1980|42
1981|35
1982|29
1983|46
1984|6
1985|28
1986|36
1987|28
1988|32
1989|1
1990|41
1991|15
1992|34
1993|23
1994|35
1995|17
1996|13
1997|13
1998|36
1999|2
2000|5
2001|40
2002|21
2003|19
2004|46
2005|32
2006|19
2007|39
2008|48
2009|31
2010|10
2011|30
2012|1
2013|45
2014|34
2015|8
2016|25
2017|24
2018|8
2019|20
2020|35
2021|1
2022|2
2023|46
2024|20
2025|31
2026|43
2027|22
2028|31
2029|31
2030|12
2031|23
2032|30
2033|36
2034|33
2035|24
2036|22
2037|38
2038|34
2039|31
2040|23
2041|15
2042|36
2043|49
2044|12
2045|25
2046|18
2047|34
2048|13
2049|35
2050|28
2051|17
2052|24
2053|15
2054|4
2055|18
2056|15
2057|0
2058|4
2059|35
2060|2
2061|22
2062|13
2063|18
2064|13
2065|38
2066|49
2067|27
2068|10
2069|22
2070|21
2071|46
2072|6
2073|39
2074|32
2075|42
2076|3
2077|7
2078|31
2079|14
2080|5
2081|26
2082|10
2083|42
2084|34
2085|38
2086|6
2087|42
2088|24
2089|45
2090|48
2091|36
2092|11
2093|29
2094|27
2095|32
2096|12
2097|26
2098|42
2099|30
2100|14
2101|41
2102|13
2103|9
2104|40
2105|18
2106|28
2107|42
2108|22
2109|0
2110|19
2111|44
2112|25
2113|19
2114|48
2115|3
2116|17
2117|26
2118|9
2119|3
2120|7
2121|15
2122|48
2123|3
2124|32
2125|17
2126|44
2127|40
2128|14
2129|32
2130|28
2131|7
2132|10
2133|43
2134|38
2135|48
2136|42
2137|3
2138|35
2139|3
2140|17
2141|34
2142|14
2143|0
2144|12
2145|22
2146|41
2147|22
2148|12
2149|19
2150|28
2151|40
2152|37
2153|30
2154|41
2155|34
2156|11
2157|14
2158|5
2159|28
2160|37
2161|26
2162|17
2163|10
2164|0
2165|17
2166|34
2167|10
2168|37
2169|20
2170|12
2171|45
2172|28
2173|38
2174|36
2175|5
2176|41
2177|0
2178|22
2179|10
2180|12
2181|15
2182|47
2183|11
2184|2
2185|7
2186|36
2187|29
2188|43
2189|2
2190|3
2191|13
2192|36
2193|15
2194|35
2195|14
2196|30
2197|30
2198|36
2199|18
2200|1
2201|24
2202|41
2203|29
2204|37
2205|10
2206|14
2207|30
2208|15
2209|33
2210|35
2211|49
2212|11
2213|1
2214|44
2215|29
2216|5
2217|4
2218|24
2219|11
2220|27
2221|26
2222|45
2223|2
2224|34
2225|35
2226|37
2227|37
2228|0
2229|25
2230|5
2231|26
2232|11
2233|45
2234|24
2235|19
2236|26
2237|6
2238|23
2239|5
2240|5
2241|19
2242|38
2243|45
2244|1
2245|45
2246|48
2247|49
2248|3
2249|27
2250|48
2251|30
2252|5
2253|4
2254|43
2255|26
2256|35
2257|44
2258|38
2259|26
2260|26
2261|41
2262|33
2263|3
2264|41
2265|3
2266|32
2267|23
2268|43
2269|7
2270|29
2271|45
2272|28
2273|46
2274|20
2275|25
2276|42
2277|26
2278|29
2279|19
2280|44
2281|10
2282|12
2283|48
2284|35
2285|9
2286|3
2287|35
2288|48
2289|18
2290|44
2291|41
2292|10
2293|38
2294|47
2295|24
2296|24
2297|29
2298|26
2299|15
2300|21
2301|35
2302|14
2303|40
2304|45
2305|32
2306|49
2307|33
2308|0
2309|37
2310|26
2311|12
2312|38
2313|12
2314|2
2315|32
2316|43
2317|48
2318|22
2319|44
2320|5
2321|47
2322|47
2323|46
2324|2
2325|3
2326|30
2327|7
2328|18
2329|32
2330|40
2331|12
2332|15
2333|33
2334|8
2335|15
2336|15
2337|21
2338|21
2339|5
2340|36
2341|25
2342|30
2343|49
2344|24
2345|49
2346|35
2347|18
2348|30
2349|14
2350|11
2351|10
2352|26
2353|29
2354|10
2355|43
2356|26
2357|8
2358|44
2359|21
2360|8
2361|36
2362|10
2363|49
2364|37
2365|23
2366|29
2367|19
2368|25
2369|49
2370|47
2371|40
2372|17
2373|48
2374|33
2375|46
2376|32
2377|14
2378|46
2379|6
2380|0
2381|43
2382|20
2383|49
2384|26
2385|26
2386|41
2387|26
2388|46
2389|49
2390|19
2391|17
2392|43
2393|24
2394|44
2395|25
2396|6
2397|32
2398|15
2399|35
2400|3
2401|17
2402|40
2403|10
2404|5
2405|29
2406|32
2407|34
2408|32
2409|4
2410|29
2411|27
2412|26
2413|26
2414|13
2415|32
2416|46
2417|1
2418|22
2419|14
2420|38
2421|42
2422|2
2423|29
2424|2
2425|30
2426|31
2427|6
2428|4
2429|41
2430|33
2431|23
2432|26
2433|41
2434|42
2435|15
2436|22
2437|19
2438|10
2439|34
2440|37
2441|36
2442|22
2443|7
2444|20
2445|43
2446|47
2447|40
2448|49
2449|32
2450|4
2451|10
2452|22
2453|37
2454|4
2455|28
2456|34
2457|39
2458|28
2459|24
2460|32
2461|8
2462|46
2463|20
2464|6
2465|41
2466|43
2467|11
2468|28
2469|1
2470|29
2471|30
2472|25
2473|5
2474|8
2475|46
2476|31
2477|44
2478|3
2479|21
2480|42
2481|3
2482|6
2483|40
2484|35
2485|1
2486|21
2487|19
2488|36
2489|13
2490|47
2491|5
2492|44
2493|20
2494|6
2495|37
2496|20
2497|23
2498|2
2499|5
2500|22
2501|26
2502|17
2503|3
2504|33
2505|43
2506|37
2507|19
2508|1
2509|3
2510|20
2511|18
2512|20
2513|11
2514|16
2515|18
2516|47
2517|18
2518|14
2519|26
2520|49
2521|41
2522|12
2523|38
2524|17
2525|0
2526|3
2527|12
2528|18
2529|45
2530|5
2531|11
2532|34
2533|15
2534|1
2535|20
2536|19
2537|17
2538|35
2539|42
2540|16
2541|27
2542|42
2543|6
2544|48
2545|16
2546|48
2547|44
2548|17
2549|47
2550|31
2551|30
2552|2
2553|32
2554|30
2555|18
2556|41
2557|15
2558|37
2559|42
2560|19
2561|24
2562|16
2563|21
2564|13
2565|4
2566|32
2567|24
2568|32
2569|27
2570|31
2571|27
2572|0
2573|16
2574|1
2575|47
2576|39
2577|46
2578|15
2579|18
2580|45
2581|19
2582|14
2583|42
2584|16
2585|36
2586|25
2587|30
2588|14
2589|26
2590|44
2591|48
2592|3
2593|40
2594|27
2595|44
2596|1
2597|12
2598|12
2599|47
2600|16
2601|41
2602|12
2603|27
2604|9
2605|0
2606|22
2607|38
2608|40
2609|7
2610|46
2611|43
2612|34
2613|14
2614|41
2615|15
2616|2
2617|39
2618|21
2619|8
2620|46
2621|37
2622|14
2623|7
2624|27
2625|1
2626|4
2627|10
2628|39
2629|31
2630|29
2631|43
2632|6
2633|39
2634|44
2635|42
2636|5
2637|36
2638|6
2639|6
2640|4
2641|27
2642|19
2643|41
2644|48
2645|47
2646|44
2647|15
2648|35
2649|12
2650|12
2651|46
2652|19
2653|41
2654|34
2655|3
2656|25
2657|33
2658|11
2659|39
2660|25
2661|13
2662|14
2663|22
2664|25
2665|22
2666|33
2667|6
2668|0
2669|37
2670|7
2671|21
2672|26
2673|24
2674|48
2675|27
2676|23
2677|31
2678|39
2679|22
2680|3
2681|15
2682|24
2683|22
2684|13
2685|26
2686|42
2687|18
2688|14
2689|28
2690|6
2691|16
2692|5
2693|14
2694|18
2695|5
2696|12
2697|22
2698|2
2699|34
2700|26
2701|49
2702|9
2703|2
2704|10
2705|10
2706|12
2707|17
2708|37
2709|43
2710|44
2711|22
2712|41
2713|8
2714|47
2715|17
2716|20
2717|4
2718|11
2719|29
2720|9
2721|3
2722|45
2723|47
2724|47
2725|43
2726|20
2727|46
2728|0
2729|23
2730|45
2731|4
2732|7
2733|24
2734|16
2735|34
2736|47
2737|2
2738|29
2739|49
2740|11
2741|22
2742|29
2743|6
2744|49
2745|19
2746|33
2747|15
2748|46
2749|11
2750|20
2751|42
2752|47
2753|32
2754|18
2755|18
2756|17
2757|7
2758|44
2759|17
2760|40
2761|25
2762|3
2763|44
2764|27
2765|30
2766|30
2767|26
2768|45
2769|28
2770|33
2771|18
2772|2
2773|11
2774|20
2775|6
2776|26
2777|22
2778|0
2779|36
2780|39
2781|1
2782|23
2783|11
2784|33
2785|21
2786|47
2787|28
2788|37
2789|21
2790|24
2791|33
2792|49
2793|10
2794|26
2795|4
2796|46
2797|22
2798|49
2799|0
2800|43
2801|36
2802|9
2803|38
2804|38
2805|49
2806|4
2807|10
2808|0
2809|23
2810|2
2811|9
2812|4
2813|19
2814|13
2815|34
2816|32
2817|26
2818|4
2819|19
2820|27
2821|20
2822|47
2823|47
2824|28
2825|21
2826|42
2827|42
2828|6
2829|15
2830|12
2831|38
2832|37
2833|16
2834|42
2835|29
2836|23
2837|42
2838|1
2839|43
2840|26
2841|0
2842|19
2843|20
2844|49
2845|1
2846|12
2847|47
2848|35
2849|3
2850|42
2851|47
2852|1
2853|11
2854|14
2855|46
2856|44
2857|49
2858|24
2859|33
2860|36
2861|21
2862|40
2863|30
2864|38
2865|4
2866|8
2867|45
2868|30
2869|35
2870|0
2871|26
2872|21
2873|44
2874|43
2875|41
2876|15
2877|46
2878|16
2879|22
2880|28
2881|49
2882|11
2883|5
2884|35
2885|5
2886|46
2887|1
2888|26
2889|30
2890|5
2891|2
2892|46
2893|0
2894|39
2895|9
2896|13
2897|45
2898|41
2899|8
2900|48
2901|23
2902|36
2903|38
2904|24
2905|27
2906|41
2907|18
2908|44
2909|1
2910|25
2911|31
2912|22
2913|38
2914|23
2915|47
2916|41
2917|28
2918|17
2919|18
2920|47
2921|23
2922|5
2923|25
2924|37
2925|9
2926|5
2927|13
2928|25
2929|17
2930|29
2931|47
2932|41
2933|47
2934|3
2935|8
2936|37
2937|5
2938|27
2939|6
2940|15
2941|43
2942|11
2943|29
2944|5
2945|30
2946|49
2947|9
2948|16
2949|3
2950|11
2951|11
2952|39
2953|9
2954|34
2955|0
2956|21
2957|34
2958|34
2959|40
2960|17
2961|34
2962|3
2963|31
2964|46
2965|42
2966|5
2967|16
2968|4
2969|42
2970|41
2971|9
2972|34
2973|49
2974|30
2975|43
2976|42
2977|39
2978|40
2979|14
2980|36
2981|27
2982|13
2983|5
2984|9
2985|46
2986|23
2987|41
2988|27
2989|2
2990|22
2991|41
2992|18
2993|24
2994|42
2995|12
2996|22
2997|24
2998|23
2999|22
3000|4
