0|32
1|13
2|7
3|30
4|11
5|7
6|12
7|12
8|17
9|36
10|8
11|16
12|44
13|10
14|16
15|5
16|33
17|11
18|27
19|7
20|21
21|34
22|12
23|26
24|44
25|46
26|10
27|28
28|19
29|23
30|46
31|25
32|48
33|12
34|11
35|35
36|7
37|38
38|31
39|30
40|19
41|18
42|36
43|42
44|39
45|48
46|2
47|27
48|0
49|2
50|7
51|44
52|32
53|16
54|32
55|27
56|47
57|36
58|7
59|19
60|45
61|24
62|35
63|36
64|18
65|22
66|9
67|6
68|7
69|6
70|42
71|34
72|17
73|25
74|49
75|25
76|2
77|30
78|36
79|4
80|34
81|46
82|5
83|33
84|21
85|12
86|33
87|9
88|0
89|27
90|48
91|47
92|20
93|41
94|34
95|18
96|12
97|36
98|19
99|32
100|49
101|25
102|0
103|49
104|36
105|37
106|0
107|24
108|43
109|42
110|3
111|13
112|34
113|18
114|30
115|15
116|47
117|18
118|31
119|34
120|11
121|36
122|41
123|16
124|42
125|38
126|39
127|35
128|18
129|7
130|45
131|21
132|43
133|33
134|36
135|37
136|29
137|11
138|8
139|47
140|4
141|30
142|40
143|38
144|32
145|48
146|19
147|20
148|48
149|28
150|29
151|34
152|25
153|29
154|5
155|1
156|9
157|13
158|27
159|23
160|35
161|43
162|33
163|19
164|27
165|24
166|21
167|47
168|28
169|14
170|19
171|39
172|48
173|16
174|9
175|34
176|41
177|11
178|10
179|33
180|6
181|20
182|17
183|30
184|9
185|14
186|44
187|10
188|31
189|16
190|1
191|41
192|44
193|28
194|40
195|37
196|12
197|23
198|11
199|40
200|48
201|35
202|8
203|13
204|9
205|28
206|29
207|14
208|32
209|39
210|12
211|24
212|35
213|42
214|49
215|35
216|17
217|36
218|20
219|37
220|47
221|31
222|0
223|20
224|39
225|35
226|22
227|10
228|19
229|7
230|21
231|28
232|0
233|19
234|23
235|3
236|39
237|2
238|7
239|30
240|8
241|1
242|19
243|1
244|3
245|6
246|39
247|35
248|20
249|31
250|1
251|1
252|14
253|22
254|49
255|4
256|49
257|25
258|29
259|15
260|42
261|10
262|26
263|5
264|16
265|3
266|35
267|35
268|34
269|3
270|2
271|16
272|1
273|5
274|35
275|23
276|38
277|22
278|7
279|19
280|13
281|34
282|41
283|36
284|42
285|26
286|38
287|31
288|24
289|30
290|13
291|1
292|31
293|14
294|37
295|28
296|13
297|34
298|20
299|29
300|38
301|24
302|25
303|17
304|18
305|36
306|42
307|15
308|37
309|44
310|9
311|18
312|16
313|34
314|37
315|44
316|44
317|6
318|44
319|47
320|43
321|20
322|14
323|21
324|30
325|38
326|21
327|36
328|26
329|1
330|41
331|36
332|4
333|41
334|15
335|0
336|24
337|6
338|22
339|37
340|35
341|18
342|32
343|12
344|26
345|2
346|37
347|13
348|49
349|30
350|44
351|22
352|17
353|20
354|34
355|31
356|37
357|5
358|30
359|31
360|49
361|23
362|27
363|25
364|35
365|1
366|23
367|33
368|45
369|31
370|34
371|9
372|24
373|22
374|43
375|43
376|14
377|48
378|1
379|49
380|4
381|25
382|33
383|4
384|31
385|37
386|0
387|12
388|23
389|13
390|33
391|36
392|17
393|26
394|48
395|18
396|3
397|29
398|1
399|4
400|36
401|30
402|34
403|2
404|20
405|16
406|16
407|26
408|42
409|22
410|27
411|16
412|13
413|21
414|36
415|10
416|0
417|0
418|26
419|16
420|20
421|33
422|48
423|26
424|9
425|13
426|20
427|45
428|20
429|3
430|6
431|8
432|6
433|7
434|2
435|24
436|41
437|40
438|27
439|46
440|9
441|5
442|27
443|45
444|18
445|30
446|17
447|9
448|10
449|19
450|34
451|17
452|29
453|46
454|29
455|21
456|45
457|20
458|26
459|14
460|4
461|38
462|7
463|22
464|7
465|42
466|22
467|16
468|25
469|25
470|49
471|27
472|14
473|44
474|17
475|48
476|33
477|1
478|41
479|45
480|25
481|39
482|11
483|45
484|28
485|30
486|16
487|25
488|46
489|34
490|23
491|18
492|41
493|18
494|21
495|40
496|34
497|14
498|46
499|12
500|17
501|27
502|38
503|3
504|17
505|48
506|2
507|3
508|9
509|18
510|29
511|8
512|24
513|20
514|4
515|31
516|13
517|26
518|33
519|5
520|5
521|27
522|29
523|14
524|46
525|27
526|34
527|25
528|36
529|0
530|35
531|38
532|44
533|7
534|17
535|15
536|47
537|20
538|46
539|40
540|33
541|16
542|12
543|37
544|8
545|23
546|39
547|28
548|41
549|48
550|25
551|16
552|41
553|46
554|37
555|22
556|16
557|49
558|3
559|32
560|49
561|42
562|39
563|39
564|0
565|15
566|31
567|32
568|13
569|30
570|7
571|10
572|0
573|47
574|29
575|13
576|36
577|6
578|7
579|38
580|45
581|31
582|32
583|42
584|36
585|3
586|39
587|10
588|33
589|4
590|4
591|21
592|18
593|39
594|14
595|45
596|29
597|10
598|22
599|31
600|26
601|42
602|15
603|44
604|46
605|17
606|43
607|9
608|33
609|24
610|12
611|24
612|8
613|17
614|41
615|1
616|10
617|40
618|18
619|37
620|9
621|46
622|49
623|44
624|14
625|11
626|16
627|9
628|17
629|16
630|27
631|32
632|10
633|9
634|46
635|38
636|28
637|8
638|13
639|3
640|19
641|16
642|26
643|28
644|9
645|39
646|45
647|38
648|11
649|0
650|30
651|42
652|34
653|23
654|18
655|4
656|21
657|1
658|23
659|31
660|34
661|45
662|18
663|5
664|7
665|2
666|49
667|43
668|23
669|40
670|15
671|9
672|19
673|13
674|12
675|16
676|33
677|23
678|20
679|16
680|2
681|33
682|18
683|43
684|16
685|25
686|30
687|12
688|32
689|22
690|29
691|5
692|25
693|37
694|37
695|15
696|21
697|14
698|24
699|35
700|27
701|11
702|20
703|38
704|43
705|46
706|20
707|37
708|37
709|9
710|37
711|14
712|15
713|1
714|41
715|16
716|16
717|42
718|5
719|33
720|16
721|7
722|11
723|21
724|48
725|4
726|37
727|43
728|21
729|7
730|37
731|16
732|28
733|9
734|41
735|37
736|38
737|38
738|21
739|7
740|42
741|29
742|0
743|2
744|44
745|15
746|35
747|1
748|28
749|38
750|4
751|17
752|20
753|12
754|39
755|21
756|41
757|22
758|29
759|20
760|7
761|18
762|0
763|11
764|18
765|37
766|20
767|44
768|33
769|26
770|34
771|47
772|37
773|11
774|13
775|40
776|16
777|24
778|14
779|27
780|16
781|13
782|7
783|2
784|28
785|6
786|33
787|0
788|3
789|21
790|9
791|0
792|7
793|11
794|45
795|8
796|29
797|31
798|26
799|19
800|22
801|25
802|44
803|23
804|42
805|29
806|29
807|45
808|44
809|48
810|35
811|23
812|33
813|9
814|33
815|35
816|32
817|28
818|24
819|35
820|14
821|37
822|2
823|17
824|26
825|13
826|29
827|14
828|20
829|2
830|14
831|11
832|5
833|26
834|2
835|1
836|47
837|35
838|21
839|30
840|9
841|37
842|36
843|47
844|45
845|15
846|37
847|48
848|4
849|13
850|25
851|5
852|28
853|4
854|13
855|30
856|33
857|10
858|18
859|32
860|23
861|22
862|43
863|25
864|44
865|32
866|16
867|33
868|6
869|49
870|45
871|25
872|24
873|46
874|31
875|33
876|0
877|25
878|43
879|30
880|9
881|9
882|32
883|23
884|44
885|8
886|3
887|0
888|43
889|33
890|5
891|39
892|7
893|29
894|22
895|32
896|33
897|24
898|35
899|15
900|3
901|5
902|12
903|0
904|23
905|33
906|4
907|30
908|39
909|12
910|12
911|8
912|33
913|0
914|4
915|21
916|2
917|31
918|23
919|49
920|43
921|39
922|9
923|28
924|36
925|36
926|22
927|12
928|3
929|20
930|9
931|36
932|24
933|28
934|17
935|35
936|48
937|8
938|29
939|4
940|14
941|48
942|5
943|26
944|32
945|47
946|9
947|45
948|12
949|12
950|24
951|9
952|9
953|41
954|15
955|28
956|46
957|41
958|16
959|37
960|3
961|21
962|6
963|33
964|5
965|4
966|17
967|34
968|38
969|22
970|2
971|21
972|35
973|14
974|19
975|33
976|33
977|42
978|17
979|6
980|9
981|44
982|30
983|3
984|19
985|0
986|24
987|13
988|36
989|9
990|40
991|8
992|40
993|33
994|2
995|39
996|43
997|40
998|9
999|45
1000|26
1001|9
1002|19
1003|47
1004|33
1005|46
1006|15
1007|24
1008|43
1009|31
1010|39
1011|40
1012|33
1013|39
1014|26
1015|10
1016|0
1017|21
1018|16
1019|47
1020|42
1021|3
1022|39
1023|14
1024|19
1025|39
1026|10
1027|14
1028|12
1029|8
1030|30
1031|13
1032|5
1033|38
1034|29
1035|38
1036|2
1037|6
1038|27
1039|25
1040|45
1041|4
1042|19
1043|11
1044|32
1045|26
1046|11
1047|10
1048|40
1049|43
1050|16
1051|22
1052|8
1053|19
1054|0
1055|0
1056|32
1057|45
1058|14
1059|29
1060|6
1061|43
1062|38
1063|49
1064|20
1065|11
1066|8
1067|34
1068|48
1069|10
1070|14
1071|0
1072|20
1073|27
1074|36
1075|40
1076|11
1077|21
1078|28
1079|28
1080|17
1081|5
1082|14
1083|24
1084|32
1085|41
1086|8
1087|6
1088|33
1089|18
1090|19
1091|45
1092|40
1093|1
1094|18
1095|22
1096|49
1097|44
1098|2
1099|4
1100|32
1101|41
1102|35
1103|38
1104|10
1105|39
1106|43
1107|25
1108|34
1109|26
1110|40
1111|45
1112|31
1113|48
1114|49
1115|1
1116|38
1117|45
1118|32
1119|22
1120|42
1121|15
1122|6
1123|35
1124|16
1125|39
1126|19
1127|18
1128|15
1129|40
1130|38
1131|42
1132|8
1133|18
1134|27
1135|8
1136|26
1137|14
1138|16
1139|32
1140|19
1141|13
1142|1
1143|9
1144|45
1145|28
1146|3
1147|49
1148|11
1149|13
1150|12
1151|8
1152|17
1153|31
1154|16
1155|28
1156|18
1157|20
1158|28
1159|37
1160|17
1161|17
1162|15
1163|6
1164|8
1165|46
1166|45
1167|22
1168|30
1169|6
1170|3
1171|21
1172|9
1173|7
1174|14
1175|14
1176|42
1177|40
1178|37
1179|7
1180|16
1181|7
1182|47
1183|27
1184|42
1185|8
1186|34
1187|3
1188|43
1189|44
1190|2
1191|47
1192|13
1193|9
1194|39
1195|18
1196|20
1197|34
1198|20
1199|37
1200|9
1201|28
1202|17
1203|4
1204|20
1205|40
1206|30
1207|33
1208|41
1209|36
1210|40
1211|23
1212|9
1213|1
1214|32
1215|48
1216|11
1217|6
1218|40
1219|3
1220|29
1221|1
1222|11
1223|15
1224|0
1225|33
1226|15
1227|3
1228|17
1229|30
1230|3
1231|11
1232|4
1233|16
1234|44
1235|35
1236|8
1237|39
1238|46
1239|17
1240|12
1241|3
1242|10
1243|21
1244|36
1245|11
1246|34
1247|10
1248|23
1249|28
1250|25
1251|3
1252|24
1253|21
1254|28
1255|2
1256|21
1257|22
1258|21
1259|38
1260|36
1261|30
1262|8
1263|38
1264|31
1265|27
1266|38
1267|32
1268|27
1269|18
1270|35
1271|42
1272|12
1273|9
1274|47
1275|44
1276|37
1277|5
1278|26
1279|10
1280|44
1281|19
1282|27
1283|46
1284|33
1285|6
1286|19
1287|9
1288|4
1289|25
1290|34
1291|49
1292|34
1293|14
1294|32
1295|46
1296|42
1297|41
1298|17
1299|24
1300|8
1301|31
1302|23
1303|35
1304|38
1305|17
1306|41
1307|40
1308|30
1309|48
1310|14
1311|40
1312|8
1313|11
1314|12
1315|22
1316|28
1317|16
1318|0
1319|44
1320|20
1321|31
1322|48
1323|49
1324|25
1325|31
1326|44
1327|29
1328|33
1329|7
1330|33
1331|44
1332|9
1333|16
1334|7
1335|31
1336|16
1337|3
1338|0
1339|37
1340|34
1341|13
1342|13
1343|18
1344|40
1345|42
1346|38
1347|46
1348|23
1349|25
1350|41
1351|21
1352|46
1353|46
1354|40
1355|42
1356|20
1357|28
1358|48
1359|21
1360|12
1361|1
1362|4
1363|31
1364|8
1365|2
1366|17
1367|28
1368|13
1369|37
1370|39
1371|4
1372|8
1373|16
1374|18
1375|4
1376|39
1377|29
1378|24
1379|38
1380|1
1381|33
1382|18
1383|30
1384|28
1385|5
1386|19
1387|10
1388|4
1389|43
1390|41
1391|28
1392|40
1393|2
1394|33
1395|38
1396|8
1397|49
1398|7
1399|2
1400|30
1401|46
1402|26
1403|0
1404|45
1405|22
1406|32
1407|7
1408|8
1409|5
1410|30
1411|22
1412|36
1413|0
1414|32
1415|9
1416|9
1417|40
1418|47
1419|16
1420|29
1421|9
1422|37
1423|46
1424|20
1425|5
1426|10
1427|8
1428|31
1429|18
1430|13
1431|42
1432|7
1433|16
1434|37
1435|10
1436|39
1437|3
1438|26
1439|36
1440|43
1441|15
1442|4
1443|3
1444|46
1445|43
1446|19
1447|30
1448|48
1449|14
1450|10
1451|0
1452|21
1453|36
1454|42
1455|21
1456|11
1457|7
1458|13
1459|23
1460|29
1461|17
1462|21
1463|29
1464|29
1465|3
1466|11
1467|21
1468|42
1469|18
1470|12
1471|34
1472|45
1473|27
1474|46
1475|4
1476|33
1477|39
1478|28
1479|2
1480|9
1481|38
1482|37
1483|13
1484|24
1485|16
1486|20
1487|12
1488|47
1489|1
1490|26
1491|10
1492|37
1493|12
1494|8
1495|39
1496|37
1497|8
1498|26
1499|29
1500|34
