0|3
1|12
2|37
3|42
4|2
5|38
6|9
7|46
8|37
9|41
10|28
11|8
12|46
13|46
14|9
15|49
16|25
17|26
18|16
19|40
20|19
21|9
22|35
23|3
24|4
25|23
26|25
27|29
28|49
29|38
30|35
31|7
32|22
33|36
34|21
35|17
36|48
37|0
38|46
39|37
40|35
41|36
42|29
43|48
44|8
45|24
46|40
47|3
48|29
49|33
50|48
51|46
52|10
53|17
54|44
55|9
56|7
57|36
58|49
59|35
60|33
61|8
62|1
63|3
64|1
65|9
66|27
67|9
68|40
69|35
70|42
71|34
72|13
73|29
74|17
75|36
76|22
77|49
78|37
79|28
80|14
81|48
82|49
83|38
84|3
85|28
86|12
87|6
88|44
89|44
90|22
91|6
92|5
93|38
94|2
95|0
96|8
97|18
98|41
99|30
100|45
101|6
102|29
103|7
104|8
105|38
106|0
107|15
108|11
109|20
110|20
111|34
112|36
113|35
114|36
115|16
116|29
117|45
118|12
119|43
120|28
121|45
122|22
123|48
124|45
125|9
126|16
127|4
128|13
129|41
130|46
131|1
132|35
133|17
134|47
135|2
136|24
137|7
138|29
139|18
140|38
141|14
142|5
143|5
144|28
145|41
146|30
147|37
148|39
149|9
150|46
151|27
152|7
153|10
154|22
155|46
156|32
157|7
158|15
159|22
160|10
161|23
162|39
163|23
164|43
165|44
166|49
167|46
168|37
169|34
170|23
171|31
172|15
173|12
174|28
175|3
176|30
177|16
178|34
179|32
180|39
181|49
182|36
183|16
184|41
185|8
186|27
187|49
188|45
189|19
190|25
191|22
192|34
193|10
194|39
195|46
196|36
197|12
198|29
199|11
200|27
201|38
202|44
203|14
204|41
205|17
206|17
207|9
208|10
209|7
210|24
211|6
212|38
213|7
214|8
215|18
216|46
217|25
218|4
219|1
220|8
221|13
222|34
223|35
224|14
225|25
226|41
227|7
228|46
229|30
230|35
231|17
232|34
233|21
234|9
235|48
236|13
237|36
238|18
239|43
240|4
241|36
242|9
243|34
244|33
245|24
246|22
247|12
248|7
249|0
250|16
251|30
252|32
253|8
254|39
255|21
256|34
257|44
258|34
259|40
260|12
261|15
262|0
263|21
264|37
265|46
266|45
267|10
268|27
269|22
270|34
271|31
272|13
273|8
274|20
275|39
276|12
277|28
278|27
279|42
280|6
281|20
282|19
283|7
284|38
285|44
286|0
287|22
288|38
289|10
290|23
291|32
292|43
293|20
294|0
295|30
296|21
297|19
298|33
299|41
300|32
301|2
302|27
303|43
304|1
305|5
306|32
307|30
308|30
309|41
310|18
311|24
312|11
313|49
314|4
315|37
316|6
317|36
318|5
319|28
320|18
321|45
322|24
323|36
324|31
325|10
326|37
327|0
328|14
329|45
330|2
331|49
332|31
333|29
334|3
335|46
336|10
337|19
338|24
339|44
340|4
341|40
342|19
343|32
344|33
345|44
346|45
347|14
348|47
349|24
350|36
351|31
352|30
353|13
354|8
355|32
356|29
357|36
358|9
359|15
360|12
361|20
362|49
363|42
364|5
365|28
366|46
367|21
368|37
369|0
370|11
371|37
372|12
373|39
374|15
375|36
376|46
377|1
378|8
379|4
380|36
381|22
382|15
383|40
384|9
385|22
386|10
387|0
388|2
389|10
390|38
391|44
392|9
393|9
394|19
395|45
396|6
397|8
398|6
399|24
400|6
401|8
402|4
403|48
404|15
405|28
406|11
407|26
408|30
409|24
410|48
411|46
412|29
413|41
414|4
415|28
416|31
417|22
418|49
419|35
420|18
421|19
422|36
423|43
424|29
425|21
426|10
427|9
428|19
429|7
430|46
431|42
432|13
433|39
434|23
435|8
436|8
437|10
438|49
439|44
440|12
441|33
442|36
443|27
444|5
445|33
446|4
447|14
448|30
449|5
450|2
451|26
452|30
453|1
454|45
455|14
456|27
457|40
458|43
459|42
460|41
461|22
462|8
463|29
464|21
465|25
466|19
467|11
468|2
469|26
470|34
471|44
472|40
473|6
474|6
475|28
476|11
477|40
478|33
479|2
480|39
481|43
482|1
483|29
484|39
485|15
486|6
487|22
488|9
489|24
490|31
491|42
492|26
493|15
494|12
495|31
496|18
497|36
498|15
499|39
500|9
501|15
502|27
503|4
504|12
505|35
506|45
507|39
508|0
509|25
510|13
511|7
512|12
513|24
514|27
515|5
516|43
517|5
518|43
519|24
520|41
521|17
522|42
523|48
524|49
525|47
526|42
527|49
528|30
529|46
530|41
531|15
532|34
533|6
534|16
535|38
536|25
537|32
538|0
539|6
540|43
541|17
542|45
543|1
544|46
545|33
546|23
547|47
548|33
549|10
550|30
551|44
552|32
553|11
554|15
555|29
556|48
557|0
558|2
559|45
560|2
561|0
562|12
563|16
564|10
565|44
566|13
567|36
568|31
569|15
570|16
571|38
572|28
573|6
574|42
575|42
576|5
577|34
578|14
579|21
580|12
581|42
582|45
583|12
584|40
585|18
586|38
587|20
588|16
589|9
590|28
591|26
592|24
593|44
594|5
595|3
596|25
597|20
598|9
599|11
600|22
601|48
602|14
603|48
604|31
605|38
606|20
607|15
608|31
609|34
610|37
611|11
612|11
613|40
614|22
615|5
616|17
617|24
618|43
619|25
620|30
621|13
622|1
623|27
624|22
625|5
626|45
627|12
628|14
629|12
630|17
631|43
632|15
633|47
634|25
635|1
636|33
637|46
638|40
639|9
640|6
641|13
642|30
643|6
644|43
645|36
646|14
647|1
648|14
649|18
650|44
651|22
652|25
653|33
654|25
655|15
656|14
657|1
658|13
659|27
660|46
661|27
662|19
663|42
664|8
665|10
666|41
667|1
668|43
669|20
670|38
671|26
672|18
673|28
674|44
675|49
676|36
677|5
678|49
679|31
680|25
681|49
682|41
683|32
684|18
685|29
686|4
687|3
688|25
689|23
690|36
691|45
692|1
693|29
694|12
695|43
696|9
697|47
698|47
699|36
700|34
701|28
702|46
703|32
704|0
705|29
706|36
707|44
708|2
709|42
710|37
711|43
712|18
713|21
714|45
715|42
716|19
717|7
718|37
719|30
720|34
721|13
722|43
723|28
724|0
725|3
726|30
727|9
728|14
729|26
730|24
731|6
732|25
733|19
734|15
735|28
736|1
737|5
738|13
739|2
740|4
741|2
742|38
743|19
744|18
745|33
746|22
747|4
748|29
749|8
750|9
751|48
752|22
753|16
754|46
755|7
756|46
757|44
758|3
759|10
760|21
761|0
762|5
763|14
764|26
765|33
766|35
767|18
768|9
769|1
770|48
771|8
772|3
773|18
774|12
775|6
776|41
777|36
778|47
779|17
780|49
781|49
782|38
783|29
784|3
785|25
786|42
787|7
788|1
789|46
790|22
791|10
792|30
793|27
794|29
795|35
796|34
797|31
798|37
799|1
800|20
801|43
802|28
803|22
804|42
805|49
806|42
807|37
808|45
809|38
810|39
811|46
812|9
813|18
814|5
815|23
816|10
817|44
818|40
819|42
820|18
821|24
822|11
823|33
824|37
825|14
826|48
827|6
828|36
829|45
830|48
831|9
832|6
833|46
834|10
835|46
836|16
837|44
838|38
839|38
840|5
841|44
842|33
843|24
844|19
845|7
846|46
847|42
848|8
849|1
850|11
851|19
852|20
853|12
854|32
855|4
856|33
857|30
858|3
859|36
860|24
861|3
862|0
863|44
864|13
865|39
866|36
867|1
868|31
869|25
870|19
871|47
872|29
873|30
874|10
875|48
876|26
877|37
878|48
879|4
880|1
881|32
882|6
883|6
884|31
885|20
886|23
887|32
888|7
889|21
890|29
891|33
892|0
893|38
894|11
895|15
896|42
897|12
898|47
899|34
900|45
901|6
902|48
903|37
904|35
905|30
906|46
907|37
908|2
909|45
910|21
911|25
912|5
913|49
914|9
915|30
916|2
917|39
918|32
919|1
920|26
921|48
922|39
923|23
924|7
925|16
926|32
927|34
928|23
929|27
930|30
931|47
932|13
933|38
934|32
935|18
936|22
937|16
938|32
939|6
940|3
941|10
942|38
943|48
944|27
945|0
946|47
947|22
948|0
949|34
950|40
951|39
952|30
953|48
954|46
955|21
956|43
957|39
958|29
959|32
960|41
961|2
962|3
963|32
964|37
965|1
966|11
967|41
968|2
969|40
970|3
971|42
972|19
973|12
974|28
975|15
976|4
977|3
978|31
979|38
980|25
981|18
982|18
983|43
984|39
985|25
986|44
987|25
988|8
989|32
990|10
991|30
992|12
993|27
994|25
995|42
996|45
997|3
998|2
999|32
1000|21
1001|6
1002|38
1003|40
1004|37
1005|12
1006|45
1007|10
1008|1
1009|14
1010|24
1011|0
1012|36
1013|4
1014|18
1015|43
1016|19
1017|3
1018|0
1019|43
1020|30
1021|44
1022|47
1023|0
1024|44
1025|33
1026|13
1027|28
1028|5
1029|33
1030|39
1031|13
1032|7
1033|32
1034|24
1035|11
1036|22
1037|16
1038|3
1039|8
1040|13
1041|33
1042|25
1043|43
1044|44
1045|27
1046|15
1047|5
1048|30
1049|6
1050|33
1051|39
1052|11
1053|24
1054|48
1055|18
1056|2
1057|37
1058|10
1059|29
1060|36
1061|45
1062|24
1063|31
1064|41
1065|18
1066|38
1067|28
1068|13
1069|27
1070|24
1071|9
1072|35
1073|35
1074|26
1075|34
1076|20
1077|46
1078|31
1079|41
1080|17
1081|20
1082|22
1083|42
1084|27
1085|9
1086|13
1087|44
1088|24
1089|23
1090|31
1091|13
1092|1
1093|2
1094|21
1095|7
1096|5
1097|12
1098|4
1099|1
1100|48
1101|9
1102|34
1103|43
1104|36
1105|45
1106|44
1107|1
1108|30
1109|44
1110|41
1111|3
1112|37
1113|9
1114|32
1115|42
1116|36
1117|19
1118|43
1119|23
1120|20
1121|18
1122|1
1123|12
1124|21
1125|27
1126|1
1127|27
1128|17
1129|24
1130|43
1131|3
1132|36
1133|49
1134|22
1135|32
1136|36
1137|35
1138|32
1139|41
1140|11
1141|8
1142|33
1143|19
1144|31
1145|13
1146|43
1147|41
1148|26
1149|37
1150|0
1151|13
1152|22
1153|1
1154|17
1155|35
1156|12
1157|29
1158|44
1159|43
1160|24
1161|6
1162|22
1163|3
1164|30
1165|34
1166|8
1167|44
1168|3
1169|16
1170|49
1171|23
1172|40
1173|48
1174|36
1175|29
1176|31
1177|31
1178|32
1179|39
1180|49
1181|1
1182|38
1183|36
1184|46
1185|44
1186|11
1187|7
1188|19
1189|49
1190|37
1191|38
1192|46
1193|24
1194|41
1195|13
1196|28
1197|25
1198|8
1199|43
1200|48
1201|44
1202|14
1203|29
1204|15
1205|47
1206|11
1207|16
1208|19
1209|0
1210|49
1211|45
1212|23
1213|0
1214|11
1215|46
1216|23
1217|0
1218|36
1219|25
1220|21
1221|2
1222|20
1223|36
1224|37
1225|24
1226|0
1227|3
1228|31
1229|43
1230|22
1231|43
1232|35
1233|30
1234|27
1235|41
1236|21
1237|3
1238|4
1239|25
1240|49
1241|18
1242|22
1243|40
1244|28
1245|13
1246|45
1247|7
1248|0
1249|27
1250|41
1251|17
1252|38
1253|49
1254|43
1255|25
1256|12
1257|18
1258|38
1259|48
1260|34
1261|39
1262|7
1263|30
1264|7
1265|22
1266|19
1267|14
1268|10
1269|5
1270|9
1271|31
1272|0
1273|34
1274|31
1275|33
1276|24
1277|37
1278|25
1279|35
1280|21
1281|33
1282|30
1283|5
1284|17
1285|45
1286|15
1287|40
1288|25
1289|5
1290|19
1291|23
1292|20
1293|12
1294|45
1295|40
1296|48
1297|21
1298|15
1299|43
1300|13
1301|41
1302|9
1303|43
1304|29
1305|14
1306|28
1307|30
1308|47
1309|12
1310|27
1311|35
1312|12
1313|32
1314|18
1315|14
1316|9
1317|15
1318|7
1319|40
1320|6
1321|9
1322|10
1323|19
1324|41
1325|27
1326|10
1327|5
1328|32
1329|33
1330|40
1331|14
1332|28
1333|4
1334|8
1335|16
1336|33
1337|1
1338|10
1339|27
1340|49
1341|23
1342|21
1343|7
1344|17
1345|32
1346|45
1347|42
1348|32
1349|36
1350|5
1351|11
1352|30
1353|3
1354|4
1355|2
1356|35
1357|41
1358|10
1359|1
1360|4
1361|48
1362|9
1363|14
1364|25
1365|16
1366|2
1367|48
1368|8
1369|11
1370|5
1371|25
1372|7
1373|25
1374|3
1375|5
1376|20
1377|31
1378|10
1379|36
1380|11
1381|21
1382|20
1383|1
1384|21
1385|44
1386|23
1387|4
1388|8
1389|33
1390|25
1391|31
1392|45
1393|6
1394|39
1395|45
1396|24
1397|10
1398|31
1399|14
1400|30
1401|25
1402|8
1403|11
1404|11
1405|25
1406|45
1407|20
1408|18
1409|45
1410|9
1411|3
1412|29
1413|41
1414|37
1415|33
1416|23
1417|12
1418|34
1419|0
1420|37
1421|38
1422|0
1423|45
1424|24
1425|5
1426|47
1427|37
1428|16
1429|20
1430|37
1431|6
1432|41
1433|9
1434|12
1435|22
1436|49
1437|34
1438|5
1439|31
1440|35
1441|46
1442|38
1443|47
1444|35
1445|13
1446|28
1447|11
1448|8
1449|46
1450|17
1451|17
1452|22
1453|2
1454|14
1455|40
1456|26
1457|17
1458|35
1459|30
1460|28
1461|41
1462|44
1463|16
1464|13
1465|39
1466|7
1467|26
1468|48
1469|43
1470|18
1471|28
1472|1
1473|38
1474|0
1475|49
1476|15
1477|15
1478|4
1479|43
1480|49
1481|29
1482|34
1483|23
1484|43
1485|48
1486|19
1487|12
1488|26
1489|22
1490|46
1491|18
1492|45
1493|48
1494|23
1495|5
1496|19
1497|43
1498|26
1499|19
1500|17
