0|15
1|1
2|42
3|39
4|46
5|16
6|41
7|33
8|49
9|25
10|20
11|27
12|46
13|34
14|7
15|37
16|29
17|36
18|29
19|1
20|3
21|10
22|28
23|35
24|37
25|17
26|37
27|35
28|18
29|47
30|18
31|5
32|31
33|3
34|26
35|49
36|25
37|23
38|12
39|5
40|17
41|19
42|3
43|23
44|35
45|45
46|9
47|2
48|1
49|22
50|19
51|17
52|28
53|5
54|31
55|29
56|7
57|46
58|43
59|4
60|1
61|47
62|39
63|17
64|35
65|36
66|39
67|36
68|22
69|34
70|20
71|34
72|1
73|25
74|16
75|47
76|20
77|13
78|25
79|21
80|27
81|33
82|13
83|3
84|40
85|16
86|42
87|18
88|31
89|0
90|40
91|3
92|5
93|3
94|40
95|26
96|2
97|20
98|40
99|28
100|37
101|20
102|10
103|18
104|17
105|19
106|32
107|43
108|32
109|43
110|16
111|32
112|23
113|3
114|32
115|42
116|40
117|37
118|28
119|40
120|6
121|29
122|1
123|6
124|23
125|0
126|30
127|31
128|27
129|27
130|23
131|46
132|12
133|8
134|24
135|39
136|39
137|39
138|36
139|31
140|6
141|2
142|49
143|14
144|10
145|39
146|41
147|49
148|4
149|11
150|26
151|18
152|42
153|41
154|41
155|10
156|16
157|12
158|25
159|28
160|15
161|17
162|7
163|23
164|15
165|1
166|42
167|0
168|38
169|43
170|27
171|44
172|28
173|27
174|41
175|6
176|28
177|29
178|13
179|40
180|32
181|33
182|27
183|35
184|19
185|22
186|6
187|19
188|9
189|20
190|6
191|44
192|36
193|36
194|38
195|9
196|9
197|42
198|22
199|32
200|14
201|7
202|4
203|23
204|46
205|43
206|38
207|44
208|47
209|24
210|3
211|27
212|18
213|22
214|38
215|23
216|21
217|29
218|9
219|32
220|2
221|17
222|18
223|12
224|30
225|20
226|26
227|29
228|41
229|2
230|36
231|43
232|24
233|9
234|48
235|45
236|31
237|9
238|1
239|40
240|24
241|38
242|31
243|3
244|41
245|4
246|17
247|6
248|33
249|15
250|45
251|8
252|3
253|12
254|49
255|27
256|35
257|10
258|8
259|27
260|10
261|34
262|29
263|25
264|38
265|21
266|49
267|24
268|2
269|6
270|32
271|5
272|0
273|16
274|36
275|37
276|43
277|37
278|47
279|49
280|39
281|38
282|11
283|13
284|31
285|6
286|49
287|36
288|4
289|18
290|7
291|46
292|4
293|16
294|33
295|45
296|48
297|9
298|2
299|26
300|42
301|36
302|35
303|42
304|8
305|24
306|17
307|1
308|44
309|0
310|12
311|16
312|31
313|23
314|6
315|1
316|27
317|12
318|16
319|38
320|8
321|13
322|7
323|3
324|16
325|21
326|6
327|32
328|5
329|8
330|38
331|18
332|34
333|30
334|37
335|16
336|3
337|13
338|15
339|48
340|7
341|2
342|32
343|31
344|0
345|39
346|38
347|41
348|46
349|31
350|32
351|29
352|8
353|2
354|9
355|4
356|31
357|7
358|16
359|10
360|11
361|0
362|34
363|20
364|44
365|34
366|0
367|40
368|14
369|0
370|25
371|37
372|15
373|24
374|38
375|41
376|0
377|2
378|0
379|8
380|13
381|30
382|10
383|47
384|36
385|31
386|42
387|2
388|39
389|47
390|12
391|21
392|34
393|16
394|5
395|1
396|16
397|11
398|11
399|5
400|30
401|13
402|43
403|4
404|11
405|33
406|8
407|13
408|7
409|13
410|17
411|32
412|40
413|32
414|4
415|24
416|36
417|28
418|21
419|45
420|25
421|29
422|36
423|49
424|26
425|47
426|9
427|34
428|17
429|11
430|45
431|9
432|27
433|31
434|10
435|3
436|6
437|5
438|43
439|37
440|32
441|16
442|3
443|10
444|18
445|14
446|12
447|18
448|6
449|29
450|47
451|11
452|28
453|26
454|17
455|29
456|22
457|15
458|11
459|25
460|37
461|41
462|3
463|43
464|7
465|7
466|14
467|45
468|38
469|0
470|2
471|39
472|23
473|33
474|34
475|25
476|30
477|41
478|0
479|43
480|11
481|31
482|21
483|34
484|23
485|11
486|12
487|6
488|38
489|25
490|36
491|15
492|6
493|34
494|42
495|17
496|13
497|43
498|17
499|27
500|0
501|31
502|43
503|2
504|0
505|31
506|47
507|23
508|24
509|22
510|28
511|13
512|33
513|33
514|29
515|30
516|46
517|49
518|30
519|34
520|48
521|12
522|49
523|4
524|2
525|9
526|22
527|47
528|11
529|25
530|25
531|35
532|32
533|23
534|48
535|0
536|6
537|6
538|44
539|0
540|12
541|22
542|27
543|9
544|16
545|10
546|14
547|5
548|7
549|39
550|46
551|27
552|15
553|6
554|17
555|49
556|16
557|11
558|18
559|35
560|2
561|21
562|34
563|33
564|9
565|47
566|14
567|21
568|41
569|7
570|28
571|3
572|23
573|15
574|45
575|45
576|27
577|13
578|47
579|0
580|20
581|20
582|46
583|42
584|1
585|29
586|30
587|32
588|43
589|13
590|6
591|46
592|38
593|9
594|21
595|20
596|24
597|19
598|41
599|2
600|33
601|22
602|32
603|37
604|5
605|4
606|44
607|11
608|16
609|16
610|43
611|46
612|24
613|39
614|31
615|14
616|20
617|25
618|45
619|0
620|48
621|40
622|20
623|1
624|41
625|30
626|8
627|27
628|41
629|20
630|17
631|46
632|10
633|11
634|39
635|32
636|2
637|41
638|2
639|8
640|49
641|31
642|33
643|29
644|49
645|31
646|35
647|37
648|27
649|40
650|5
651|22
652|11
653|1
654|16
655|48
656|48
657|39
658|32
659|21
660|44
661|12
662|10
663|49
664|30
665|34
666|3
667|15
668|36
669|1
670|27
671|28
672|31
673|14
674|31
675|29
676|43
677|11
678|2
679|29
680|12
681|32
682|39
683|36
684|15
685|7
686|26
687|8
688|19
689|10
690|20
691|26
692|33
693|0
694|8
695|27
696|26
697|43
698|47
699|5
700|39
701|20
702|22
703|7
704|8
705|10
706|44
707|30
708|29
709|22
710|25
711|48
712|13
713|23
714|36
715|41
716|3
717|37
718|17
719|45
720|44
721|24
722|34
723|20
724|30
725|32
726|49
727|19
728|15
729|24
730|8
731|48
732|13
733|17
734|21
735|30
736|14
737|4
738|27
739|16
740|42
741|47
742|16
743|5
744|39
745|47
746|12
747|37
748|21
749|26
750|27
751|3
752|27
753|12
754|23
755|18
756|0
757|21
758|36
759|16
760|7
761|22
762|37
763|34
764|32
765|45
766|10
767|8
768|32
769|2
770|7
771|31
772|29
773|39
774|16
775|11
776|16
777|24
778|40
779|22
780|32
781|30
782|10
783|43
784|42
785|46
786|29
787|27
788|44
789|40
790|5
791|36
792|36
793|1
794|15
795|0
796|16
797|33
798|27
799|20
800|8
801|43
802|23
803|10
804|34
805|45
806|28
807|34
808|32
809|39
810|20
811|7
812|33
813|0
814|18
815|29
816|12
817|15
818|5
819|26
820|31
821|36
822|34
823|7
824|0
825|26
826|32
827|17
828|7
829|36
830|6
831|3
832|44
833|33
834|48
835|0
836|48
837|17
838|26
839|26
840|23
841|37
842|26
843|29
844|26
845|24
846|39
847|48
848|46
849|49
850|11
851|43
852|19
853|32
854|35
855|13
856|8
857|9
858|1
859|11
860|16
861|43
862|31
863|17
864|6
865|44
866|18
867|39
868|38
869|46
870|0
871|14
872|2
873|46
874|22
875|47
876|40
877|35
878|6
879|12
880|20
881|44
882|35
883|30
884|13
885|31
886|48
887|35
888|24
889|12
890|10
891|17
892|14
893|27
894|5
895|24
896|7
897|46
898|12
899|9
900|10
901|6
902|45
903|34
904|5
905|37
906|32
907|45
908|22
909|49
910|33
911|27
912|10
913|36
914|22
915|47
916|4
917|16
918|34
919|8
920|24
921|40
922|15
923|23
924|39
925|25
926|12
927|22
928|21
929|33
930|19
931|37
932|21
933|16
934|39
935|44
936|18
937|30
938|47
939|41
940|11
941|45
942|18
943|34
944|12
945|5
946|10
947|7
948|8
949|2
950|33
951|32
952|39
953|41
954|36
955|44
956|32
957|42
958|46
959|41
960|32
961|18
962|11
963|38
964|48
965|38
966|48
967|47
968|2
969|36
970|17
971|13
972|49
973|37
974|9
975|46
976|8
977|39
978|17
979|0
980|26
981|32
982|5
983|33
984|9
985|12
986|31
987|33
988|43
989|37
990|3
991|12
992|25
993|19
994|20
995|43
996|0
997|23
998|44
999|48
1000|37
1001|35
1002|21
1003|13
1004|13
1005|10
1006|44
1007|31
1008|43
1009|34
1010|26
1011|44
1012|3
1013|34
1014|28
1015|47
1016|4
1017|4
1018|19
1019|22
1020|29
1021|47
1022|3
1023|45
1024|40
1025|33
1026|37
1027|26
1028|33
1029|28
1030|25
1031|13
1032|45
1033|48
1034|42
1035|39
1036|36
1037|2
1038|20
1039|37
1040|27
1041|0
1042|20
1043|33
1044|16
1045|1
1046|6
1047|35
1048|16
1049|21
1050|38
1051|1
1052|19
1053|22
1054|17
1055|1
1056|45
1057|24
1058|42
1059|15
1060|13
1061|36
1062|17
1063|10
1064|47
1065|47
1066|20
1067|34
1068|2
1069|32
1070|15
1071|47
1072|0
1073|3
1074|45
1075|36
1076|9
1077|1
1078|15
1079|32
1080|32
1081|31
1082|9
1083|41
1084|36
1085|15
1086|43
1087|20
1088|47
1089|23
1090|8
1091|43
1092|21
1093|0
1094|22
1095|8
1096|27
1097|10
1098|26
1099|14
1100|26
1101|25
1102|44
1103|43
1104|41
1105|3
1106|21
1107|39
1108|44
1109|15
1110|8
1111|32
1112|40
1113|30
1114|23
1115|27
1116|0
1117|24
1118|41
1119|4
1120|30
1121|24
1122|20
1123|1
1124|29
1125|25
1126|35
1127|11
1128|23
1129|43
1130|20
1131|2
1132|18
1133|12
1134|20
1135|10
1136|6
1137|42
1138|6
1139|21
1140|27
1141|29
1142|21
1143|42
1144|12
1145|44
1146|33
1147|1
1148|39
1149|48
1150|41
1151|14
1152|48
1153|8
1154|20
1155|13
1156|5
1157|36
1158|36
1159|32
1160|48
1161|26
1162|44
1163|1
1164|13
1165|4
1166|4
1167|6
1168|44
1169|36
1170|9
1171|42
1172|21
1173|24
1174|16
1175|28
1176|5
1177|1
1178|31
1179|26
1180|23
1181|25
1182|31
1183|6
1184|18
1185|5
1186|29
1187|25
1188|17
1189|40
1190|27
1191|34
1192|42
1193|17
1194|22
1195|25
1196|48
1197|17
1198|12
1199|11
1200|27
1201|31
1202|49
1203|25
1204|42
1205|16
1206|5
1207|40
1208|43
1209|37
1210|20
1211|40
1212|25
1213|12
1214|26
1215|23
1216|34
1217|23
1218|35
1219|14
1220|2
1221|12
1222|45
1223|25
1224|3
1225|16
1226|28
1227|18
1228|16
1229|31
1230|33
1231|0
1232|1
1233|49
1234|44
1235|3
1236|8
1237|44
1238|40
1239|15
1240|44
1241|16
1242|28
1243|36
1244|21
1245|28
1246|28
1247|21
1248|26
1249|38
1250|2
1251|43
1252|21
1253|29
1254|30
1255|43
1256|24
1257|5
1258|33
1259|29
1260|44
1261|3
1262|45
1263|44
1264|9
1265|37
1266|4
1267|4
1268|2
1269|14
1270|32
1271|17
1272|39
1273|4
1274|3
1275|41
1276|3
1277|40
1278|11
1279|38
1280|48
1281|35
1282|23
1283|25
1284|19
1285|28
1286|23
1287|40
1288|5
1289|37
1290|27
1291|11
1292|4
1293|7
1294|19
1295|37
1296|42
1297|43
1298|20
1299|17
1300|43
1301|17
1302|49
1303|3
1304|12
1305|26
1306|25
1307|19
1308|10
1309|20
1310|37
1311|37
1312|49
1313|8
1314|13
1315|44
1316|36
1317|9
1318|46
1319|1
1320|16
1321|2
1322|49
1323|9
1324|14
1325|39
1326|14
1327|29
1328|9
1329|24
1330|44
1331|16
1332|28
1333|34
1334|39
1335|29
1336|23
1337|47
1338|27
1339|6
1340|24
1341|40
1342|12
1343|7
1344|26
1345|26
1346|48
1347|0
1348|11
1349|19
1350|37
1351|26
1352|4
1353|47
1354|38
1355|1
1356|3
1357|38
1358|36
1359|25
1360|5
1361|47
1362|46
1363|41
1364|24
1365|0
1366|26
1367|21
1368|47
1369|45
1370|33
1371|41
1372|47
1373|39
1374|13
1375|30
1376|16
1377|2
1378|27
1379|28
1380|43
1381|30
1382|8
1383|21
1384|10
1385|30
1386|31
1387|19
1388|17
1389|20
1390|12
1391|11
1392|1
1393|38
1394|8
1395|39
1396|35
1397|0
1398|30
1399|44
1400|16
1401|31
1402|23
1403|21
1404|23
1405|24
1406|10
1407|8
1408|25
1409|6
1410|39
1411|1
1412|40
1413|47
1414|0
1415|32
1416|31
1417|5
1418|35
1419|38
1420|16
1421|36
1422|35
1423|49
1424|46
1425|34
1426|1
1427|33
1428|15
1429|39
1430|28
1431|1
1432|48
1433|31
1434|4
1435|0
1436|5
1437|2
1438|11
1439|0
1440|23
1441|19
1442|21
1443|48
1444|35
1445|48
1446|21
1447|19
1448|0
1449|7
1450|12
1451|47
1452|26
1453|2
1454|39
1455|8
1456|38
1457|22
1458|13
1459|24
1460|13
1461|26
1462|16
1463|0
1464|4
1465|8
1466|45
1467|9
1468|16
1469|40
1470|42
1471|34
1472|44
1473|12
1474|30
1475|31
1476|35
1477|12
1478|30
1479|24
1480|40
1481|18
1482|25
1483|28
1484|36
1485|35
1486|28
1487|7
1488|45
1489|22
1490|35
1491|30
1492|4
1493|48
1494|26
1495|13
1496|20
1497|2
1498|48
1499|27
1500|1
1501|2
1502|7
1503|11
1504|9
1505|49
1506|45
1507|48
1508|30
1509|2
1510|5
1511|36
1512|20
1513|33
1514|31
1515|21
1516|41
1517|1
1518|40
1519|2
1520|38
1521|28
1522|10
1523|35
1524|15
1525|48
1526|38
1527|23
1528|12
1529|4
1530|13
1531|26
1532|20
1533|22
1534|38
1535|44
1536|29
1537|42
1538|26
1539|43
1540|41
1541|1
1542|40
1543|49
1544|31
1545|5
1546|17
1547|2
1548|32
1549|13
1550|13
1551|15
1552|17
1553|24
1554|41
1555|29
1556|25
1557|0
1558|48
1559|32
1560|21
1561|42
1562|25
1563|48
1564|42
1565|7
1566|17
1567|44
1568|11
1569|31
1570|16
1571|37
1572|31
1573|12
1574|4
1575|13
1576|35
1577|28
1578|26
1579|29
1580|43
1581|4
1582|44
1583|41
1584|3
1585|20
1586|18
1587|18
1588|16
1589|25
1590|33
1591|19
1592|25
1593|18
1594|22
1595|30
1596|22
1597|7
1598|33
1599|20
1600|12
1601|40
1602|6
1603|15
1604|3
1605|22
1606|13
1607|27
1608|14
1609|26
1610|36
1611|28
1612|19
1613|43
1614|39
1615|16
1616|30
1617|10
1618|42
1619|34
1620|1
1621|25
1622|27
1623|28
1624|32
1625|44
1626|14
1627|49
1628|32
1629|33
1630|36
1631|11
1632|25
1633|22
1634|19
1635|0
1636|7
1637|36
1638|11
1639|37
1640|2
1641|3
1642|46
1643|28
1644|21
1645|21
1646|16
1647|18
1648|44
1649|46
1650|13
1651|30
1652|35
1653|43
1654|30
1655|17
1656|0
1657|30
1658|24
1659|11
1660|23
1661|47
1662|38
1663|44
1664|45
1665|42
1666|20
1667|19
1668|32
1669|43
1670|22
1671|7
1672|9
1673|17
1674|19
1675|42
1676|47
1677|33
1678|45
1679|3
1680|34
1681|41
1682|33
1683|8
1684|36
1685|37
1686|32
1687|21
1688|38
1689|30
1690|42
1691|21
1692|40
1693|28
1694|44
1695|42
1696|25
1697|36
1698|9
1699|46
1700|27
1701|32
1702|4
1703|4
1704|36
1705|10
1706|16
1707|46
1708|0
1709|2
1710|31
1711|47
1712|26
1713|26
1714|24
1715|25
1716|9
1717|46
1718|39
1719|18
1720|20
1721|30
1722|5
1723|32
1724|33
1725|16
1726|19
1727|24
1728|12
1729|49
1730|17
1731|17
1732|26
1733|36
1734|31
1735|15
1736|32
1737|48
1738|12
1739|0
1740|31
1741|0
1742|8
1743|25
1744|10
1745|7
1746|42
1747|12
1748|38
1749|7
1750|37
1751|47
1752|10
1753|40
1754|29
1755|44
1756|39
1757|6
1758|21
1759|20
1760|8
1761|18
1762|45
1763|46
1764|22
1765|6
1766|31
1767|22
1768|38
1769|45
1770|22
1771|25
1772|4
1773|49
1774|49
1775|10
1776|10
1777|47
1778|6
1779|5
1780|38
1781|17
1782|23
1783|35
1784|17
1785|48
1786|27
1787|23
1788|41
1789|39
1790|45
1791|5
1792|39
1793|35
1794|10
1795|22
1796|49
1797|47
1798|31
1799|43
1800|22
1801|29
1802|35
1803|26
1804|8
1805|40
1806|1
1807|13
1808|26
1809|26
1810|48
1811|13
1812|26
1813|0
1814|23
1815|36
1816|19
1817|10
1818|26
1819|12
1820|39
1821|6
1822|15
1823|39
1824|32
1825|31
1826|23
1827|4
1828|42
1829|40
1830|31
1831|7
1832|0
1833|33
1834|49
1835|44
1836|40
1837|5
1838|49
1839|15
1840|35
1841|17
1842|13
1843|44
1844|44
1845|20
1846|19
1847|14
1848|48
1849|7
1850|6
1851|16
1852|38
1853|10
1854|44
1855|24
1856|35
1857|6
1858|39
1859|9
1860|28
1861|21
1862|25
1863|29
1864|4
1865|44
1866|6
1867|35
1868|12
1869|26
1870|24
1871|14
1872|18
1873|20
1874|20
1875|48
1876|40
1877|38
1878|29
1879|49
1880|47
1881|39
1882|8
1883|43
1884|9
1885|16
1886|38
1887|19
1888|33
1889|40
1890|22
1891|27
1892|36
1893|15
1894|3
1895|19
1896|43
1897|38
1898|48
1899|27
1900|5
1901|44
1902|2
1903|14
1904|17
1905|44
1906|36
1907|49
1908|34
1909|25
1910|27
1911|34
1912|8
1913|31
1914|15
1915|6
1916|8
1917|25
1918|26
1919|27
1920|26
1921|31
1922|1
1923|46
1924|23
1925|36
1926|41
1927|5
1928|36
1929|38
1930|38
1931|17
1932|42
1933|5
1934|26
1935|10
1936|4
1937|33
1938|8
1939|25
1940|18
1941|15
1942|26
1943|36
1944|9
1945|45
1946|28
1947|21
1948|30
1949|44
1950|19
1951|36
1952|2
1953|24
1954|23
1955|8
1956|43
1957|6
1958|36
1959|18
1960|10
1961|30
1962|44
1963|46
1964|39
1965|40
1966|22
1967|38
1968|19
1969|23
1970|10
1971|16
1972|38
1973|14
1974|6
1975|15
1976|29
1977|22
1978|34
1979|49
1980|20
1981|10
1982|15
1983|20
1984|6
1985|15
1986|0
1987|45
1988|31
1989|10
1990|34
1991|14
1992|7
1993|12
1994|19
1995|28
1996|5
1997|10
1998|18
1999|6
2000|44
2001|24
2002|49
2003|1
2004|23
2005|13
2006|41
2007|47
2008|4
2009|4
2010|26
2011|41
2012|46
2013|18
2014|12
2015|14
2016|13
2017|45
2018|24
2019|31
2020|49
2021|46
2022|15
2023|37
2024|23
2025|28
2026|28
2027|18
2028|49
2029|22
2030|4
2031|41
2032|26
2033|20
2034|20
2035|19
2036|45
2037|31
2038|39
2039|45
2040|4
2041|38
2042|39
2043|15
2044|5
2045|19
2046|35
2047|48
2048|18
2049|24
2050|44
2051|1
2052|32
2053|8
2054|23
2055|32
2056|44
2057|49
2058|0
2059|44
2060|30
2061|46
2062|27
2063|29
2064|45
2065|27
2066|48
2067|0
2068|14
2069|17
2070|8
2071|9
2072|19
2073|41
2074|11
2075|17
2076|42
2077|41
2078|20
2079|32
2080|28
2081|30
2082|32
2083|27
2084|37
2085|45
2086|20
2087|4
2088|48
2089|31
2090|48
2091|12
2092|46
2093|28
2094|9
2095|6
2096|33
2097|45
2098|48
2099|34
2100|13
2101|15
2102|10
2103|5
2104|18
2105|5
2106|9
2107|6
2108|22
2109|2
2110|37
2111|19
2112|20
2113|14
2114|13
2115|22
2116|30
2117|22
2118|31
2119|5
2120|42
2121|29
2122|49
2123|36
2124|26
2125|27
2126|16
2127|48
2128|29
2129|6
2130|0
2131|27
2132|25
2133|46
2134|20
2135|20
2136|32
2137|28
2138|8
2139|5
2140|9
2141|3
2142|48
2143|30
2144|5
2145|8
2146|14
2147|1
2148|34
2149|12
2150|48
2151|45
2152|37
2153|39
2154|11
2155|34
2156|43
2157|32
2158|26
2159|19
2160|49
2161|16
2162|31
2163|11
2164|34
2165|22
2166|36
2167|19
2168|8
2169|14
2170|10
2171|36
2172|2
2173|28
2174|1
2175|25
2176|40
2177|43
2178|47
2179|10
2180|18
2181|10
2182|33
2183|3
2184|7
2185|29
2186|7
2187|0
2188|11
2189|23
2190|31
2191|47
2192|22
2193|43
2194|46
2195|8
2196|27
2197|32
2198|44
2199|2
2200|4
2201|7
2202|6
2203|44
2204|14
2205|16
2206|40
2207|6
2208|22
2209|25
2210|3
2211|20
2212|39
2213|11
2214|8
2215|35
2216|4
2217|13
2218|8
2219|5
2220|13
2221|16
2222|38
2223|43
2224|8
2225|0
2226|46
2227|11
2228|19
2229|46
2230|22
2231|23
2232|5
2233|1
2234|26
2235|9
2236|47
2237|16
2238|25
2239|24
2240|17
2241|22
2242|30
2243|43
2244|37
2245|42
2246|29
2247|23
2248|44
2249|17
2250|24
2251|0
2252|7
2253|28
2254|32
2255|13
2256|35
2257|23
2258|22
2259|35
2260|31
2261|49
2262|12
2263|13
2264|14
2265|22
2266|28
2267|42
2268|36
2269|10
2270|49
2271|45
2272|17
2273|8
2274|24
2275|6
2276|25
2277|13
2278|7
2279|16
2280|1
2281|22
2282|46
2283|18
2284|14
2285|36
2286|47
2287|25
2288|49
2289|49
2290|48
2291|14
2292|37
2293|48
2294|21
2295|16
2296|19
2297|37
2298|45
2299|46
2300|38
2301|40
2302|22
2303|37
2304|34
2305|4
2306|2
2307|42
2308|26
2309|20
2310|14
2311|21
2312|28
2313|14
2314|34
2315|25
2316|42
2317|39
2318|20
2319|35
2320|42
2321|36
2322|39
2323|16
2324|16
2325|48
2326|5
2327|23
2328|8
2329|3
2330|0
2331|47
2332|49
2333|33
2334|12
2335|21
2336|31
2337|48
2338|35
2339|0
2340|14
2341|16
2342|16
2343|30
2344|21
2345|10
2346|36
2347|1
2348|27
2349|3
2350|14
2351|44
2352|5
2353|23
2354|20
2355|35
2356|23
2357|5
2358|10
2359|16
2360|21
2361|20
2362|35
2363|25
2364|24
2365|39
2366|29
2367|18
2368|33
2369|3
2370|21
2371|27
2372|4
2373|45
2374|21
2375|49
2376|30
2377|30
2378|23
2379|5
2380|21
2381|47
2382|3
2383|25
2384|41
2385|48
2386|8
2387|11
2388|14
2389|13
2390|14
2391|15
2392|28
2393|29
2394|9
2395|9
2396|40
2397|22
2398|39
2399|28
2400|21
2401|40
2402|19
2403|45
2404|43
2405|27
2406|35
2407|13
2408|48
2409|46
2410|10
2411|38
2412|45
2413|35
2414|28
2415|34
2416|4
2417|0
2418|42
2419|38
2420|46
2421|32
2422|23
2423|41
2424|38
2425|33
2426|7
2427|30
2428|49
2429|45
2430|17
2431|13
2432|19
2433|11
2434|2
2435|14
2436|39
2437|17
2438|30
2439|4
2440|49
2441|45
2442|17
2443|2
2444|46
2445|36
2446|32
2447|36
2448|26
2449|26
2450|43
2451|45
2452|14
2453|32
2454|8
2455|23
2456|26
2457|40
2458|40
2459|26
2460|24
2461|31
2462|17
2463|44
2464|39
2465|47
2466|49
2467|4
2468|11
2469|9
2470|31
2471|47
2472|24
2473|3
2474|32
2475|11
2476|45
2477|10
2478|5
2479|17
2480|33
2481|20
2482|13
2483|43
2484|37
2485|34
2486|9
2487|25
2488|8
2489|31
2490|9
2491|32
2492|4
2493|10
2494|39
2495|11
2496|5
2497|1
2498|47
2499|36
2500|12
2501|24
2502|22
2503|32
2504|21
2505|17
2506|37
2507|44
2508|20
2509|0
2510|1
2511|9
2512|5
2513|28
2514|15
2515|24
2516|19
2517|25
2518|16
2519|11
2520|11
2521|18
2522|3
2523|35
2524|28
2525|29
2526|21
2527|37
2528|10
2529|11
2530|17
2531|24
2532|30
2533|33
2534|41
2535|33
2536|34
2537|20
2538|33
2539|48
2540|5
2541|42
2542|28
2543|49
2544|11
2545|26
2546|42
2547|14
2548|42
2549|12
2550|35
2551|36
2552|14
2553|15
2554|7
2555|41
2556|2
2557|16
2558|14
2559|26
2560|42
2561|7
2562|13
2563|13
2564|8
2565|13
2566|22
2567|19
2568|19
2569|38
2570|13
2571|35
2572|39
2573|16
2574|4
2575|14
2576|43
2577|8
2578|22
2579|28
2580|19
2581|30
2582|18
2583|36
2584|8
2585|34
2586|9
2587|14
2588|35
2589|48
2590|42
2591|2
2592|33
2593|41
2594|6
2595|44
2596|41
2597|49
2598|19
2599|17
2600|2
2601|28
2602|5
2603|36
2604|32
2605|13
2606|38
2607|22
2608|42
2609|20
2610|5
2611|33
2612|9
2613|44
2614|20
2615|14
2616|9
2617|31
2618|10
2619|35
2620|38
2621|30
2622|38
2623|24
2624|38
2625|9
2626|21
2627|19
2628|2
2629|12
2630|23
2631|13
2632|42
2633|19
2634|3
2635|30
2636|16
2637|40
2638|16
2639|23
2640|32
2641|30
2642|32
2643|46
2644|35
2645|10
2646|49
2647|4
2648|13
2649|42
2650|9
2651|23
2652|41
2653|11
2654|23
2655|47
2656|49
2657|0
2658|11
2659|12
2660|37
2661|27
2662|12
2663|41
2664|48
2665|25
2666|10
2667|1
2668|25
2669|18
2670|34
2671|44
2672|45
2673|49
2674|3
2675|17
2676|28
2677|9
2678|15
2679|18
2680|14
2681|37
2682|42
2683|20
2684|39
2685|31
2686|2
2687|31
2688|0
2689|29
2690|43
2691|6
2692|32
2693|25
2694|0
2695|32
2696|40
2697|22
2698|34
2699|7
2700|9
2701|10
2702|20
2703|35
2704|34
2705|46
2706|13
2707|38
2708|16
2709|19
2710|28
2711|15
2712|27
2713|8
2714|3
2715|21
2716|29
2717|49
2718|14
2719|10
2720|2
2721|12
2722|25
2723|32
2724|9
2725|37
2726|5
2727|40
2728|46
2729|28
2730|43
2731|37
2732|28
2733|22
2734|45
2735|12
2736|41
2737|21
2738|41
2739|20
2740|44
2741|48
2742|6
2743|24
2744|39
2745|23
2746|17
2747|35
2748|7
2749|48
2750|33
2751|29
2752|1
2753|6
2754|38
2755|48
2756|5
2757|20
2758|25
2759|21
2760|26
2761|17
2762|8
2763|20
2764|14
2765|2
2766|7
2767|6
2768|14
2769|43
2770|8
2771|10
2772|43
2773|37
2774|25
2775|23
2776|49
2777|30
2778|46
2779|26
2780|42
2781|11
2782|34
2783|2
2784|37
2785|42
2786|39
2787|5
2788|0
2789|17
2790|45
2791|12
2792|18
2793|28
2794|23
2795|18
2796|45
2797|35
2798|13
2799|8
2800|13
2801|17
2802|26
2803|26
2804|13
2805|6
2806|29
2807|14
2808|31
2809|49
2810|42
2811|0
2812|43
2813|2
2814|23
2815|2
2816|33
2817|4
2818|11
2819|2
2820|46
2821|6
2822|37
2823|34
2824|33
2825|46
2826|9
2827|45
2828|13
2829|18
2830|46
2831|12
2832|12
2833|33
2834|42
2835|40
2836|17
2837|3
2838|19
2839|24
2840|24
2841|38
2842|41
2843|16
2844|34
2845|3
2846|0
2847|15
2848|47
2849|13
2850|9
2851|43
2852|8
2853|37
2854|30
2855|9
2856|25
2857|7
2858|32
2859|48
2860|46
2861|46
2862|17
2863|14
2864|4
2865|46
2866|2
2867|13
2868|48
2869|31
2870|35
2871|49
2872|39
2873|39
2874|34
2875|33
2876|10
2877|33
2878|7
2879|43
2880|43
2881|17
2882|36
2883|16
2884|31
2885|49
2886|43
2887|13
2888|35
2889|44
2890|27
2891|14
2892|46
2893|19
2894|47
2895|4
2896|2
2897|32
2898|14
2899|28
2900|36
2901|17
2902|39
2903|45
2904|14
2905|45
2906|15
2907|3
2908|32
2909|17
2910|9
2911|35
2912|21
2913|4
2914|10
2915|40
2916|28
2917|34
2918|49
2919|19
2920|21
2921|26
2922|19
2923|48
2924|37
2925|12
2926|4
2927|23
2928|20
2929|11
2930|32
2931|39
2932|42
2933|26
2934|42
2935|11
2936|33
2937|48
2938|29
2939|31
2940|34
2941|4
2942|14
2943|27
2944|34
2945|3
2946|24
2947|20
2948|2
2949|19
2950|15
2951|42
2952|41
2953|33
2954|2
2955|32
2956|42
2957|27
2958|47
2959|40
2960|28
2961|33
2962|41
2963|11
2964|45
2965|21
2966|46
2967|36
2968|22
2969|13
2970|39
2971|27
2972|45
2973|5
2974|3
2975|30
2976|40
2977|12
2978|5
2979|18
2980|33
2981|7
2982|45
2983|23
2984|20
2985|20
2986|25
2987|38
2988|46
2989|29
2990|34
2991|25
2992|32
2993|49
2994|17
2995|21
2996|3
2997|33
2998|24
2999|30
3000|31
