0|46
1|12
2|36
3|32
4|24
5|33
6|43
7|20
8|2
9|29
10|23
11|16
12|30
13|30
14|38
15|11
16|42
17|42
18|42
19|32
20|10
21|37
22|47
23|24
24|33
25|30
26|10
27|45
28|9
29|10
30|22
31|28
32|23
33|43
34|14
35|36
36|39
37|46
38|45
39|46
40|23
41|25
42|20
43|2
44|4
45|30
46|19
47|36
48|10
49|18
50|11
51|33
52|2
53|6
54|12
55|3
56|0
57|9
58|34
59|18
60|29
61|10
62|11
63|10
64|4
65|7
66|34
67|36
68|8
69|31
70|26
71|19
72|28
73|28
74|6
75|46
76|40
77|20
78|29
79|26
80|8
81|21
82|19
83|23
84|20
85|7
86|4
87|35
88|16
89|22
90|35
91|20
92|33
93|36
94|45
95|14
96|45
97|13
98|14
99|1
100|17
101|16
102|36
103|42
104|29
105|41
106|14
107|41
108|16
109|32
110|17
111|47
112|40
113|1
114|14
115|48
116|24
117|18
118|43
119|10
120|41
121|26
122|10
123|13
124|42
125|0
126|23
127|9
128|20
129|41
130|20
131|5
132|15
133|28
134|9
135|23
136|24
137|9
138|0
139|36
140|18
141|37
142|41
143|48
144|38
145|3
146|7
147|40
148|19
149|28
150|32
151|32
152|23
153|29
154|24
155|11
156|35
157|8
158|12
159|5
160|20
161|42
162|7
163|42
164|22
165|49
166|48
167|36
168|35
169|15
170|48
171|9
172|45
173|7
174|15
175|11
176|44
177|28
178|33
179|46
180|14
181|27
182|0
183|31
184|4
185|26
186|11
187|46
188|35
189|32
190|43
191|2
192|18
193|45
194|24
195|5
196|11
197|25
198|30
199|5
200|24
201|32
202|39
203|23
204|33
205|2
206|45
207|4
208|34
209|4
210|22
211|47
212|12
213|33
214|15
215|3
216|18
217|23
218|25
219|26
220|35
221|30
222|26
223|9
224|32
225|31
226|14
227|12
228|48
229|48
230|47
231|33
232|3
233|10
234|26
235|47
236|31
237|1
238|2
239|31
240|27
241|49
242|28
243|27
244|38
245|12
246|17
247|47
248|29
249|28
250|31
251|11
252|22
253|32
254|41
255|39
256|7
257|13
258|35
259|19
260|20
261|42
262|25
263|33
264|42
265|12
266|26
267|27
268|32
269|2
270|33
271|7
272|10
273|37
274|45
275|41
276|2
277|30
278|30
279|26
280|17
281|1
282|6
283|13
284|27
285|9
286|19
287|19
288|14
289|18
290|19
291|8
292|34
293|13
294|27
295|10
296|35
297|20
298|3
299|10
300|3
301|18
302|8
303|31
304|29
305|7
306|3
307|38
308|3
309|8
310|13
311|47
312|36
313|36
314|22
315|10
316|42
317|11
318|31
319|20
320|5
321|47
322|29
323|33
324|37
325|31
326|40
327|4
328|16
329|16
330|37
331|3
332|34
333|39
334|8
335|19
336|21
337|24
338|26
339|25
340|7
341|42
342|27
343|10
344|22
345|14
346|0
347|0
348|1
349|8
350|9
351|19
352|29
353|32
354|42
355|34
356|11
357|29
358|36
359|17
360|19
361|30
362|35
363|18
364|31
365|41
366|5
367|1
368|12
369|30
370|11
371|39
372|29
373|29
374|18
375|43
376|43
377|19
378|20
379|7
380|39
381|26
382|45
383|19
384|24
385|6
386|13
387|45
388|42
389|49
390|23
391|21
392|9
393|32
394|46
395|28
396|7
397|26
398|9
399|25
400|39
401|9
402|9
403|8
404|34
405|34
406|16
407|44
408|30
409|25
410|34
411|21
412|46
413|21
414|6
415|3
416|41
417|38
418|2
419|42
420|11
421|27
422|21
423|40
424|32
425|25
426|6
427|48
428|49
429|27
430|33
431|13
432|48
433|28
434|36
435|26
436|37
437|26
438|19
439|2
440|49
441|34
442|14
443|10
444|15
445|14
446|44
447|44
448|20
449|23
450|11
451|25
452|7
453|0
454|17
455|1
456|11
457|27
458|34
459|30
460|24
461|20
462|22
463|35
464|26
465|43
466|48
467|12
468|26
469|25
470|16
471|16
472|25
473|13
474|6
475|2
476|36
477|5
478|47
479|9
480|2
481|32
482|5
483|34
484|24
485|48
486|20
487|35
488|0
489|35
490|19
491|19
492|37
493|0
494|26
495|42
496|29
497|1
498|24
499|29
500|36
501|28
502|16
503|39
504|32
505|40
506|34
507|33
508|26
509|30
510|4
511|5
512|43
513|29
514|6
515|5
516|12
517|38
518|16
519|23
520|24
521|46
522|1
523|46
524|12
525|49
526|21
527|39
528|23
529|27
530|17
531|44
532|48
533|7
534|13
535|27
536|41
537|10
538|32
539|36
540|7
541|33
542|20
543|17
544|29
545|43
546|33
547|22
548|30
549|30
550|39
551|9
552|41
553|2
554|28
555|17
556|5
557|25
558|0
559|2
560|30
561|21
562|32
563|4
564|31
565|35
566|42
567|28
568|2
569|24
570|0
571|33
572|18
573|6
574|13
575|26
576|24
577|47
578|39
579|23
580|37
581|18
582|43
583|3
584|38
585|48
586|5
587|35
588|43
589|5
590|15
591|15
592|40
593|8
594|1
595|33
596|11
597|7
598|41
599|44
600|13
601|21
602|42
603|4
604|30
605|1
606|35
607|8
608|20
609|9
610|10
611|48
612|44
613|42
614|23
615|39
616|46
617|9
618|15
619|39
620|5
621|27
622|10
623|46
624|3
625|13
626|42
627|10
628|42
629|35
630|42
631|8
632|30
633|6
634|45
635|28
636|48
637|9
638|23
639|5
640|39
641|40
642|17
643|14
644|9
645|31
646|22
647|36
648|35
649|26
650|38
651|0
652|8
653|5
654|12
655|16
656|33
657|13
658|20
659|23
660|43
661|0
662|18
663|28
664|11
665|0
666|19
667|26
668|1
669|8
670|21
671|26
672|11
673|12
674|16
675|31
676|23
677|5
678|0
679|19
680|39
681|22
682|0
683|3
684|2
685|35
686|14
687|27
688|4
689|5
690|36
691|29
692|43
693|17
694|15
695|38
696|18
697|33
698|27
699|3
700|38
701|38
702|24
703|49
704|28
705|28
706|4
707|1
708|10
709|35
710|47
711|33
712|0
713|22
714|48
715|30
716|26
717|13
718|34
719|9
720|14
721|12
722|10
723|25
724|33
725|36
726|38
727|27
728|27
729|38
730|12
731|5
732|44
733|35
734|10
735|21
736|9
737|16
738|27
739|7
740|15
741|42
742|28
743|6
744|46
745|45
746|29
747|19
748|48
749|25
750|12
751|17
752|12
753|39
754|23
755|3
756|46
757|11
758|22
759|15
760|8
761|12
762|24
763|21
764|30
765|43
766|25
767|46
768|36
769|15
770|48
771|2
772|48
773|9
774|12
775|36
776|41
777|13
778|31
779|47
780|39
781|19
782|11
783|37
784|10
785|22
786|11
787|7
788|26
789|32
790|48
791|18
792|23
793|11
794|41
795|6
796|27
797|43
798|26
799|38
800|26
801|36
802|4
803|0
804|10
805|26
806|17
807|49
808|17
809|31
810|27
811|17
812|27
813|48
814|27
815|3
816|41
817|46
818|0
819|47
820|21
821|29
822|5
823|2
824|30
825|28
826|36
827|42
828|8
829|1
830|2
831|41
832|1
833|27
834|39
835|42
836|48
837|14
838|9
839|40
840|28
841|18
842|38
843|24
844|15
845|30
846|22
847|27
848|33
849|14
850|28
851|9
852|36
853|27
854|4
855|26
856|5
857|47
858|48
859|20
860|34
861|37
862|31
863|31
864|44
865|1
866|6
867|31
868|19
869|15
870|5
871|43
872|30
873|19
874|48
875|41
876|12
877|41
878|11
879|28
880|27
881|30
882|7
883|7
884|48
885|30
886|15
887|27
888|26
889|6
890|44
891|15
892|37
893|15
894|49
895|25
896|19
897|17
898|19
899|0
900|43
901|17
902|43
903|26
904|42
905|39
906|37
907|10
908|1
909|40
910|13
911|26
912|25
913|17
914|41
915|1
916|28
917|40
918|26
919|44
920|35
921|44
922|22
923|25
924|12
925|43
926|47
927|26
928|19
929|40
930|9
931|24
932|28
933|6
934|47
935|8
936|32
937|20
938|8
939|17
940|33
941|30
942|20
943|1
944|16
945|27
946|3
947|41
948|22
949|37
950|11
951|35
952|37
953|0
954|32
955|15
956|43
957|10
958|5
959|32
960|17
961|29
962|18
963|27
964|44
965|32
966|44
967|11
968|29
969|7
970|44
971|17
972|3
973|39
974|16
975|42
976|3
977|16
978|46
979|33
980|3
981|14
982|34
983|27
984|38
985|18
986|21
987|14
988|19
989|32
990|27
991|13
992|13
993|28
994|36
995|47
996|17
997|13
998|13
999|47
1000|15
1001|17
1002|10
1003|7
1004|4
1005|14
1006|30
1007|29
1008|26
1009|3
1010|1
1011|49
1012|24
1013|29
1014|7
1015|15
1016|37
1017|20
1018|40
1019|18
1020|46
1021|13
1022|30
1023|13
1024|28
1025|24
1026|35
1027|29
1028|0
1029|10
1030|8
1031|5
1032|37
1033|43
1034|14
1035|24
1036|19
1037|1
1038|32
1039|49
1040|22
1041|31
1042|34
1043|17
1044|42
1045|28
1046|20
1047|37
1048|37
1049|0
1050|31
1051|46
1052|43
1053|33
1054|37
1055|30
1056|41
1057|46
1058|11
1059|13
1060|46
1061|35
1062|13
1063|1
1064|49
1065|42
1066|44
1067|5
1068|21
1069|2
1070|45
1071|44
1072|10
1073|32
1074|15
1075|43
1076|41
1077|25
1078|0
1079|19
1080|4
1081|17
1082|42
1083|11
1084|7
1085|14
1086|6
1087|3
1088|6
1089|17
1090|40
1091|7
1092|42
1093|16
1094|37
1095|29
1096|39
1097|26
1098|43
1099|34
1100|42
1101|28
1102|35
1103|0
1104|4
1105|30
1106|6
1107|1
1108|32
1109|38
1110|19
1111|10
1112|23
1113|44
1114|7
1115|34
1116|23
1117|31
1118|25
1119|34
1120|11
1121|2
1122|12
1123|31
1124|27
1125|14
1126|22
1127|2
1128|15
1129|44
1130|8
1131|24
1132|19
1133|19
1134|36
1135|5
1136|38
1137|43
1138|24
1139|49
1140|39
1141|7
1142|45
1143|17
1144|31
1145|23
1146|34
1147|31
1148|26
1149|24
1150|41
1151|20
1152|16
1153|38
1154|45
1155|22
1156|26
1157|42
1158|9
1159|12
1160|37
1161|43
1162|37
1163|6
1164|22
1165|8
1166|25
1167|15
1168|25
1169|44
1170|43
1171|19
1172|33
1173|6
1174|40
1175|25
1176|42
1177|12
1178|1
1179|29
1180|45
1181|49
1182|14
1183|13
1184|3
1185|8
1186|37
1187|13
1188|3
1189|32
1190|14
1191|33
1192|11
1193|38
1194|6
1195|4
1196|26
1197|4
1198|17
1199|17
1200|0
1201|2
1202|49
1203|36
1204|35
1205|32
1206|49
1207|49
1208|14
1209|8
1210|35
1211|21
1212|39
1213|24
1214|42
1215|7
1216|17
1217|36
1218|25
1219|49
1220|1
1221|1
1222|37
1223|25
1224|21
1225|10
1226|34
1227|45
1228|35
1229|30
1230|10
1231|18
1232|5
1233|45
1234|24
1235|2
1236|21
1237|3
1238|27
1239|48
1240|13
1241|1
1242|45
1243|39
1244|39
1245|27
1246|48
1247|22
1248|39
1249|33
1250|47
1251|44
1252|44
1253|27
1254|21
1255|4
1256|27
1257|1
1258|14
1259|34
1260|12
1261|13
1262|20
1263|38
1264|47
1265|41
1266|33
1267|15
1268|47
1269|19
1270|28
1271|45
1272|45
1273|1
1274|43
1275|26
1276|14
1277|30
1278|37
1279|0
1280|41
1281|14
1282|10
1283|19
1284|20
1285|17
1286|16
1287|49
1288|49
1289|8
1290|7
1291|49
1292|25
1293|29
1294|38
1295|44
1296|37
1297|49
1298|30
1299|48
1300|32
1301|33
1302|11
1303|30
1304|0
1305|6
1306|35
1307|21
1308|49
1309|28
1310|15
1311|27
1312|30
1313|11
1314|7
1315|35
1316|34
1317|33
1318|45
1319|11
1320|21
1321|0
1322|47
1323|37
1324|24
1325|25
1326|44
1327|29
1328|21
1329|13
1330|41
1331|28
1332|2
1333|47
1334|26
1335|5
1336|20
1337|27
1338|29
1339|30
1340|37
1341|23
1342|38
1343|13
1344|47
1345|15
1346|40
1347|8
1348|36
1349|8
1350|47
1351|42
1352|25
1353|42
1354|2
1355|17
1356|2
1357|17
1358|41
1359|8
1360|46
1361|5
1362|45
1363|2
1364|35
1365|6
1366|45
1367|19
1368|14
1369|22
1370|7
1371|36
1372|7
1373|41
1374|3
1375|15
1376|18
1377|10
1378|42
1379|5
1380|16
1381|21
1382|40
1383|10
1384|3
1385|7
1386|41
1387|3
1388|37
1389|27
1390|49
1391|3
1392|38
1393|0
1394|29
1395|22
1396|0
1397|17
1398|45
1399|44
1400|9
1401|34
1402|45
1403|30
1404|38
1405|48
1406|34
1407|10
1408|26
1409|26
1410|19
1411|41
1412|41
1413|34
1414|32
1415|25
1416|47
1417|30
1418|19
1419|40
1420|3
1421|1
1422|2
1423|26
1424|40
1425|28
1426|20
1427|9
1428|0
1429|26
1430|29
1431|35
1432|43
1433|24
1434|30
1435|22
1436|26
1437|10
1438|22
1439|11
1440|7
1441|12
1442|13
1443|6
1444|40
1445|1
1446|49
1447|12
1448|5
1449|49
1450|12
1451|15
1452|27
1453|0
1454|29
1455|23
1456|18
1457|44
1458|7
1459|30
1460|2
1461|13
1462|37
1463|46
1464|41
1465|23
1466|10
1467|43
1468|36
1469|6
1470|16
1471|25
1472|19
1473|43
1474|6
1475|15
1476|32
1477|7
1478|6
1479|37
1480|30
1481|43
1482|29
1483|28
1484|16
1485|46
1486|21
1487|19
1488|1
1489|18
1490|7
1491|19
1492|42
1493|47
1494|19
1495|13
1496|43
1497|11
1498|12
1499|12
1500|46
1501|18
1502|16
1503|16
1504|26
1505|17
1506|44
1507|31
1508|28
1509|41
1510|4
1511|40
1512|36
1513|9
1514|3
1515|48
1516|7
1517|20
1518|40
1519|41
1520|7
1521|15
1522|31
1523|47
1524|25
1525|0
1526|16
1527|43
1528|0
1529|47
1530|39
1531|7
1532|0
1533|32
1534|10
1535|14
1536|8
1537|41
1538|43
1539|28
1540|35
1541|27
1542|5
1543|26
1544|10
1545|33
1546|24
1547|12
1548|15
1549|17
1550|8
1551|14
1552|4
1553|16
1554|8
1555|3
1556|16
1557|38
1558|36
1559|40
1560|36
1561|49
1562|29
1563|35
1564|11
1565|30
1566|14
1567|3
1568|33
1569|46
1570|24
1571|29
1572|14
1573|2
1574|47
1575|35
1576|17
1577|47
1578|14
1579|17
1580|4
1581|18
1582|44
1583|22
1584|38
1585|43
1586|2
1587|48
1588|44
1589|11
1590|17
1591|28
1592|26
1593|13
1594|49
1595|15
1596|19
1597|20
1598|19
1599|35
1600|11
1601|31
1602|18
1603|13
1604|35
1605|2
1606|34
1607|43
1608|3
1609|34
1610|14
1611|11
1612|19
1613|10
1614|28
1615|10
1616|31
1617|41
1618|16
1619|2
1620|32
1621|13
1622|40
1623|37
1624|26
1625|31
1626|37
1627|16
1628|32
1629|18
1630|23
1631|16
1632|8
1633|11
1634|12
1635|18
1636|23
1637|30
1638|7
1639|48
1640|19
1641|20
1642|31
1643|16
1644|32
1645|15
1646|10
1647|5
1648|13
1649|39
1650|28
1651|47
1652|13
1653|10
1654|34
1655|19
1656|42
1657|3
1658|13
1659|41
1660|43
1661|15
1662|34
1663|44
1664|40
1665|39
1666|14
1667|13
1668|20
1669|14
1670|3
1671|13
1672|30
1673|14
1674|47
1675|8
1676|36
1677|24
1678|9
1679|3
1680|26
1681|24
1682|41
1683|10
1684|33
1685|18
1686|19
1687|17
1688|30
1689|14
1690|45
1691|40
1692|35
1693|13
1694|46
1695|0
1696|25
1697|3
1698|4
1699|33
1700|29
1701|15
1702|36
1703|10
1704|24
1705|29
1706|34
1707|24
1708|49
1709|1
1710|32
1711|0
1712|42
1713|7
1714|44
1715|17
1716|0
1717|12
1718|9
1719|2
1720|38
1721|2
1722|3
1723|45
1724|15
1725|18
1726|3
1727|32
1728|21
1729|38
1730|2
1731|29
1732|10
1733|24
1734|19
1735|31
1736|45
1737|4
1738|35
1739|34
1740|8
1741|24
1742|17
1743|42
1744|27
1745|35
1746|43
1747|30
1748|42
1749|34
1750|38
1751|31
1752|4
1753|48
1754|37
1755|41
1756|12
1757|15
1758|11
1759|32
1760|24
1761|35
1762|27
1763|21
1764|26
1765|47
1766|16
1767|17
1768|41
1769|20
1770|41
1771|30
1772|41
1773|46
1774|12
1775|25
1776|16
1777|1
1778|5
1779|43
1780|33
1781|20
1782|43
1783|7
1784|10
1785|5
1786|9
1787|25
1788|41
1789|5
1790|11
1791|9
1792|38
1793|21
1794|22
1795|17
1796|1
1797|48
1798|7
1799|32
1800|4
1801|37
1802|46
1803|27
1804|27
1805|19
1806|44
1807|20
1808|43
1809|13
1810|19
1811|15
1812|36
1813|45
1814|47
1815|19
1816|12
1817|34
1818|23
1819|30
1820|37
1821|20
1822|47
1823|14
1824|11
1825|49
1826|24
1827|1
1828|2
1829|18
1830|21
1831|7
1832|31
1833|6
1834|45
1835|6
1836|16
1837|10
1838|43
1839|31
1840|1
1841|46
1842|23
1843|19
1844|46
1845|19
1846|12
1847|32
1848|24
1849|4
1850|49
1851|47
1852|8
1853|3
1854|29
1855|8
1856|16
1857|40
1858|37
1859|20
1860|33
1861|37
1862|12
1863|4
1864|47
1865|38
1866|9
1867|36
1868|5
1869|24
1870|7
1871|49
1872|20
1873|45
1874|5
1875|28
1876|42
1877|17
1878|13
1879|17
1880|26
1881|27
1882|46
1883|12
1884|43
1885|46
1886|5
1887|31
1888|5
1889|42
1890|17
1891|42
1892|29
1893|45
1894|47
1895|25
1896|48
1897|39
1898|40
1899|8
1900|11
1901|13
1902|21
1903|12
1904|44
1905|30
1906|46
1907|10
1908|14
1909|39
1910|42
1911|0
1912|32
1913|28
1914|32
1915|31
1916|14
1917|31
1918|18
1919|48
1920|41
1921|4
1922|48
1923|27
1924|5
1925|48
1926|2
1927|28
1928|3
1929|30
1930|26
1931|2
1932|17
1933|47
1934|0
1935|38
1936|32
1937|6
1938|6
1939|6
1940|38
1941|31
1942|3
1943|37
1944|13
1945|22
1946|48
1947|41
1948|8
1949|45
1950|49
1951|26
1952|49
1953|43
1954|28
1955|48
1956|26
1957|42
1958|5
1959|37
1960|5
1961|5
1962|22
1963|42
1964|2
1965|35
1966|14
1967|4
1968|48
1969|3
1970|14
1971|33
1972|23
1973|19
1974|13
1975|49
1976|5
1977|4
1978|31
1979|41
1980|21
1981|12
1982|2
1983|19
1984|27
1985|47
1986|15
1987|44
1988|11
1989|25
1990|3
1991|21
1992|40
1993|25
1994|9
1995|1
1996|37
1997|21
1998|25
1999|38
2000|30
2001|20
2002|15
2003|9
2004|5
2005|48
2006|34
2007|8
2008|11
2009|35
2010|7
2011|10
2012|16
2013|49
2014|4
2015|28
2016|48
2017|16
2018|10
2019|8
2020|11
2021|27
2022|15
2023|2
2024|31
2025|26
2026|48
2027|9
2028|41
2029|9
2030|30
2031|18
2032|38
2033|29
2034|7
2035|49
2036|21
2037|2
2038|9
2039|14
2040|33
2041|29
2042|18
2043|5
2044|7
2045|33
2046|47
2047|48
2048|5
2049|13
2050|10
2051|21
2052|1
2053|9
2054|13
2055|47
2056|6
2057|36
2058|11
2059|34
2060|25
2061|35
2062|25
2063|38
2064|3
2065|18
2066|11
2067|46
2068|24
2069|12
2070|36
2071|14
2072|0
2073|9
2074|19
2075|36
2076|9
2077|10
2078|31
2079|2
2080|6
2081|8
2082|45
2083|9
2084|47
2085|9
2086|31
2087|22
2088|2
2089|24
2090|8
2091|16
2092|2
2093|43
2094|21
2095|23
2096|30
2097|24
2098|39
2099|9
2100|24
2101|20
2102|37
2103|5
2104|28
2105|42
2106|27
2107|30
2108|44
2109|30
2110|9
2111|36
2112|13
2113|32
2114|1
2115|49
2116|14
2117|41
2118|20
2119|41
2120|45
2121|44
2122|32
2123|0
2124|16
2125|29
2126|34
2127|47
2128|11
2129|27
2130|10
2131|4
2132|37
2133|40
2134|23
2135|22
2136|43
2137|19
2138|22
2139|14
2140|27
2141|12
2142|30
2143|0
2144|26
2145|34
2146|3
2147|9
2148|18
2149|32
2150|16
2151|35
2152|40
2153|11
2154|6
2155|49
2156|31
2157|36
2158|30
2159|42
2160|6
2161|33
2162|25
2163|27
2164|34
2165|11
2166|3
2167|43
2168|49
2169|31
2170|1
2171|42
2172|21
2173|20
2174|38
2175|35
2176|11
2177|28
2178|36
2179|14
2180|32
2181|41
2182|44
2183|42
2184|13
2185|43
2186|44
2187|18
2188|40
2189|2
2190|36
2191|13
2192|12
2193|15
2194|34
2195|0
2196|24
2197|47
2198|35
2199|45
2200|31
2201|8
2202|5
2203|39
2204|43
2205|2
2206|9
2207|43
2208|28
2209|1
2210|7
2211|21
2212|41
2213|32
2214|24
2215|42
2216|6
2217|12
2218|22
2219|45
2220|13
2221|23
2222|11
2223|18
2224|12
2225|34
2226|43
2227|0
2228|20
2229|46
2230|21
2231|32
2232|26
2233|25
2234|26
2235|34
2236|6
2237|18
2238|4
2239|12
2240|1
2241|36
2242|6
2243|10
2244|38
2245|46
2246|20
2247|41
2248|25
2249|22
2250|7
2251|17
2252|1
2253|27
2254|35
2255|13
2256|16
2257|32
2258|49
2259|41
2260|45
2261|20
2262|40
2263|35
2264|18
2265|21
2266|32
2267|27
2268|13
2269|18
2270|5
2271|40
2272|29
2273|2
2274|25
2275|24
2276|33
2277|45
2278|15
2279|26
2280|30
2281|36
2282|46
2283|1
2284|7
2285|32
2286|6
2287|36
2288|16
2289|45
2290|35
2291|9
2292|18
2293|45
2294|46
2295|14
2296|15
2297|27
2298|16
2299|26
2300|37
2301|0
2302|22
2303|49
2304|9
2305|32
2306|35
2307|32
2308|39
2309|11
2310|22
2311|39
2312|39
2313|46
2314|18
2315|39
2316|49
2317|43
2318|49
2319|22
2320|0
2321|46
2322|41
2323|37
2324|36
2325|11
2326|35
2327|35
2328|16
2329|2
2330|9
2331|18
2332|45
2333|35
2334|26
2335|47
2336|31
2337|35
2338|7
2339|5
2340|37
2341|3
2342|15
2343|48
2344|30
2345|31
2346|33
2347|14
2348|36
2349|34
2350|40
2351|8
2352|25
2353|1
2354|42
2355|2
2356|33
2357|42
2358|16
2359|7
2360|4
2361|44
2362|21
2363|31
2364|6
2365|23
2366|4
2367|34
2368|40
2369|10
2370|41
2371|3
2372|0
2373|15
2374|20
2375|22
2376|40
2377|8
2378|11
2379|41
2380|44
2381|43
2382|48
2383|13
2384|35
2385|6
2386|41
2387|41
2388|25
2389|33
2390|30
2391|38
2392|13
2393|8
2394|17
2395|14
2396|20
2397|38
2398|0
2399|13
2400|26
2401|13
2402|49
2403|9
2404|13
2405|21
2406|44
2407|49
2408|15
2409|20
2410|1
2411|20
2412|48
2413|30
2414|23
2415|19
2416|11
2417|42
2418|28
2419|36
2420|7
2421|36
2422|13
2423|48
2424|30
2425|19
2426|29
2427|3
2428|40
2429|34
2430|12
2431|41
2432|27
2433|47
2434|44
2435|46
2436|41
2437|45
2438|29
2439|37
2440|26
2441|29
2442|26
2443|42
2444|7
2445|33
2446|21
2447|6
2448|11
2449|5
2450|23
2451|42
2452|9
2453|37
2454|37
2455|13
2456|0
2457|42
2458|41
2459|14
2460|40
2461|31
2462|40
2463|15
2464|8
2465|1
2466|17
2467|0
2468|45
2469|1
2470|3
2471|19
2472|23
2473|34
2474|16
2475|2
2476|20
2477|40
2478|19
2479|48
2480|18
2481|10
2482|47
2483|28
2484|10
2485|14
2486|19
2487|2
2488|11
2489|4
2490|45
2491|26
2492|39
2493|8
2494|27
2495|32
2496|9
2497|12
2498|42
2499|42
2500|0
2501|23
2502|43
2503|7
2504|40
2505|42
2506|34
2507|40
2508|4
2509|4
2510|1
2511|38
2512|6
2513|11
2514|1
2515|32
2516|34
2517|29
2518|9
2519|48
2520|14
2521|30
2522|9
2523|30
2524|31
2525|33
2526|16
2527|22
2528|9
2529|17
2530|16
2531|29
2532|7
2533|3
2534|32
2535|15
2536|10
2537|28
2538|19
2539|19
2540|10
2541|45
2542|18
2543|31
2544|3
2545|7
2546|27
2547|15
2548|24
2549|31
2550|19
2551|22
2552|47
2553|21
2554|35
2555|26
2556|47
2557|30
2558|37
2559|33
2560|16
2561|44
2562|6
2563|11
2564|5
2565|18
2566|48
2567|20
2568|27
2569|25
2570|31
2571|24
2572|21
2573|15
2574|41
2575|40
2576|27
2577|7
2578|9
2579|16
2580|10
2581|20
2582|11
2583|38
2584|31
2585|33
2586|23
2587|33
2588|42
2589|19
2590|6
2591|11
2592|30
2593|34
2594|2
2595|39
2596|37
2597|26
2598|23
2599|18
2600|14
2601|32
2602|22
2603|22
2604|29
2605|16
2606|42
2607|1
2608|14
2609|27
2610|26
2611|44
2612|9
2613|16
2614|17
2615|43
2616|22
2617|39
2618|17
2619|44
2620|17
2621|12
2622|24
2623|40
2624|11
2625|42
2626|25
2627|8
2628|6
2629|47
2630|46
2631|13
2632|30
2633|38
2634|41
2635|41
2636|28
2637|36
2638|25
2639|38
2640|10
2641|4
2642|19
2643|49
2644|12
2645|15
2646|47
2647|12
2648|39
2649|2
2650|21
2651|5
2652|44
2653|39
2654|28
2655|8
2656|49
2657|1
2658|31
2659|39
2660|35
2661|3
2662|47
2663|21
2664|1
2665|45
2666|27
2667|16
2668|11
2669|24
2670|34
2671|39
2672|21
2673|37
2674|37
2675|47
2676|14
2677|25
2678|17
2679|17
2680|32
2681|34
2682|34
2683|25
2684|41
2685|43
2686|34
2687|29
2688|6
2689|20
2690|28
2691|36
2692|28
2693|3
2694|44
2695|9
2696|29
2697|42
2698|30
2699|12
2700|24
2701|2
2702|14
2703|43
2704|31
2705|3
2706|40
2707|43
2708|12
2709|49
2710|37
2711|48
2712|5
2713|2
2714|2
2715|13
2716|7
2717|34
2718|26
2719|18
2720|40
2721|31
2722|34
2723|45
2724|16
2725|49
2726|48
2727|6
2728|22
2729|12
2730|36
2731|3
2732|19
2733|42
2734|36
2735|32
2736|6
2737|31
2738|16
2739|7
2740|15
2741|11
2742|19
2743|21
2744|6
2745|31
2746|18
2747|8
2748|1
2749|36
2750|28
2751|47
2752|29
2753|13
2754|5
2755|44
2756|25
2757|1
2758|30
2759|1
2760|10
2761|27
2762|40
2763|26
2764|25
2765|46
2766|36
2767|38
2768|26
2769|24
2770|21
2771|7
2772|16
2773|47
2774|21
2775|18
2776|25
2777|12
2778|49
2779|27
2780|6
2781|24
2782|27
2783|8
2784|43
2785|47
2786|45
2787|20
2788|18
2789|45
2790|36
2791|12
2792|29
2793|42
2794|47
2795|9
2796|44
2797|38
2798|14
2799|48
2800|21
2801|31
2802|19
2803|11
2804|12
2805|15
2806|25
2807|32
2808|14
2809|28
2810|39
2811|48
2812|31
2813|7
2814|36
2815|24
2816|11
2817|16
2818|47
2819|29
2820|9
2821|15
2822|10
2823|28
2824|37
2825|33
2826|19
2827|45
2828|45
2829|15
2830|4
2831|34
2832|0
2833|2
2834|20
2835|34
2836|12
2837|23
2838|26
2839|33
2840|15
2841|14
2842|27
2843|23
2844|30
2845|9
2846|37
2847|48
2848|17
2849|33
2850|6
2851|1
2852|47
2853|6
2854|19
2855|40
2856|2
2857|12
2858|43
2859|17
2860|23
2861|45
2862|47
2863|22
2864|9
2865|22
2866|45
2867|41
2868|27
2869|4
2870|2
2871|48
2872|14
2873|33
2874|47
2875|27
2876|29
2877|41
2878|34
2879|9
2880|28
2881|12
2882|6
2883|21
2884|33
2885|49
2886|7
2887|34
2888|32
2889|6
2890|42
2891|6
2892|45
2893|29
2894|30
2895|40
2896|37
2897|46
2898|32
2899|31
2900|40
2901|26
2902|37
2903|5
2904|35
2905|5
2906|39
2907|27
2908|23
2909|23
2910|46
2911|19
2912|24
2913|14
2914|11
2915|8
2916|2
2917|28
2918|15
2919|38
2920|48
2921|4
2922|10
2923|5
2924|18
2925|30
2926|37
2927|7
2928|30
2929|36
2930|0
2931|48
2932|31
2933|39
2934|22
2935|42
2936|31
2937|47
2938|41
2939|46
2940|47
2941|43
2942|14
2943|1
2944|18
2945|34
2946|46
2947|29
2948|35
2949|6
2950|5
2951|10
2952|31
2953|10
2954|5
2955|12
2956|47
2957|31
2958|21
2959|41
2960|13
2961|47
2962|36
2963|9
2964|11
2965|21
2966|30
2967|30
2968|8
2969|38
2970|47
2971|39
2972|8
2973|18
2974|38
2975|42
2976|18
2977|33
2978|42
2979|43
2980|37
2981|42
2982|47
2983|36
2984|49
2985|38
2986|48
2987|16
2988|17
2989|40
2990|22
2991|30
2992|16
2993|1
2994|30
2995|23
2996|22
2997|44
2998|47
2999|13
3000|37
