0|0
1|37
2|18
3|43
4|33
5|12
6|47
7|17
8|33
9|18
10|4
11|9
12|35
13|5
14|0
15|9
16|35
17|4
18|43
19|1
20|16
21|18
22|47
23|16
24|29
25|17
26|43
27|11
28|38
29|31
30|12
31|38
32|34
33|4
34|32
35|45
36|42
37|37
38|47
39|49
40|27
41|23
42|1
43|23
44|13
45|48
46|17
47|14
48|47
49|6
50|46
51|44
52|22
53|30
54|26
55|13
56|37
57|16
58|4
59|21
60|44
61|25
62|48
63|35
64|36
65|6
66|23
67|32
68|14
69|32
70|11
71|24
72|33
73|21
74|17
75|14
76|47
77|44
78|40
79|9
80|31
81|24
82|39
83|43
84|20
85|33
86|6
87|11
88|26
89|6
90|28
91|7
92|30
93|37
94|5
95|42
96|26
97|43
98|21
99|27
100|11
101|16
102|3
103|4
104|13
105|43
106|18
107|43
108|34
109|26
110|34
111|4
112|1
113|44
114|28
115|21
116|49
117|38
118|18
119|31
120|43
121|31
122|34
123|38
124|2
125|40
126|13
127|29
128|6
129|49
130|18
131|10
132|45
133|48
134|48
135|28
136|21
137|9
138|20
139|12
140|0
141|16
142|46
143|12
144|14
145|30
146|41
147|27
148|4
149|28
150|29
151|21
152|4
153|15
154|40
155|33
156|6
157|15
158|1
159|14
160|29
161|44
162|36
163|13
164|41
165|0
166|26
167|0
168|8
169|27
170|4
171|14
172|13
173|30
174|16
175|8
176|18
177|20
178|2
179|48
180|19
181|29
182|36
183|37
184|17
185|27
186|19
187|12
188|35
189|22
190|25
191|28
192|7
193|14
194|24
195|29
196|47
197|12
198|32
199|19
200|33
201|13
202|4
203|48
204|3
205|2
206|30
207|6
208|37
209|14
210|1
211|4
212|47
213|0
214|46
215|41
216|3
217|6
218|7
219|16
220|44
221|40
222|34
223|47
224|29
225|14
226|15
227|27
228|30
229|3
230|35
231|34
232|36
233|4
234|49
235|32
236|0
237|2
238|15
239|41
240|26
241|34
242|12
243|12
244|28
245|40
246|19
247|47
248|36
249|29
250|41
251|18
252|5
253|14
254|5
255|47
256|37
257|49
258|39
259|33
260|49
261|20
262|48
263|34
264|41
265|45
266|0
267|15
268|44
269|24
270|45
271|23
272|33
273|48
274|42
275|43
276|27
277|15
278|24
279|43
280|42
281|19
282|7
283|25
284|35
285|16
286|49
287|46
288|1
289|35
290|29
291|5
292|26
293|34
294|44
295|13
296|39
297|23
298|19
299|21
300|4
301|24
302|20
303|49
304|38
305|15
306|11
307|36
308|29
309|28
310|17
311|23
312|47
313|11
314|22
315|6
316|6
317|15
318|37
319|12
320|24
321|36
322|37
323|21
324|32
325|18
326|30
327|32
328|27
329|22
330|23
331|11
332|19
333|24
334|7
335|35
336|13
337|21
338|46
339|18
340|40
341|28
342|33
343|16
344|39
345|6
346|29
347|15
348|21
349|16
350|18
351|0
352|15
353|32
354|48
355|4
356|23
357|36
358|35
359|41
360|13
361|28
362|13
363|25
364|42
365|4
366|12
367|0
368|46
369|26
370|42
371|35
372|16
373|22
374|48
375|42
376|48
377|16
378|10
379|39
380|49
381|1
382|31
383|12
384|6
385|7
386|0
387|35
388|8
389|47
390|38
391|12
392|23
393|41
394|43
395|49
396|21
397|36
398|10
399|27
400|31
401|27
402|19
403|14
404|4
405|44
406|7
407|27
408|14
409|27
410|23
411|41
412|38
413|47
414|26
415|48
416|47
417|24
418|38
419|16
420|48
421|48
422|12
423|31
424|45
425|2
426|25
427|44
428|28
429|34
430|0
431|24
432|43
433|18
434|18
435|10
436|29
437|41
438|17
439|14
440|22
441|30
442|18
443|32
444|19
445|33
446|17
447|8
448|35
449|13
450|0
451|13
452|37
453|5
454|15
455|30
456|48
457|30
458|3
459|46
460|6
461|2
462|35
463|15
464|8
465|43
466|44
467|30
468|13
469|2
470|15
471|11
472|21
473|17
474|1
475|25
476|24
477|33
478|5
479|40
480|14
481|16
482|30
483|46
484|27
485|22
486|46
487|46
488|15
489|8
490|27
491|13
492|41
493|7
494|10
495|23
496|10
497|49
498|27
499|31
500|15
501|43
502|48
503|39
504|8
505|21
506|46
507|43
508|37
509|0
510|34
511|7
512|21
513|12
514|0
515|38
516|29
517|22
518|43
519|33
520|30
521|35
522|5
523|14
524|46
525|38
526|20
527|44
528|14
529|46
530|8
531|11
532|0
533|6
534|13
535|14
536|36
537|44
538|1
539|37
540|39
541|37
542|44
543|31
544|8
545|27
546|42
547|8
548|4
549|5
550|47
551|23
552|27
553|0
554|21
555|12
556|48
557|35
558|8
559|1
560|0
561|6
562|20
563|5
564|6
565|8
566|33
567|47
568|12
569|42
570|40
571|7
572|41
573|45
574|46
575|6
576|29
577|14
578|12
579|22
580|32
581|3
582|20
583|2
584|19
585|20
586|18
587|5
588|19
589|33
590|3
591|42
592|26
593|2
594|48
595|38
596|23
597|47
598|35
599|11
600|8
601|46
602|17
603|48
604|1
605|22
606|4
607|6
608|47
609|11
610|36
611|20
612|26
613|30
614|49
615|34
616|17
617|2
618|33
619|11
620|38
621|0
622|42
623|31
624|48
625|22
626|1
627|33
628|4
629|11
630|46
631|24
632|44
633|42
634|41
635|43
636|18
637|37
638|13
639|37
640|25
641|38
642|22
643|37
644|18
645|24
646|42
647|12
648|33
649|5
650|38
651|49
652|3
653|23
654|24
655|24
656|32
657|12
658|45
659|21
660|18
661|46
662|15
663|19
664|15
665|30
666|37
667|30
668|37
669|7
670|40
671|5
672|47
673|48
674|6
675|25
676|45
677|37
678|42
679|42
680|17
681|45
682|42
683|13
684|25
685|49
686|10
687|24
688|46
689|5
690|46
691|7
692|29
693|32
694|49
695|45
696|14
697|46
698|15
699|12
700|12
701|30
702|30
703|26
704|19
705|38
706|26
707|7
708|44
709|5
710|17
711|48
712|47
713|44
714|4
715|9
716|22
717|19
718|41
719|36
720|14
721|39
722|42
723|25
724|38
725|9
726|11
727|48
728|9
729|24
730|6
731|39
732|24
733|45
734|4
735|27
736|0
737|1
738|14
739|22
740|21
741|22
742|42
743|36
744|40
745|3
746|4
747|26
748|1
749|12
750|18
751|16
752|8
753|30
754|14
755|34
756|41
757|9
758|42
759|4
760|32
761|49
762|28
763|1
764|35
765|49
766|15
767|24
768|28
769|40
770|28
771|24
772|7
773|18
774|6
775|0
776|7
777|8
778|5
779|4
780|23
781|16
782|45
783|36
784|26
785|16
786|25
787|27
788|35
789|46
790|48
791|32
792|32
793|10
794|23
795|33
796|25
797|12
798|38
799|23
800|5
801|28
802|47
803|6
804|46
805|45
806|44
807|12
808|8
809|24
810|3
811|18
812|20
813|31
814|19
815|12
816|30
817|2
818|31
819|18
820|7
821|15
822|2
823|28
824|35
825|5
826|5
827|6
828|0
829|23
830|26
831|41
832|36
833|30
834|1
835|23
836|28
837|45
838|9
839|37
840|11
841|19
842|6
843|32
844|49
845|38
846|7
847|48
848|4
849|42
850|49
851|25
852|37
853|42
854|16
855|9
856|41
857|36
858|35
859|26
860|20
861|43
862|48
863|24
864|30
865|14
866|31
867|16
868|36
869|41
870|14
871|33
872|29
873|31
874|46
875|27
876|30
877|48
878|4
879|47
880|35
881|16
882|41
883|9
884|40
885|37
886|36
887|41
888|21
889|1
890|21
891|44
892|47
893|12
894|37
895|2
896|49
897|24
898|14
899|8
900|49
901|21
902|6
903|36
904|26
905|9
906|29
907|14
908|35
909|18
910|28
911|27
912|15
913|35
914|4
915|20
916|46
917|9
918|39
919|18
920|38
921|34
922|26
923|5
924|0
925|15
926|32
927|21
928|23
929|7
930|22
931|12
932|16
933|19
934|29
935|30
936|44
937|32
938|49
939|39
940|17
941|5
942|12
943|2
944|0
945|1
946|2
947|43
948|3
949|35
950|13
951|40
952|34
953|36
954|6
955|2
956|14
957|41
958|18
959|49
960|13
961|36
962|10
963|8
964|25
965|42
966|46
967|37
968|1
969|37
970|20
971|3
972|17
973|29
974|4
975|38
976|47
977|41
978|22
979|45
980|40
981|35
982|48
983|18
984|43
985|13
986|15
987|36
988|20
989|6
990|18
991|4
992|41
993|29
994|31
995|43
996|42
997|37
998|23
999|46
1000|13
1001|49
1002|0
1003|17
1004|28
1005|17
1006|47
1007|3
1008|25
1009|47
1010|26
1011|36
1012|20
1013|40
1014|41
1015|46
1016|36
1017|49
1018|35
1019|34
1020|38
1021|25
1022|32
1023|22
1024|7
1025|3
1026|15
1027|35
1028|2
1029|0
1030|13
1031|37
1032|32
1033|21
1034|37
1035|6
1036|40
1037|31
1038|44
1039|48
1040|34
1041|3
1042|0
1043|25
1044|45
1045|45
1046|27
1047|3
1048|35
1049|37
1050|18
1051|48
1052|26
1053|31
1054|21
1055|22
1056|40
1057|33
1058|42
1059|48
1060|14
1061|28
1062|28
1063|8
1064|8
1065|40
1066|15
1067|11
1068|31
1069|44
1070|10
1071|43
1072|42
1073|31
1074|36
1075|40
1076|2
1077|37
1078|15
1079|2
1080|9
1081|35
1082|15
1083|31
1084|33
1085|15
1086|45
1087|46
1088|29
1089|2
1090|36
1091|46
1092|33
1093|18
1094|1
1095|19
1096|15
1097|28
1098|4
1099|1
1100|44
1101|27
1102|16
1103|28
1104|8
1105|11
1106|0
1107|31
1108|16
1109|45
1110|8
1111|44
1112|40
1113|2
1114|42
1115|48
1116|41
1117|7
1118|3
1119|4
1120|28
1121|36
1122|27
1123|48
1124|17
1125|5
1126|24
1127|38
1128|21
1129|19
1130|38
1131|7
1132|14
1133|28
1134|49
1135|25
1136|6
1137|18
1138|40
1139|13
1140|35
1141|39
1142|23
1143|41
1144|8
1145|46
1146|16
1147|42
1148|36
1149|47
1150|7
1151|30
1152|11
1153|45
1154|49
1155|49
1156|28
1157|48
1158|2
1159|38
1160|0
1161|28
1162|21
1163|39
1164|14
1165|41
1166|44
1167|20
1168|20
1169|0
1170|40
1171|19
1172|30
1173|49
1174|43
1175|28
1176|20
1177|39
1178|7
1179|6
1180|4
1181|45
1182|18
1183|30
1184|31
1185|11
1186|18
1187|24
1188|13
1189|1
1190|9
1191|17
1192|18
1193|44
1194|18
1195|10
1196|24
1197|2
1198|9
1199|46
1200|21
1201|6
1202|10
1203|49
1204|25
1205|6
1206|24
1207|15
1208|37
1209|25
1210|13
1211|19
1212|4
1213|24
1214|27
1215|29
1216|44
1217|1
1218|24
1219|32
1220|8
1221|40
1222|2
1223|5
1224|30
1225|15
1226|35
1227|49
1228|14
1229|45
1230|27
1231|5
1232|2
1233|0
1234|15
1235|45
1236|42
1237|39
1238|29
1239|32
1240|15
1241|16
1242|13
1243|37
1244|28
1245|44
1246|33
1247|35
1248|19
1249|41
1250|11
1251|42
1252|6
1253|14
1254|38
1255|4
1256|38
1257|10
1258|25
1259|27
1260|35
1261|1
1262|4
1263|15
1264|25
1265|12
1266|29
1267|29
1268|23
1269|23
1270|24
1271|37
1272|20
1273|45
1274|9
1275|13
1276|28
1277|27
1278|23
1279|24
1280|47
1281|39
1282|28
1283|31
1284|18
1285|14
1286|44
1287|4
1288|6
1289|30
1290|35
1291|4
1292|32
1293|7
1294|1
1295|10
1296|10
1297|29
1298|17
1299|49
1300|14
1301|33
1302|44
1303|36
1304|19
1305|13
1306|44
1307|40
1308|26
1309|10
1310|46
1311|14
1312|49
1313|26
1314|11
1315|39
1316|12
1317|9
1318|49
1319|34
1320|9
1321|24
1322|13
1323|15
1324|19
1325|46
1326|49
1327|24
1328|20
1329|31
1330|3
1331|21
1332|37
1333|9
1334|25
1335|38
1336|12
1337|14
1338|35
1339|46
1340|11
1341|30
1342|37
1343|1
1344|36
1345|20
1346|35
1347|1
1348|1
1349|0
1350|6
1351|6
1352|8
1353|18
1354|44
1355|4
1356|34
1357|5
1358|48
1359|1
1360|29
1361|16
1362|31
1363|32
1364|27
1365|13
1366|4
1367|13
1368|1
1369|48
1370|10
1371|29
1372|46
1373|16
1374|47
1375|34
1376|11
1377|25
1378|2
1379|32
1380|43
1381|43
1382|40
1383|15
1384|31
1385|8
1386|11
1387|1
1388|32
1389|22
1390|7
1391|24
1392|44
1393|6
1394|20
1395|46
1396|33
1397|18
1398|35
1399|35
1400|37
1401|27
1402|3
1403|38
1404|14
1405|35
1406|5
1407|3
1408|15
1409|5
1410|49
1411|1
1412|49
1413|39
1414|30
1415|6
1416|28
1417|10
1418|42
1419|12
1420|28
1421|39
1422|26
1423|45
1424|23
1425|10
1426|38
1427|10
1428|47
1429|16
1430|25
1431|28
1432|39
1433|31
1434|26
1435|3
1436|3
1437|13
1438|48
1439|19
1440|3
1441|37
1442|34
1443|37
1444|4
1445|47
1446|11
1447|40
1448|21
1449|7
1450|49
1451|42
1452|16
1453|42
1454|45
1455|34
1456|26
1457|10
1458|48
1459|21
1460|19
1461|21
1462|38
1463|2
1464|33
1465|9
1466|49
1467|37
1468|45
1469|9
1470|37
1471|49
1472|4
1473|34
1474|45
1475|42
1476|48
1477|49
1478|27
1479|18
1480|27
1481|17
1482|30
1483|19
1484|3
1485|25
1486|47
1487|49
1488|20
1489|42
1490|15
1491|34
1492|17
1493|37
1494|7
1495|42
1496|29
1497|19
1498|20
1499|17
1500|6
1501|4
1502|25
1503|46
1504|4
1505|5
1506|0
1507|39
1508|5
1509|14
1510|26
1511|20
1512|3
1513|20
1514|37
1515|22
1516|6
1517|10
1518|49
1519|46
1520|24
1521|33
1522|15
1523|46
1524|27
1525|31
1526|27
1527|22
1528|4
1529|38
1530|35
1531|29
1532|36
1533|48
1534|27
1535|48
1536|22
1537|46
1538|6
1539|49
1540|48
1541|45
1542|37
1543|31
1544|33
1545|37
1546|26
1547|3
1548|9
1549|29
1550|0
1551|40
1552|46
1553|47
1554|30
1555|8
1556|29
1557|0
1558|9
1559|44
1560|42
1561|32
1562|48
1563|10
1564|13
1565|29
1566|25
1567|0
1568|10
1569|41
1570|5
1571|39
1572|36
1573|18
1574|22
1575|11
1576|45
1577|22
1578|9
1579|0
1580|6
1581|41
1582|11
1583|41
1584|18
1585|0
1586|34
1587|12
1588|26
1589|9
1590|2
1591|40
1592|49
1593|13
1594|29
1595|6
1596|10
1597|36
1598|48
1599|0
1600|38
1601|0
1602|46
1603|26
1604|45
1605|33
1606|7
1607|26
1608|26
1609|11
1610|11
1611|14
1612|28
1613|44
1614|29
1615|27
1616|23
1617|1
1618|15
1619|25
1620|13
1621|30
1622|23
1623|38
1624|4
1625|48
1626|22
1627|1
1628|27
1629|11
1630|21
1631|37
1632|47
1633|38
1634|29
1635|9
1636|40
1637|25
1638|48
1639|31
1640|17
1641|33
1642|33
1643|17
1644|24
1645|10
1646|27
1647|26
1648|17
1649|32
1650|49
1651|22
1652|8
1653|24
1654|25
1655|20
1656|32
1657|7
1658|37
1659|33
1660|27
1661|32
1662|37
1663|30
1664|20
1665|8
1666|31
1667|2
1668|13
1669|4
1670|20
1671|19
1672|12
1673|24
1674|39
1675|18
1676|20
1677|40
1678|2
1679|6
1680|35
1681|27
1682|34
1683|29
1684|19
1685|2
1686|15
1687|28
1688|37
1689|28
1690|3
1691|2
1692|31
1693|31
1694|6
1695|21
1696|27
1697|29
1698|4
1699|4
1700|25
1701|20
1702|49
1703|12
1704|5
1705|6
1706|24
1707|23
1708|29
1709|49
1710|43
1711|35
1712|17
1713|31
1714|2
1715|22
1716|2
1717|20
1718|46
1719|41
1720|41
1721|47
1722|48
1723|49
1724|37
1725|13
1726|25
1727|15
1728|18
1729|29
1730|7
1731|18
1732|17
1733|13
1734|1
1735|41
1736|34
1737|20
1738|19
1739|46
1740|34
1741|16
1742|4
1743|48
1744|47
1745|2
1746|31
1747|18
1748|35
1749|43
1750|24
1751|41
1752|7
1753|0
1754|47
1755|38
1756|49
1757|37
1758|24
1759|21
1760|30
1761|28
1762|6
1763|46
1764|15
1765|21
1766|31
1767|32
1768|46
1769|22
1770|28
1771|15
1772|45
1773|19
1774|36
1775|37
1776|0
1777|16
1778|40
1779|41
1780|22
1781|8
1782|34
1783|24
1784|32
1785|4
1786|44
1787|8
1788|40
1789|22
1790|34
1791|49
1792|41
1793|38
1794|7
1795|46
1796|20
1797|35
1798|28
1799|8
1800|20
1801|36
1802|46
1803|23
1804|10
1805|35
1806|31
1807|38
1808|44
1809|37
1810|18
1811|20
1812|0
1813|46
1814|36
1815|47
1816|32
1817|6
1818|34
1819|24
1820|27
1821|42
1822|28
1823|5
1824|45
1825|47
1826|12
1827|9
1828|24
1829|19
1830|23
1831|49
1832|6
1833|10
1834|15
1835|34
1836|44
1837|25
1838|36
1839|0
1840|12
1841|46
1842|7
1843|8
1844|49
1845|9
1846|23
1847|44
1848|13
1849|46
1850|27
1851|3
1852|11
1853|2
1854|39
1855|36
1856|7
1857|32
1858|10
1859|3
1860|19
1861|17
1862|49
1863|42
1864|18
1865|45
1866|7
1867|33
1868|28
1869|35
1870|17
1871|16
1872|35
1873|7
1874|8
1875|39
1876|38
1877|1
1878|47
1879|47
1880|20
1881|0
1882|29
1883|24
1884|48
1885|17
1886|46
1887|23
1888|14
1889|36
1890|21
1891|27
1892|42
1893|2
1894|7
1895|10
1896|5
1897|11
1898|40
1899|25
1900|20
1901|20
1902|31
1903|42
1904|23
1905|20
1906|37
1907|12
1908|24
1909|16
1910|21
1911|48
1912|15
1913|46
1914|42
1915|35
1916|46
1917|8
1918|41
1919|34
1920|44
1921|39
1922|8
1923|42
1924|36
1925|23
1926|32
1927|39
1928|19
1929|2
1930|36
1931|27
1932|37
1933|5
1934|36
1935|13
1936|14
1937|12
1938|18
1939|48
1940|1
1941|36
1942|22
1943|15
1944|4
1945|38
1946|36
1947|41
1948|44
1949|7
1950|10
1951|22
1952|17
1953|3
1954|24
1955|8
1956|30
1957|42
1958|18
1959|9
1960|12
1961|19
1962|3
1963|13
1964|43
1965|1
1966|17
1967|3
1968|0
1969|25
1970|11
1971|36
1972|38
1973|20
1974|29
1975|32
1976|38
1977|21
1978|39
1979|15
1980|15
1981|18
1982|0
1983|23
1984|28
1985|34
1986|9
1987|0
1988|16
1989|4
1990|1
1991|33
1992|19
1993|28
1994|49
1995|16
1996|18
1997|16
1998|22
1999|8
2000|26
2001|31
2002|35
2003|3
2004|24
2005|23
2006|20
2007|13
2008|33
2009|39
2010|47
2011|10
2012|47
2013|1
2014|47
2015|6
2016|25
2017|38
2018|6
2019|20
2020|36
2021|32
2022|40
2023|13
2024|45
2025|27
2026|38
2027|48
2028|20
2029|24
2030|18
2031|27
2032|38
2033|15
2034|28
2035|6
2036|1
2037|41
2038|31
2039|31
2040|17
2041|4
2042|16
2043|49
2044|14
2045|20
2046|35
2047|31
2048|48
2049|34
2050|12
2051|2
2052|43
2053|15
2054|7
2055|39
2056|16
2057|19
2058|20
2059|1
2060|46
2061|16
2062|40
2063|34
2064|17
2065|5
2066|43
2067|22
2068|47
2069|43
2070|43
2071|16
2072|2
2073|47
2074|6
2075|8
2076|10
2077|26
2078|33
2079|37
2080|12
2081|18
2082|43
2083|16
2084|6
2085|1
2086|30
2087|7
2088|42
2089|42
2090|1
2091|31
2092|15
2093|26
2094|23
2095|28
2096|40
2097|33
2098|36
2099|45
2100|17
2101|27
2102|33
2103|26
2104|34
2105|16
2106|9
2107|20
2108|9
2109|46
2110|35
2111|11
2112|16
2113|32
2114|39
2115|40
2116|30
2117|11
2118|48
2119|33
2120|44
2121|8
2122|41
2123|42
2124|22
2125|36
2126|22
2127|26
2128|28
2129|12
2130|5
2131|24
2132|1
2133|14
2134|34
2135|43
2136|15
2137|28
2138|41
2139|22
2140|35
2141|40
2142|8
2143|39
2144|42
2145|35
2146|28
2147|5
2148|33
2149|28
2150|1
2151|39
2152|37
2153|6
2154|34
2155|5
2156|42
2157|34
2158|20
2159|9
2160|42
2161|14
2162|34
2163|36
2164|22
2165|15
2166|27
2167|17
2168|2
2169|13
2170|10
2171|1
2172|13
2173|49
2174|26
2175|5
2176|20
2177|19
2178|42
2179|5
2180|43
2181|46
2182|4
2183|27
2184|49
2185|8
2186|28
2187|4
2188|19
2189|23
2190|20
2191|32
2192|47
2193|31
2194|25
2195|23
2196|39
2197|35
2198|36
2199|9
2200|31
2201|3
2202|49
2203|42
2204|38
2205|45
2206|11
2207|4
2208|45
2209|40
2210|37
2211|11
2212|39
2213|32
2214|2
2215|32
2216|8
2217|34
2218|24
2219|2
2220|8
2221|42
2222|20
2223|35
2224|21
2225|31
2226|23
2227|16
2228|34
2229|5
2230|5
2231|37
2232|12
2233|20
2234|22
2235|3
2236|42
2237|41
2238|16
2239|46
2240|49
2241|49
2242|5
2243|32
2244|17
2245|31
2246|42
2247|16
2248|45
2249|30
2250|4
2251|18
2252|31
2253|10
2254|25
2255|47
2256|8
2257|49
2258|8
2259|47
2260|8
2261|41
2262|27
2263|37
2264|13
2265|14
2266|2
2267|37
2268|29
2269|14
2270|11
2271|17
2272|37
2273|2
2274|41
2275|1
2276|0
2277|5
2278|41
2279|25
2280|20
2281|7
2282|43
2283|1
2284|25
2285|47
2286|5
2287|18
2288|25
2289|30
2290|23
2291|13
2292|15
2293|43
2294|1
2295|11
2296|41
2297|26
2298|19
2299|27
2300|33
2301|49
2302|28
2303|35
2304|22
2305|23
2306|24
2307|19
2308|21
2309|21
2310|22
2311|45
2312|25
2313|22
2314|21
2315|45
2316|1
2317|20
2318|29
2319|0
2320|49
2321|37
2322|30
2323|10
2324|6
2325|16
2326|8
2327|25
2328|39
2329|39
2330|20
2331|42
2332|8
2333|27
2334|24
2335|18
2336|16
2337|9
2338|38
2339|26
2340|8
2341|30
2342|42
2343|40
2344|3
2345|44
2346|39
2347|13
2348|39
2349|14
2350|35
2351|3
2352|18
2353|36
2354|17
2355|2
2356|0
2357|22
2358|38
2359|48
2360|17
2361|23
2362|17
2363|27
2364|12
2365|42
2366|30
2367|34
2368|37
2369|42
2370|40
2371|35
2372|30
2373|42
2374|28
2375|15
2376|25
2377|1
2378|33
2379|1
2380|33
2381|25
2382|32
2383|8
2384|38
2385|35
2386|39
2387|6
2388|21
2389|23
2390|6
2391|40
2392|36
2393|28
2394|34
2395|44
2396|34
2397|20
2398|15
2399|23
2400|13
2401|8
2402|42
2403|27
2404|5
2405|42
2406|27
2407|4
2408|27
2409|14
2410|33
2411|49
2412|10
2413|26
2414|16
2415|49
2416|39
2417|30
2418|40
2419|28
2420|25
2421|41
2422|21
2423|19
2424|8
2425|28
2426|1
2427|34
2428|42
2429|4
2430|36
2431|6
2432|37
2433|12
2434|40
2435|21
2436|18
2437|49
2438|48
2439|21
2440|17
2441|14
2442|35
2443|9
2444|7
2445|14
2446|26
2447|45
2448|18
2449|2
2450|43
2451|3
2452|23
2453|1
2454|34
2455|7
2456|13
2457|1
2458|39
2459|9
2460|23
2461|47
2462|41
2463|1
2464|5
2465|46
2466|43
2467|2
2468|40
2469|20
2470|14
2471|2
2472|43
2473|31
2474|9
2475|44
2476|19
2477|24
2478|32
2479|21
2480|20
2481|24
2482|39
2483|37
2484|44
2485|22
2486|29
2487|26
2488|8
2489|14
2490|39
2491|49
2492|26
2493|24
2494|13
2495|36
2496|21
2497|16
2498|7
2499|24
2500|21
2501|41
2502|24
2503|6
2504|10
2505|49
2506|3
2507|48
2508|14
2509|26
2510|19
2511|10
2512|35
2513|39
2514|42
2515|6
2516|18
2517|11
2518|23
2519|29
2520|6
2521|49
2522|44
2523|24
2524|13
2525|2
2526|32
2527|20
2528|44
2529|15
2530|17
2531|28
2532|21
2533|23
2534|13
2535|49
2536|35
2537|49
2538|21
2539|42
2540|14
2541|34
2542|46
2543|7
2544|9
2545|5
2546|35
2547|15
2548|28
2549|10
2550|34
2551|0
2552|11
2553|39
2554|21
2555|48
2556|13
2557|15
2558|9
2559|4
2560|27
2561|1
2562|19
2563|17
2564|37
2565|29
2566|21
2567|4
2568|48
2569|26
2570|29
2571|26
2572|38
2573|4
2574|4
2575|34
2576|31
2577|48
2578|37
2579|42
2580|25
2581|8
2582|13
2583|7
2584|7
2585|16
2586|34
2587|14
2588|25
2589|12
2590|48
2591|2
2592|1
2593|28
2594|15
2595|14
2596|40
2597|3
2598|7
2599|44
2600|49
2601|20
2602|5
2603|40
2604|7
2605|39
2606|42
2607|32
2608|26
2609|42
2610|20
2611|8
2612|43
2613|2
2614|5
2615|4
2616|7
2617|6
2618|47
2619|38
2620|29
2621|16
2622|24
2623|17
2624|41
2625|24
2626|49
2627|16
2628|20
2629|34
2630|39
2631|19
2632|47
2633|31
2634|15
2635|3
2636|27
2637|45
2638|1
2639|11
2640|38
2641|33
2642|26
2643|35
2644|48
2645|18
2646|6
2647|21
2648|29
2649|16
2650|0
2651|11
2652|49
2653|33
2654|47
2655|45
2656|15
2657|38
2658|45
2659|43
2660|4
2661|21
2662|16
2663|7
2664|2
2665|25
2666|27
2667|13
2668|36
2669|22
2670|14
2671|1
2672|7
2673|8
2674|43
2675|26
2676|43
2677|25
2678|12
2679|2
2680|41
2681|22
2682|2
2683|48
2684|20
2685|36
2686|34
2687|14
2688|49
2689|12
2690|3
2691|16
2692|10
2693|30
2694|12
2695|7
2696|24
2697|20
2698|46
2699|43
2700|46
2701|25
2702|10
2703|36
2704|41
2705|45
2706|9
2707|20
2708|25
2709|30
2710|18
2711|35
2712|46
2713|44
2714|36
2715|25
2716|1
2717|8
2718|19
2719|45
2720|5
2721|38
2722|39
2723|46
2724|39
2725|32
2726|8
2727|3
2728|43
2729|2
2730|2
2731|25
2732|31
2733|11
2734|30
2735|37
2736|31
2737|12
2738|19
2739|35
2740|18
2741|49
2742|48
2743|33
2744|31
2745|28
2746|8
2747|3
2748|2
2749|39
2750|23
2751|30
2752|3
2753|33
2754|41
2755|40
2756|42
2757|10
2758|1
2759|19
2760|45
2761|39
2762|2
2763|8
2764|15
2765|35
2766|16
2767|18
2768|8
2769|44
2770|46
2771|40
2772|35
2773|3
2774|28
2775|4
2776|46
2777|22
2778|35
2779|18
2780|9
2781|48
2782|13
2783|1
2784|4
2785|3
2786|4
2787|27
2788|43
2789|30
2790|40
2791|9
2792|0
2793|6
2794|28
2795|21
2796|19
2797|7
2798|43
2799|43
2800|48
2801|34
2802|46
2803|46
2804|4
2805|19
2806|15
2807|12
2808|1
2809|39
2810|33
2811|36
2812|19
2813|4
2814|24
2815|16
2816|12
2817|28
2818|38
2819|46
2820|13
2821|19
2822|4
2823|11
2824|35
2825|11
2826|11
2827|36
2828|43
2829|24
2830|27
2831|22
2832|17
2833|26
2834|42
2835|40
2836|20
2837|27
2838|1
2839|46
2840|0
2841|32
2842|2
2843|24
2844|9
2845|19
2846|3
2847|17
2848|2
2849|23
2850|20
2851|4
2852|14
2853|48
2854|38
2855|10
2856|40
2857|3
2858|31
2859|28
2860|48
2861|45
2862|31
2863|29
2864|17
2865|41
2866|3
2867|29
2868|12
2869|16
2870|21
2871|24
2872|34
2873|45
2874|5
2875|3
2876|33
2877|42
2878|41
2879|26
2880|42
2881|20
2882|38
2883|3
2884|2
2885|31
2886|37
2887|10
2888|5
2889|12
2890|30
2891|20
2892|5
2893|8
2894|1
2895|31
2896|15
2897|10
2898|25
2899|39
2900|6
2901|7
2902|45
2903|38
2904|22
2905|36
2906|42
2907|7
2908|8
2909|32
2910|5
2911|13
2912|38
2913|9
2914|13
2915|18
2916|30
2917|41
2918|12
2919|2
2920|12
2921|14
2922|14
2923|11
2924|24
2925|0
2926|36
2927|38
2928|24
2929|8
2930|25
2931|21
2932|17
2933|8
2934|28
2935|2
2936|6
2937|21
2938|12
2939|6
2940|3
2941|25
2942|16
2943|25
2944|11
2945|7
2946|33
2947|22
2948|25
2949|7
2950|16
2951|3
2952|36
2953|43
2954|27
2955|46
2956|28
2957|40
2958|0
2959|2
2960|26
2961|37
2962|5
2963|47
2964|9
2965|4
2966|30
2967|48
2968|32
2969|32
2970|41
2971|18
2972|38
2973|20
2974|43
2975|18
2976|19
2977|4
2978|31
2979|41
2980|4
2981|7
2982|18
2983|44
2984|24
2985|33
2986|33
2987|49
2988|8
2989|33
2990|20
2991|1
2992|38
2993|35
2994|25
2995|21
2996|48
2997|22
2998|42
2999|48
3000|43
