0|42
1|48
2|23
3|35
4|14
5|40
6|1
7|36
8|1
9|30
10|13
11|49
12|42
13|14
14|2
15|9
16|41
17|1
18|11
19|43
20|8
21|48
22|8
23|10
24|31
25|8
26|10
27|41
28|6
29|24
30|5
31|18
32|27
33|20
34|44
35|18
36|32
37|34
38|5
39|1
40|39
41|49
42|10
43|13
44|35
45|34
46|14
47|17
48|41
49|6
50|35
51|33
52|40
53|14
54|8
55|40
56|13
57|49
58|28
59|8
60|3
61|16
62|30
63|21
64|7
65|30
66|29
67|27
68|33
69|0
70|31
71|30
72|28
73|2
74|14
75|34
76|48
77|22
78|19
79|21
80|25
81|40
82|24
83|1
84|17
85|12
86|37
87|11
88|39
89|41
90|27
91|21
92|27
93|15
94|24
95|22
96|16
97|37
98|37
99|30
100|25
101|24
102|37
103|21
104|39
105|20
106|40
107|37
108|46
109|34
110|14
111|42
112|18
113|40
114|48
115|23
116|40
117|3
118|39
119|45
120|26
121|1
122|42
123|40
124|22
125|7
126|7
127|44
128|43
129|34
130|1
131|35
132|7
133|30
134|19
135|32
136|41
137|12
138|49
139|21
140|17
141|3
142|21
143|47
144|32
145|32
146|14
147|25
148|35
149|23
150|28
151|5
152|4
153|2
154|31
155|17
156|46
157|14
158|19
159|14
160|33
161|21
162|24
163|22
164|49
165|17
166|9
167|6
168|26
169|10
170|22
171|24
172|3
173|47
174|13
175|7
176|41
177|18
178|6
179|35
180|0
181|20
182|26
183|14
184|9
185|33
186|17
187|45
188|9
189|27
190|30
191|4
192|27
193|28
194|9
195|15
196|41
197|39
198|33
199|46
200|27
201|32
202|18
203|35
204|27
205|26
206|34
207|27
208|27
209|10
210|3
211|39
212|22
213|2
214|41
215|1
216|24
217|4
218|48
219|18
220|27
221|41
222|25
223|37
224|27
225|1
226|40
227|15
228|14
229|37
230|45
231|2
232|22
233|35
234|19
235|8
236|28
237|2
238|2
239|26
240|45
241|7
242|30
243|22
244|39
245|36
246|11
247|13
248|21
249|29
250|15
251|48
252|1
253|34
254|36
255|20
256|31
257|24
258|34
259|24
260|23
261|35
262|14
263|38
264|5
265|48
266|24
267|37
268|40
269|43
270|22
271|38
272|47
273|37
274|20
275|28
276|26
277|30
278|38
279|39
280|41
281|25
282|13
283|45
284|49
285|1
286|48
287|40
288|22
289|4
290|41
291|40
292|10
293|19
294|24
295|40
296|38
297|34
298|39
299|34
300|17
301|12
302|36
303|16
304|45
305|10
306|6
307|7
308|14
309|12
310|35
311|6
312|43
313|35
314|11
315|39
316|45
317|33
318|46
319|3
320|37
321|36
322|14
323|9
324|19
325|6
326|2
327|42
328|49
329|32
330|47
331|39
332|20
333|20
334|29
335|41
336|33
337|37
338|33
339|27
340|36
341|9
342|2
343|34
344|7
345|10
346|38
347|37
348|38
349|9
350|26
351|20
352|40
353|39
354|34
355|7
356|1
357|38
358|48
359|38
360|46
361|32
362|38
363|19
364|45
365|15
366|14
367|13
368|22
369|15
370|44
371|22
372|17
373|13
374|40
375|24
376|10
377|13
378|7
379|49
380|13
381|21
382|19
383|43
384|17
385|28
386|13
387|6
388|16
389|5
390|30
391|15
392|6
393|24
394|9
395|44
396|2
397|15
398|23
399|20
400|5
401|3
402|48
403|1
404|28
405|42
406|35
407|33
408|26
409|48
410|3
411|12
412|36
413|7
414|20
415|42
416|37
417|41
418|24
419|39
420|27
421|7
422|3
423|25
424|24
425|39
426|28
427|10
428|2
429|46
430|4
431|49
432|7
433|42
434|44
435|6
436|38
437|48
438|8
439|4
440|48
441|36
442|27
443|31
444|43
445|1
446|19
447|41
448|25
449|2
450|33
451|2
452|40
453|7
454|23
455|27
456|2
457|13
458|28
459|3
460|34
461|22
462|31
463|36
464|6
465|4
466|41
467|22
468|28
469|30
470|11
471|26
472|41
473|44
474|38
475|19
476|4
477|44
478|48
479|49
480|5
481|11
482|14
483|29
484|27
485|23
486|5
487|16
488|44
489|30
490|49
491|19
492|48
493|14
494|0
495|38
496|38
497|28
498|32
499|26
500|23
501|3
502|32
503|35
504|33
505|46
506|10
507|5
508|38
509|36
510|31
511|30
512|6
513|8
514|30
515|26
516|21
517|15
518|12
519|27
520|42
521|0
522|8
523|11
524|32
525|32
526|37
527|8
528|21
529|7
530|6
531|11
532|49
533|14
534|45
535|24
536|46
537|29
538|31
539|29
540|12
541|31
542|4
543|23
544|31
545|45
546|36
547|33
548|15
549|2
550|28
551|13
552|2
553|22
554|42
555|7
556|3
557|37
558|26
559|34
560|19
561|35
562|18
563|35
564|27
565|21
566|19
567|14
568|3
569|44
570|26
571|20
572|22
573|42
574|11
575|24
576|4
577|10
578|31
579|27
580|45
581|36
582|3
583|19
584|34
585|13
586|12
587|41
588|35
589|7
590|9
591|39
592|32
593|20
594|2
595|47
596|17
597|4
598|16
599|6
600|19
601|1
602|3
603|8
604|18
605|7
606|6
607|3
608|17
609|2
610|24
611|6
612|29
613|43
614|33
615|11
616|25
617|36
618|15
619|5
620|38
621|48
622|10
623|39
624|1
625|13
626|43
627|29
628|49
629|3
630|7
631|29
632|38
633|12
634|46
635|15
636|17
637|20
638|20
639|17
640|5
641|41
642|22
643|30
644|38
645|24
646|36
647|6
648|18
649|37
650|32
651|25
652|43
653|5
654|21
655|14
656|16
657|38
658|24
659|34
660|40
661|43
662|24
663|22
664|45
665|8
666|25
667|28
668|42
669|2
670|6
671|26
672|25
673|1
674|10
675|27
676|30
677|39
678|14
679|13
680|25
681|39
682|32
683|11
684|35
685|6
686|16
687|34
688|22
689|43
690|8
691|29
692|41
693|17
694|32
695|29
696|6
697|25
698|35
699|12
700|25
701|13
702|48
703|11
704|19
705|15
706|7
707|7
708|42
709|24
710|13
711|26
712|8
713|47
714|44
715|5
716|40
717|29
718|40
719|7
720|32
721|4
722|25
723|32
724|10
725|14
726|23
727|5
728|18
729|17
730|26
731|35
732|8
733|31
734|7
735|28
736|20
737|14
738|34
739|0
740|26
741|14
742|5
743|17
744|39
745|37
746|47
747|32
748|0
749|26
750|45
751|22
752|0
753|14
754|8
755|8
756|31
757|14
758|10
759|37
760|6
761|14
762|46
763|4
764|31
765|31
766|40
767|27
768|43
769|23
770|21
771|47
772|26
773|37
774|28
775|33
776|6
777|26
778|35
779|40
780|12
781|37
782|34
783|9
784|32
785|38
786|21
787|4
788|41
789|25
790|13
791|49
792|46
793|24
794|36
795|9
796|3
797|37
798|37
799|48
800|30
801|46
802|13
803|14
804|1
805|15
806|5
807|6
808|43
809|39
810|33
811|29
812|11
813|13
814|37
815|21
816|15
817|41
818|35
819|4
820|14
821|23
822|0
823|1
824|39
825|36
826|35
827|13
828|11
829|19
830|29
831|30
832|21
833|18
834|46
835|3
836|37
837|46
838|43
839|7
840|13
841|23
842|49
843|34
844|1
845|13
846|39
847|3
848|34
849|19
850|25
851|14
852|2
853|44
854|43
855|10
856|37
857|0
858|18
859|20
860|31
861|7
862|2
863|13
864|25
865|44
866|19
867|9
868|9
869|23
870|2
871|7
872|34
873|26
874|26
875|7
876|44
877|23
878|2
879|38
880|18
881|33
882|28
883|17
884|34
885|39
886|1
887|12
888|44
889|18
890|28
891|19
892|3
893|12
894|30
895|42
896|31
897|36
898|6
899|43
900|38
901|2
902|15
903|0
904|17
905|32
906|30
907|20
908|33
909|47
910|34
911|9
912|1
913|34
914|35
915|8
916|19
917|13
918|32
919|48
920|15
921|13
922|28
923|23
924|12
925|46
926|41
927|12
928|3
929|5
930|32
931|19
932|30
933|11
934|30
935|15
936|15
937|45
938|36
939|45
940|46
941|17
942|1
943|42
944|29
945|11
946|6
947|3
948|7
949|38
950|31
951|3
952|25
953|6
954|23
955|30
956|48
957|27
958|19
959|6
960|24
961|4
962|19
963|10
964|27
965|29
966|11
967|41
968|28
969|39
970|49
971|4
972|7
973|27
974|33
975|2
976|35
977|46
978|49
979|29
980|0
981|44
982|47
983|45
984|33
985|17
986|31
987|18
988|7
989|10
990|38
991|8
992|30
993|16
994|34
995|10
996|35
997|38
998|14
999|13
1000|39
1001|43
1002|24
1003|25
1004|39
1005|42
1006|36
1007|6
1008|42
1009|23
1010|41
1011|36
1012|35
1013|43
1014|16
1015|37
1016|17
1017|27
1018|22
1019|32
1020|28
1021|45
1022|38
1023|23
1024|29
1025|39
1026|9
1027|13
1028|11
1029|30
1030|12
1031|38
1032|1
1033|16
1034|21
1035|36
1036|44
1037|10
1038|36
1039|27
1040|46
1041|14
1042|8
1043|29
1044|2
1045|23
1046|41
1047|49
1048|19
1049|33
1050|39
1051|32
1052|26
1053|0
1054|13
1055|35
1056|15
1057|25
1058|47
1059|48
1060|25
1061|36
1062|1
1063|31
1064|30
1065|42
1066|20
1067|12
1068|30
1069|25
1070|23
1071|0
1072|33
1073|25
1074|22
1075|38
1076|41
1077|21
1078|31
1079|15
1080|44
1081|20
1082|4
1083|2
1084|41
1085|26
1086|3
1087|30
1088|23
1089|27
1090|29
1091|49
1092|38
1093|16
1094|0
1095|11
1096|36
1097|2
1098|0
1099|17
1100|3
1101|32
1102|47
1103|29
1104|11
1105|31
1106|4
1107|8
1108|27
1109|25
1110|16
1111|37
1112|17
1113|20
1114|39
1115|8
1116|3
1117|39
1118|8
1119|42
1120|24
1121|17
1122|46
1123|11
1124|9
1125|18
1126|39
1127|40
1128|6
1129|48
1130|38
1131|23
1132|13
1133|19
1134|0
1135|21
1136|38
1137|15
1138|4
1139|10
1140|19
1141|11
1142|14
1143|9
1144|5
1145|20
1146|43
1147|22
1148|11
1149|11
1150|40
1151|29
1152|9
1153|47
1154|7
1155|25
1156|5
1157|43
1158|40
1159|27
1160|24
1161|23
1162|31
1163|4
1164|14
1165|37
1166|2
1167|7
1168|12
1169|21
1170|45
1171|44
1172|23
1173|44
1174|35
1175|0
1176|48
1177|41
1178|20
1179|0
1180|18
1181|27
1182|47
1183|6
1184|19
1185|7
1186|11
1187|28
1188|35
1189|45
1190|23
1191|29
1192|13
1193|2
1194|22
1195|40
1196|25
1197|18
1198|23
1199|6
1200|48
1201|14
1202|25
1203|42
1204|41
1205|8
1206|47
1207|32
1208|4
1209|7
1210|3
1211|14
1212|34
1213|27
1214|47
1215|23
1216|8
1217|34
1218|33
1219|11
1220|14
1221|14
1222|28
1223|6
1224|34
1225|28
1226|11
1227|46
1228|2
1229|38
1230|12
1231|17
1232|35
1233|8
1234|36
1235|21
1236|48
1237|29
1238|0
1239|36
1240|30
1241|39
1242|11
1243|45
1244|39
1245|39
1246|7
1247|49
1248|7
1249|33
1250|45
1251|32
1252|30
1253|10
1254|48
1255|35
1256|33
1257|8
1258|18
1259|30
1260|29
1261|33
1262|5
1263|36
1264|5
1265|0
1266|11
1267|7
1268|22
1269|10
1270|30
1271|1
1272|14
1273|24
1274|25
1275|33
1276|14
1277|45
1278|33
1279|35
1280|16
1281|17
1282|38
1283|20
1284|45
1285|38
1286|17
1287|26
1288|25
1289|10
1290|22
1291|46
1292|0
1293|7
1294|7
1295|42
1296|16
1297|29
1298|10
1299|20
1300|6
1301|45
1302|48
1303|36
1304|23
1305|42
1306|0
1307|34
1308|27
1309|22
1310|38
1311|42
1312|4
1313|32
1314|22
1315|9
1316|0
1317|39
1318|36
1319|38
1320|40
1321|20
1322|14
1323|0
1324|14
1325|37
1326|28
1327|20
1328|20
1329|20
1330|3
1331|6
1332|15
1333|20
1334|37
1335|38
1336|42
1337|8
1338|3
1339|28
1340|38
1341|27
1342|36
1343|10
1344|24
1345|9
1346|10
1347|5
1348|2
1349|8
1350|33
1351|5
1352|9
1353|7
1354|19
1355|38
1356|4
1357|16
1358|13
1359|29
1360|33
1361|30
1362|49
1363|27
1364|21
1365|32
1366|3
1367|31
1368|5
1369|7
1370|39
1371|1
1372|8
1373|3
1374|22
1375|32
1376|4
1377|17
1378|40
1379|20
1380|19
1381|27
1382|14
1383|15
1384|33
1385|33
1386|33
1387|43
1388|32
1389|12
1390|18
1391|30
1392|43
1393|11
1394|33
1395|43
1396|4
1397|37
1398|27
1399|40
1400|49
1401|13
1402|43
1403|10
1404|36
1405|46
1406|40
1407|10
1408|40
1409|26
1410|35
1411|3
1412|5
1413|42
1414|16
1415|37
1416|36
1417|38
1418|33
1419|19
1420|11
1421|49
1422|27
1423|33
1424|19
1425|19
1426|36
1427|6
1428|8
1429|33
1430|1
1431|40
1432|10
1433|3
1434|26
1435|29
1436|44
1437|13
1438|24
1439|24
1440|17
1441|9
1442|49
1443|48
1444|32
1445|29
1446|19
1447|13
1448|14
1449|4
1450|40
1451|12
1452|17
1453|9
1454|22
1455|9
1456|17
1457|21
1458|33
1459|31
1460|6
1461|15
1462|9
1463|24
1464|3
1465|26
1466|15
1467|34
1468|28
1469|13
1470|32
1471|44
1472|40
1473|47
1474|47
1475|8
1476|3
1477|21
1478|30
1479|42
1480|38
1481|48
1482|27
1483|0
1484|48
1485|8
1486|48
1487|30
1488|16
1489|14
1490|44
1491|16
1492|24
1493|47
1494|6
1495|37
1496|25
1497|39
1498|9
1499|11
1500|30
1501|30
1502|4
1503|37
1504|24
1505|41
1506|23
1507|28
1508|23
1509|31
1510|38
1511|28
1512|45
1513|9
1514|12
1515|45
1516|37
1517|37
1518|14
1519|24
1520|17
1521|9
1522|32
1523|49
1524|6
1525|37
1526|42
1527|15
1528|20
1529|24
1530|39
1531|49
1532|11
1533|30
1534|18
1535|31
1536|19
1537|9
1538|46
1539|41
1540|0
1541|18
1542|13
1543|27
1544|35
1545|48
1546|40
1547|18
1548|21
1549|28
1550|47
1551|29
1552|36
1553|29
1554|15
1555|27
1556|5
1557|14
1558|12
1559|25
1560|44
1561|4
1562|28
1563|22
1564|46
1565|14
1566|6
1567|9
1568|27
1569|39
1570|15
1571|20
1572|2
1573|44
1574|44
1575|2
1576|11
1577|45
1578|27
1579|3
1580|48
1581|42
1582|48
1583|15
1584|18
1585|6
1586|48
1587|23
1588|24
1589|48
1590|22
1591|14
1592|40
1593|48
1594|8
1595|47
1596|29
1597|25
1598|24
1599|19
1600|9
1601|43
1602|17
1603|1
1604|46
1605|13
1606|18
1607|23
1608|10
1609|3
1610|16
1611|2
1612|42
1613|31
1614|21
1615|13
1616|26
1617|9
1618|31
1619|3
1620|2
1621|43
1622|46
1623|41
1624|43
1625|30
1626|40
1627|19
1628|30
1629|31
1630|48
1631|23
1632|34
1633|20
1634|1
1635|17
1636|43
1637|11
1638|27
1639|31
1640|42
1641|17
1642|6
1643|33
1644|16
1645|13
1646|30
1647|5
1648|20
1649|17
1650|47
1651|2
1652|28
1653|3
1654|48
1655|13
1656|5
1657|1
1658|0
1659|42
1660|38
1661|46
1662|42
1663|4
1664|12
1665|40
1666|18
1667|4
1668|27
1669|30
1670|39
1671|4
1672|25
1673|43
1674|3
1675|22
1676|42
1677|23
1678|19
1679|28
1680|4
1681|24
1682|14
1683|36
1684|36
1685|39
1686|36
1687|44
1688|25
1689|6
1690|49
1691|30
1692|45
1693|24
1694|30
1695|46
1696|35
1697|11
1698|15
1699|46
1700|38
1701|31
1702|30
1703|27
1704|6
1705|8
1706|23
1707|35
1708|0
1709|41
1710|7
1711|33
1712|49
1713|21
1714|17
1715|27
1716|32
1717|29
1718|46
1719|31
1720|43
1721|37
1722|29
1723|46
1724|3
1725|9
1726|35
1727|44
1728|37
1729|20
1730|41
1731|17
1732|38
1733|44
1734|24
1735|7
1736|36
1737|11
1738|29
1739|20
1740|13
1741|31
1742|43
1743|4
1744|6
1745|37
1746|16
1747|22
1748|10
1749|41
1750|38
1751|41
1752|46
1753|21
1754|49
1755|26
1756|34
1757|41
1758|5
1759|32
1760|10
1761|38
1762|17
1763|2
1764|26
1765|31
1766|16
1767|8
1768|3
1769|40
1770|25
1771|28
1772|42
1773|7
1774|9
1775|44
1776|39
1777|48
1778|10
1779|25
1780|24
1781|44
1782|48
1783|21
1784|27
1785|29
1786|34
1787|22
1788|28
1789|26
1790|25
1791|39
1792|10
1793|14
1794|15
1795|15
1796|49
1797|43
1798|33
1799|27
1800|36
1801|22
1802|23
1803|35
1804|17
1805|19
1806|48
1807|13
1808|40
1809|29
1810|6
1811|6
1812|35
1813|28
1814|31
1815|16
1816|48
1817|43
1818|27
1819|44
1820|17
1821|49
1822|5
1823|12
1824|38
1825|36
1826|2
1827|6
1828|9
1829|21
1830|35
1831|37
1832|33
1833|18
1834|18
1835|9
1836|32
1837|12
1838|14
1839|33
1840|18
1841|43
1842|29
1843|41
1844|45
1845|37
1846|5
1847|19
1848|38
1849|48
1850|43
1851|28
1852|38
1853|24
1854|16
1855|17
1856|40
1857|13
1858|36
1859|41
1860|0
1861|41
1862|13
1863|13
1864|23
1865|22
1866|2
1867|23
1868|37
1869|1
1870|1
1871|5
1872|16
1873|28
1874|26
1875|32
1876|33
1877|32
1878|15
1879|15
1880|15
1881|43
1882|33
1883|29
1884|7
1885|28
1886|38
1887|3
1888|17
1889|40
1890|34
1891|42
1892|8
1893|38
1894|6
1895|34
1896|21
1897|23
1898|12
1899|3
1900|21
1901|28
1902|14
1903|18
1904|16
1905|39
1906|38
1907|31
1908|35
1909|27
1910|29
1911|16
1912|49
1913|4
1914|48
1915|5
1916|38
1917|49
1918|9
1919|7
1920|0
1921|29
1922|2
1923|46
1924|40
1925|35
1926|40
1927|34
1928|43
1929|20
1930|30
1931|37
1932|11
1933|27
1934|9
1935|8
1936|15
1937|17
1938|0
1939|22
1940|27
1941|18
1942|42
1943|49
1944|13
1945|48
1946|11
1947|33
1948|45
1949|5
1950|43
1951|14
1952|1
1953|17
1954|3
1955|21
1956|11
1957|33
1958|16
1959|42
1960|2
1961|31
1962|25
1963|19
1964|9
1965|20
1966|1
1967|19
1968|22
1969|20
1970|49
1971|0
1972|4
1973|16
1974|32
1975|7
1976|10
1977|34
1978|43
1979|46
1980|49
1981|6
1982|0
1983|39
1984|17
1985|7
1986|21
1987|5
1988|3
1989|38
1990|24
1991|0
1992|22
1993|29
1994|31
1995|33
1996|25
1997|29
1998|28
1999|37
2000|49
2001|45
2002|28
2003|47
2004|4
2005|27
2006|28
2007|24
2008|41
2009|44
2010|43
2011|25
2012|37
2013|40
2014|12
2015|10
2016|5
2017|18
2018|9
2019|44
2020|45
2021|28
2022|24
2023|8
2024|23
2025|21
2026|15
2027|43
2028|34
2029|15
2030|16
2031|35
2032|18
2033|35
2034|42
2035|21
2036|36
2037|3
2038|9
2039|21
2040|4
2041|31
2042|22
2043|45
2044|11
2045|45
2046|19
2047|34
2048|29
2049|20
2050|17
2051|4
2052|17
2053|1
2054|18
2055|9
2056|32
2057|26
2058|10
2059|25
2060|3
2061|30
2062|39
2063|10
2064|6
2065|42
2066|12
2067|30
2068|7
2069|22
2070|15
2071|3
2072|33
2073|44
2074|0
2075|28
2076|12
2077|21
2078|17
2079|19
2080|11
2081|45
2082|6
2083|1
2084|9
2085|31
2086|30
2087|30
2088|10
2089|26
2090|3
2091|28
2092|40
2093|48
2094|11
2095|8
2096|8
2097|43
2098|22
2099|15
2100|34
2101|37
2102|25
2103|41
2104|15
2105|6
2106|42
2107|7
2108|44
2109|21
2110|6
2111|39
2112|4
2113|10
2114|9
2115|25
2116|8
2117|43
2118|43
2119|31
2120|3
2121|8
2122|1
2123|10
2124|29
2125|12
2126|36
2127|35
2128|36
2129|23
2130|19
2131|42
2132|16
2133|16
2134|8
2135|6
2136|41
2137|22
2138|12
2139|46
2140|33
2141|26
2142|6
2143|10
2144|39
2145|32
2146|15
2147|49
2148|10
2149|38
2150|13
2151|13
2152|32
2153|21
2154|21
2155|39
2156|32
2157|8
2158|9
2159|39
2160|41
2161|28
2162|19
2163|27
2164|14
2165|49
2166|44
2167|27
2168|2
2169|44
2170|39
2171|17
2172|16
2173|4
2174|19
2175|46
2176|16
2177|46
2178|49
2179|45
2180|36
2181|20
2182|35
2183|1
2184|12
2185|31
2186|20
2187|7
2188|18
2189|3
2190|42
2191|3
2192|20
2193|17
2194|43
2195|32
2196|46
2197|39
2198|1
2199|13
2200|8
2201|18
2202|7
2203|25
2204|33
2205|49
2206|9
2207|24
2208|43
2209|25
2210|30
2211|45
2212|29
2213|41
2214|28
2215|36
2216|3
2217|37
2218|29
2219|30
2220|18
2221|7
2222|4
2223|2
2224|43
2225|37
2226|23
2227|37
2228|16
2229|16
2230|40
2231|46
2232|45
2233|35
2234|33
2235|18
2236|35
2237|22
2238|38
2239|42
2240|47
2241|45
2242|23
2243|4
2244|14
2245|49
2246|40
2247|3
2248|20
2249|44
2250|21
2251|1
2252|10
2253|12
2254|1
2255|2
2256|22
2257|49
2258|38
2259|45
2260|26
2261|35
2262|6
2263|31
2264|24
2265|18
2266|36
2267|13
2268|3
2269|38
2270|7
2271|29
2272|1
2273|47
2274|22
2275|39
2276|28
2277|22
2278|4
2279|37
2280|23
2281|34
2282|27
2283|22
2284|10
2285|0
2286|47
2287|49
2288|34
2289|24
2290|13
2291|10
2292|20
2293|36
2294|35
2295|23
2296|45
2297|2
2298|9
2299|17
2300|39
2301|33
2302|4
2303|6
2304|26
2305|12
2306|18
2307|44
2308|28
2309|49
2310|26
2311|2
2312|32
2313|0
2314|32
2315|5
2316|17
2317|7
2318|39
2319|34
2320|0
2321|48
2322|7
2323|29
2324|14
2325|11
2326|43
2327|15
2328|29
2329|8
2330|46
2331|32
2332|49
2333|30
2334|14
2335|26
2336|32
2337|8
2338|5
2339|34
2340|42
2341|42
2342|20
2343|7
2344|47
2345|35
2346|40
2347|40
2348|12
2349|34
2350|13
2351|1
2352|24
2353|45
2354|5
2355|36
2356|38
2357|8
2358|48
2359|48
2360|41
2361|20
2362|35
2363|30
2364|17
2365|8
2366|37
2367|38
2368|11
2369|28
2370|34
2371|29
2372|30
2373|35
2374|18
2375|5
2376|16
2377|19
2378|42
2379|33
2380|41
2381|14
2382|16
2383|42
2384|21
2385|46
2386|6
2387|31
2388|41
2389|7
2390|1
2391|24
2392|43
2393|30
2394|39
2395|24
2396|6
2397|36
2398|18
2399|28
2400|14
2401|27
2402|25
2403|12
2404|16
2405|45
2406|41
2407|49
2408|3
2409|23
2410|18
2411|21
2412|14
2413|45
2414|11
2415|18
2416|8
2417|42
2418|11
2419|0
2420|1
2421|33
2422|12
2423|4
2424|40
2425|9
2426|43
2427|12
2428|18
2429|16
2430|9
2431|27
2432|14
2433|15
2434|41
2435|13
2436|34
2437|42
2438|35
2439|8
2440|39
2441|14
2442|47
2443|40
2444|45
2445|11
2446|20
2447|21
2448|47
2449|20
2450|7
2451|24
2452|22
2453|27
2454|44
2455|9
2456|44
2457|42
2458|3
2459|2
2460|19
2461|38
2462|40
2463|40
2464|25
2465|31
2466|44
2467|21
2468|10
2469|37
2470|11
2471|36
2472|39
2473|5
2474|41
2475|32
2476|3
2477|16
2478|34
2479|26
2480|40
2481|5
2482|11
2483|48
2484|25
2485|21
2486|37
2487|46
2488|6
2489|30
2490|5
2491|34
2492|5
2493|34
2494|35
2495|3
2496|45
2497|0
2498|19
2499|3
2500|30
2501|34
2502|29
2503|42
2504|0
2505|38
2506|31
2507|13
2508|45
2509|28
2510|46
2511|17
2512|30
2513|9
2514|38
2515|24
2516|8
2517|16
2518|2
2519|40
2520|25
2521|12
2522|10
2523|10
2524|30
2525|1
2526|2
2527|19
2528|48
2529|2
2530|12
2531|7
2532|22
2533|1
2534|8
2535|13
2536|12
2537|36
2538|44
2539|1
2540|21
2541|16
2542|44
2543|7
2544|0
2545|36
2546|47
2547|44
2548|35
2549|15
2550|5
2551|49
2552|13
2553|4
2554|37
2555|30
2556|34
2557|17
2558|13
2559|44
2560|12
2561|14
2562|24
2563|35
2564|5
2565|6
2566|24
2567|42
2568|47
2569|41
2570|25
2571|35
2572|9
2573|42
2574|2
2575|43
2576|26
2577|31
2578|12
2579|2
2580|22
2581|37
2582|8
2583|30
2584|36
2585|7
2586|15
2587|48
2588|44
2589|48
2590|8
2591|21
2592|11
2593|43
2594|22
2595|36
2596|14
2597|7
2598|17
2599|20
2600|15
2601|42
2602|45
2603|49
2604|19
2605|31
2606|41
2607|45
2608|45
2609|36
2610|8
2611|36
2612|37
2613|22
2614|11
2615|26
2616|19
2617|34
2618|16
2619|7
2620|30
2621|21
2622|3
2623|28
2624|48
2625|16
2626|11
2627|12
2628|36
2629|23
2630|15
2631|15
2632|45
2633|24
2634|9
2635|13
2636|26
2637|9
2638|26
2639|24
2640|5
2641|27
2642|37
2643|27
2644|48
2645|8
2646|48
2647|28
2648|25
2649|1
2650|27
2651|17
2652|34
2653|40
2654|40
2655|41
2656|38
2657|7
2658|4
2659|18
2660|12
2661|9
2662|12
2663|16
2664|40
2665|39
2666|46
2667|9
2668|25
2669|18
2670|23
2671|0
2672|42
2673|38
2674|0
2675|5
2676|30
2677|19
2678|31
2679|41
2680|30
2681|43
2682|42
2683|8
2684|1
2685|47
2686|31
2687|33
2688|30
2689|23
2690|24
2691|12
2692|29
2693|49
2694|26
2695|30
2696|3
2697|29
2698|9
2699|9
2700|24
2701|43
2702|16
2703|37
2704|42
2705|12
2706|31
2707|42
2708|31
2709|6
2710|42
2711|21
2712|13
2713|43
2714|40
2715|17
2716|27
2717|39
2718|10
2719|36
2720|14
2721|37
2722|6
2723|28
2724|3
2725|19
2726|3
2727|36
2728|24
2729|20
2730|41
2731|35
2732|32
2733|18
2734|27
2735|31
2736|11
2737|22
2738|13
2739|12
2740|1
2741|49
2742|39
2743|45
2744|4
2745|31
2746|39
2747|4
2748|24
2749|0
2750|2
2751|23
2752|30
2753|19
2754|3
2755|48
2756|49
2757|1
2758|5
2759|25
2760|17
2761|34
2762|15
2763|34
2764|15
2765|5
2766|17
2767|20
2768|7
2769|29
2770|2
2771|36
2772|0
2773|44
2774|8
2775|6
2776|44
2777|48
2778|30
2779|9
2780|42
2781|46
2782|35
2783|32
2784|48
2785|18
2786|18
2787|13
2788|13
2789|33
2790|44
2791|29
2792|46
2793|49
2794|34
2795|26
2796|33
2797|36
2798|34
2799|37
2800|19
2801|27
2802|8
2803|4
2804|5
2805|8
2806|1
2807|29
2808|0
2809|31
2810|44
2811|34
2812|1
2813|8
2814|22
2815|40
2816|19
2817|42
2818|39
2819|6
2820|27
2821|6
2822|40
2823|13
2824|39
2825|39
2826|7
2827|17
2828|45
2829|29
2830|25
2831|42
2832|36
2833|31
2834|42
2835|3
2836|33
2837|25
2838|14
2839|9
2840|44
2841|24
2842|48
2843|1
2844|47
2845|4
2846|5
2847|28
2848|26
2849|40
2850|29
2851|1
2852|30
2853|32
2854|47
2855|7
2856|36
2857|32
2858|27
2859|35
2860|43
2861|29
2862|12
2863|0
2864|1
2865|42
2866|12
2867|48
2868|48
2869|13
2870|18
2871|34
2872|39
2873|40
2874|21
2875|10
2876|10
2877|42
2878|39
2879|46
2880|30
2881|31
2882|46
2883|22
2884|7
2885|32
2886|34
2887|11
2888|32
2889|4
2890|42
2891|28
2892|6
2893|19
2894|2
2895|34
2896|32
2897|10
2898|22
2899|26
2900|9
2901|17
2902|31
2903|31
2904|41
2905|2
2906|4
2907|19
2908|25
2909|2
2910|0
2911|37
2912|37
2913|30
2914|7
2915|17
2916|0
2917|32
2918|29
2919|37
2920|11
2921|20
2922|13
2923|3
2924|2
2925|5
2926|3
2927|19
2928|33
2929|28
2930|42
2931|12
2932|34
2933|19
2934|30
2935|16
2936|44
2937|4
2938|38
2939|46
2940|31
2941|17
2942|42
2943|36
2944|41
2945|32
2946|18
2947|44
2948|41
2949|28
2950|41
2951|23
2952|6
2953|18
2954|14
2955|6
2956|15
2957|3
2958|11
2959|48
2960|17
2961|7
2962|20
2963|20
2964|7
2965|15
2966|49
2967|7
2968|7
2969|35
2970|32
2971|26
2972|5
2973|7
2974|21
2975|44
2976|14
2977|37
2978|10
2979|22
2980|37
2981|8
2982|36
2983|26
2984|8
2985|20
2986|37
2987|43
2988|20
2989|37
2990|42
2991|13
2992|25
2993|1
2994|5
2995|19
2996|15
2997|12
2998|7
2999|34
3000|21
