0|35
1|3
2|11
3|0
4|38
5|13
6|16
7|3
8|8
9|36
10|29
11|4
12|2
13|27
14|6
15|38
16|42
17|3
18|19
19|47
20|41
21|10
22|37
23|0
24|7
25|38
26|40
27|30
28|27
29|46
30|36
31|29
32|4
33|9
34|9
35|30
36|28
37|14
38|28
39|0
40|3
41|45
42|12
43|14
44|28
45|44
46|21
47|29
48|22
49|37
50|8
51|35
52|4
53|18
54|38
55|25
56|0
57|1
58|29
59|9
60|24
61|20
62|39
63|34
64|40
65|23
66|34
67|44
68|19
69|35
70|4
71|48
72|12
73|1
74|9
75|28
76|8
77|15
78|0
79|7
80|45
81|26
82|0
83|41
84|32
85|35
86|14
87|1
88|18
89|44
90|46
91|17
92|20
93|27
94|18
95|12
96|23
97|41
98|34
99|24
100|23
101|5
102|2
103|25
104|13
105|30
106|28
107|15
108|35
109|4
110|17
111|18
112|13
113|0
114|19
115|6
116|27
117|23
118|24
119|38
120|39
121|11
122|31
123|1
124|45
125|28
126|21
127|6
128|45
129|9
130|46
131|45
132|40
133|5
134|44
135|6
136|31
137|0
138|12
139|31
140|2
141|40
142|4
143|41
144|39
145|14
146|47
147|19
148|23
149|7
150|7
151|12
152|28
153|29
154|24
155|17
156|42
157|28
158|31
159|4
160|47
161|20
162|39
163|24
164|28
165|24
166|43
167|32
168|30
169|48
170|6
171|18
172|21
173|41
174|4
175|16
176|42
177|21
178|43
179|36
180|3
181|49
182|9
183|40
184|23
185|30
186|46
187|36
188|4
189|26
190|25
191|10
192|18
193|46
194|4
195|8
196|33
197|11
198|49
199|47
200|8
201|48
202|29
203|5
204|19
205|30
206|23
207|11
208|11
209|3
210|49
211|1
212|44
213|44
214|23
215|12
216|38
217|6
218|25
219|41
220|47
221|6
222|39
223|23
224|31
225|46
226|46
227|41
228|30
229|49
230|36
231|37
232|4
233|3
234|30
235|41
236|17
237|27
238|7
239|25
240|20
241|17
242|26
243|11
244|42
245|14
246|15
247|8
248|1
249|11
250|41
251|46
252|26
253|26
254|40
255|35
256|6
257|0
258|42
259|15
260|6
261|11
262|16
263|37
264|20
265|19
266|9
267|9
268|12
269|31
270|14
271|1
272|34
273|13
274|1
275|21
276|18
277|40
278|48
279|41
280|27
281|5
282|27
283|0
284|26
285|21
286|39
287|47
288|43
289|13
290|17
291|17
292|37
293|46
294|37
295|1
296|28
297|30
298|23
299|9
300|10
301|41
302|26
303|21
304|48
305|7
306|11
307|14
308|46
309|5
310|0
311|27
312|17
313|6
314|30
315|3
316|5
317|29
318|16
319|46
320|42
321|15
322|43
323|42
324|42
325|44
326|10
327|35
328|28
329|28
330|44
331|7
332|11
333|14
334|43
335|43
336|20
337|21
338|29
339|40
340|39
341|42
342|12
343|14
344|22
345|18
346|40
347|25
348|8
349|44
350|40
351|38
352|42
353|8
354|1
355|48
356|13
357|28
358|29
359|36
360|12
361|47
362|18
363|30
364|34
365|45
366|22
367|42
368|44
369|43
370|0
371|35
372|22
373|22
374|15
375|14
376|30
377|31
378|11
379|28
380|38
381|41
382|33
383|23
384|0
385|20
386|48
387|13
388|49
389|38
390|0
391|7
392|39
393|28
394|17
395|11
396|5
397|7
398|5
399|45
400|16
401|41
402|18
403|10
404|30
405|42
406|19
407|35
408|22
409|33
410|19
411|34
412|37
413|18
414|0
415|49
416|29
417|13
418|22
419|48
420|17
421|27
422|39
423|26
424|26
425|49
426|43
427|14
428|32
429|11
430|26
431|42
432|30
433|49
434|40
435|8
436|9
437|33
438|6
439|49
440|49
441|2
442|5
443|21
444|30
445|28
446|49
447|5
448|35
449|35
450|42
451|12
452|32
453|3
454|10
455|17
456|30
457|13
458|21
459|6
460|37
461|2
462|19
463|15
464|29
465|19
466|13
467|27
468|2
469|40
470|31
471|35
472|43
473|11
474|46
475|28
476|40
477|17
478|18
479|27
480|10
481|36
482|0
483|6
484|1
485|39
486|26
487|15
488|12
489|10
490|7
491|19
492|29
493|43
494|48
495|45
496|32
497|21
498|39
499|45
500|26
501|28
502|46
503|1
504|24
505|10
506|22
507|20
508|48
509|1
510|48
511|10
512|18
513|18
514|32
515|4
516|34
517|20
518|27
519|6
520|33
521|44
522|24
523|5
524|41
525|45
526|6
527|20
528|7
529|39
530|17
531|21
532|19
533|22
534|41
535|17
536|7
537|28
538|13
539|45
540|33
541|49
542|7
543|33
544|8
545|1
546|5
547|22
548|27
549|15
550|24
551|10
552|42
553|28
554|9
555|16
556|6
557|17
558|9
559|30
560|39
561|43
562|15
563|10
564|20
565|9
566|10
567|41
568|8
569|39
570|28
571|1
572|5
573|7
574|25
575|21
576|40
577|38
578|18
579|11
580|15
581|36
582|44
583|4
584|34
585|20
586|9
587|4
588|28
589|17
590|19
591|16
592|31
593|3
594|19
595|20
596|38
597|27
598|21
599|8
600|29
601|2
602|27
603|15
604|20
605|37
606|14
607|35
608|8
609|32
610|17
611|42
612|37
613|25
614|46
615|27
616|3
617|43
618|7
619|39
620|10
621|26
622|28
623|8
624|40
625|10
626|24
627|22
628|36
629|27
630|36
631|49
632|24
633|25
634|28
635|2
636|37
637|32
638|0
639|8
640|29
641|45
642|37
643|29
644|24
645|3
646|30
647|41
648|31
649|30
650|23
651|18
652|41
653|16
654|48
655|48
656|22
657|2
658|19
659|37
660|10
661|9
662|15
663|32
664|15
665|45
666|31
667|1
668|7
669|47
670|5
671|42
672|3
673|28
674|47
675|24
676|49
677|35
678|11
679|36
680|43
681|3
682|42
683|30
684|7
685|4
686|29
687|24
688|45
689|22
690|2
691|47
692|44
693|26
694|21
695|38
696|3
697|31
698|11
699|48
700|7
701|18
702|27
703|1
704|24
705|31
706|24
707|13
708|10
709|38
710|45
711|35
712|17
713|1
714|41
715|0
716|19
717|44
718|15
719|44
720|11
721|18
722|29
723|36
724|39
725|40
726|18
727|45
728|28
729|9
730|16
731|21
732|46
733|41
734|19
735|24
736|43
737|31
738|27
739|30
740|4
741|41
742|19
743|26
744|17
745|15
746|36
747|26
748|44
749|41
750|1
751|30
752|1
753|31
754|16
755|35
756|33
757|16
758|14
759|5
760|24
761|49
762|17
763|9
764|22
765|39
766|27
767|38
768|24
769|8
770|13
771|23
772|6
773|26
774|44
775|26
776|8
777|29
778|38
779|6
780|25
781|22
782|13
783|47
784|23
785|27
786|18
787|5
788|0
789|23
790|48
791|29
792|20
793|33
794|29
795|19
796|13
797|30
798|25
799|29
800|21
801|11
802|44
803|35
804|30
805|23
806|4
807|11
808|10
809|27
810|1
811|10
812|2
813|28
814|35
815|43
816|43
817|7
818|26
819|32
820|14
821|0
822|27
823|16
824|31
825|39
826|43
827|1
828|48
829|48
830|42
831|9
832|37
833|2
834|29
835|39
836|30
837|23
838|14
839|37
840|39
841|49
842|26
843|45
844|35
845|1
846|22
847|42
848|14
849|28
850|2
851|5
852|28
853|44
854|41
855|44
856|13
857|45
858|9
859|12
860|23
861|10
862|9
863|14
864|0
865|17
866|18
867|39
868|15
869|44
870|37
871|47
872|18
873|11
874|49
875|41
876|26
877|1
878|4
879|41
880|28
881|22
882|4
883|49
884|37
885|12
886|5
887|33
888|41
889|5
890|40
891|4
892|4
893|28
894|30
895|31
896|40
897|12
898|27
899|27
900|27
901|31
902|1
903|28
904|37
905|34
906|48
907|10
908|44
909|9
910|27
911|42
912|31
913|15
914|3
915|0
916|18
917|47
918|7
919|4
920|6
921|43
922|16
923|34
924|1
925|27
926|42
927|49
928|9
929|35
930|12
931|49
932|0
933|42
934|44
935|42
936|36
937|17
938|24
939|20
940|41
941|20
942|25
943|19
944|14
945|21
946|31
947|36
948|17
949|14
950|26
951|33
952|35
953|19
954|3
955|7
956|7
957|7
958|33
959|8
960|18
961|20
962|37
963|27
964|10
965|16
966|25
967|47
968|32
969|48
970|1
971|14
972|25
973|26
974|0
975|0
976|37
977|32
978|10
979|44
980|35
981|8
982|40
983|8
984|34
985|22
986|44
987|6
988|47
989|49
990|48
991|18
992|11
993|15
994|21
995|9
996|29
997|5
998|45
999|6
1000|19
1001|34
1002|2
1003|38
1004|23
1005|19
1006|18
1007|31
1008|18
1009|44
1010|45
1011|39
1012|33
1013|26
1014|30
1015|46
1016|1
1017|14
1018|30
1019|38
1020|36
1021|37
1022|17
1023|2
1024|0
1025|24
1026|42
1027|0
1028|23
1029|8
1030|28
1031|47
1032|3
1033|22
1034|47
1035|32
1036|12
1037|6
1038|5
1039|30
1040|32
1041|25
1042|22
1043|35
1044|31
1045|3
1046|11
1047|36
1048|6
1049|24
1050|21
1051|11
1052|2
1053|4
1054|7
1055|44
1056|10
1057|1
1058|18
1059|25
1060|14
1061|20
1062|45
1063|35
1064|39
1065|10
1066|33
1067|35
1068|28
1069|24
1070|34
1071|43
1072|25
1073|26
1074|6
1075|47
1076|22
1077|36
1078|43
1079|14
1080|48
1081|32
1082|42
1083|37
1084|12
1085|43
1086|9
1087|48
1088|9
1089|35
1090|47
1091|38
1092|44
1093|12
1094|14
1095|12
1096|21
1097|25
1098|11
1099|20
1100|38
1101|38
1102|47
1103|34
1104|3
1105|14
1106|39
1107|20
1108|35
1109|38
1110|44
1111|4
1112|33
1113|49
1114|10
1115|34
1116|31
1117|17
1118|33
1119|29
1120|5
1121|42
1122|18
1123|9
1124|9
1125|43
1126|42
1127|36
1128|31
1129|1
1130|21
1131|16
1132|49
1133|28
1134|4
1135|39
1136|16
1137|27
1138|12
1139|12
1140|6
1141|1
1142|43
1143|46
1144|19
1145|45
1146|18
1147|17
1148|21
1149|13
1150|3
1151|2
1152|35
1153|19
1154|31
1155|37
1156|49
1157|10
1158|33
1159|6
1160|9
1161|20
1162|20
1163|34
1164|38
1165|41
1166|49
1167|42
1168|33
1169|26
1170|14
1171|27
1172|4
1173|44
1174|33
1175|33
1176|35
1177|22
1178|21
1179|8
1180|11
1181|38
1182|7
1183|37
1184|21
1185|34
1186|45
1187|19
1188|42
1189|14
1190|48
1191|34
1192|18
1193|9
1194|1
1195|23
1196|10
1197|21
1198|30
1199|1
1200|0
1201|25
1202|3
1203|36
1204|16
1205|47
1206|4
1207|46
1208|23
1209|31
1210|42
1211|48
1212|28
1213|27
1214|35
1215|48
1216|7
1217|30
1218|37
1219|28
1220|17
1221|12
1222|30
1223|19
1224|22
1225|4
1226|25
1227|22
1228|11
1229|35
1230|40
1231|27
1232|9
1233|37
1234|28
1235|2
1236|27
1237|42
1238|1
1239|37
1240|49
1241|36
1242|33
1243|46
1244|46
1245|45
1246|34
1247|16
1248|24
1249|13
1250|22
1251|48
1252|30
1253|1
1254|23
1255|20
1256|29
1257|2
1258|29
1259|42
1260|0
1261|7
1262|11
1263|46
1264|21
1265|18
1266|49
1267|9
1268|31
1269|30
1270|35
1271|8
1272|37
1273|18
1274|7
1275|10
1276|30
1277|29
1278|4
1279|0
1280|36
1281|26
1282|0
1283|29
1284|23
1285|32
1286|13
1287|45
1288|30
1289|45
1290|13
1291|13
1292|11
1293|24
1294|41
1295|14
1296|18
1297|41
1298|18
1299|11
1300|4
1301|9
1302|34
1303|10
1304|20
1305|39
1306|1
1307|44
1308|17
1309|46
1310|49
1311|12
1312|49
1313|30
1314|16
1315|32
1316|33
1317|46
1318|13
1319|46
1320|11
1321|39
1322|38
1323|44
1324|5
1325|1
1326|14
1327|14
1328|14
1329|30
1330|13
1331|21
1332|36
1333|19
1334|47
1335|10
1336|17
1337|31
1338|40
1339|43
1340|32
1341|25
1342|22
1343|46
1344|21
1345|23
1346|24
1347|4
1348|33
1349|3
1350|24
1351|45
1352|12
1353|2
1354|8
1355|41
1356|7
1357|49
1358|37
1359|17
1360|32
1361|5
1362|24
1363|46
1364|22
1365|13
1366|26
1367|44
1368|27
1369|0
1370|35
1371|42
1372|43
1373|18
1374|43
1375|9
1376|25
1377|48
1378|46
1379|1
1380|33
1381|25
1382|22
1383|37
1384|8
1385|2
1386|11
1387|13
1388|45
1389|15
1390|14
1391|7
1392|40
1393|44
1394|40
1395|27
1396|40
1397|34
1398|24
1399|32
1400|2
1401|13
1402|38
1403|21
1404|44
1405|28
1406|27
1407|23
1408|11
1409|42
1410|15
1411|31
1412|4
1413|39
1414|36
1415|9
1416|27
1417|19
1418|5
1419|11
1420|28
1421|24
1422|40
1423|34
1424|16
1425|11
1426|45
1427|10
1428|14
1429|13
1430|22
1431|38
1432|35
1433|28
1434|32
1435|9
1436|37
1437|17
1438|7
1439|18
1440|27
1441|9
1442|12
1443|31
1444|17
1445|27
1446|13
1447|7
1448|5
1449|0
1450|2
1451|21
1452|45
1453|43
1454|4
1455|27
1456|13
1457|42
1458|26
1459|31
1460|1
1461|43
1462|9
1463|29
1464|17
1465|46
1466|4
1467|39
1468|7
1469|30
1470|31
1471|33
1472|34
1473|25
1474|43
1475|44
1476|7
1477|24
1478|47
1479|37
1480|27
1481|37
1482|45
1483|34
1484|37
1485|37
1486|24
1487|42
1488|47
1489|3
1490|12
1491|43
1492|14
1493|9
1494|49
1495|36
1496|20
1497|9
1498|49
1499|23
1500|0
1501|3
1502|21
1503|39
1504|36
1505|7
1506|19
1507|13
1508|39
1509|35
1510|11
1511|3
1512|35
1513|33
1514|38
1515|21
1516|46
1517|11
1518|6
1519|3
1520|4
1521|4
1522|38
1523|31
1524|22
1525|38
1526|3
1527|21
1528|4
1529|3
1530|18
1531|1
1532|32
1533|33
1534|22
1535|48
1536|44
1537|22
1538|7
1539|22
1540|15
1541|42
1542|0
1543|30
1544|49
1545|6
1546|26
1547|32
1548|37
1549|42
1550|23
1551|31
1552|49
1553|37
1554|9
1555|35
1556|30
1557|22
1558|33
1559|26
1560|38
1561|0
1562|39
1563|30
1564|2
1565|27
1566|24
1567|40
1568|12
1569|18
1570|40
1571|17
1572|25
1573|31
1574|30
1575|45
1576|42
1577|15
1578|16
1579|3
1580|47
1581|41
1582|47
1583|47
1584|10
1585|18
1586|11
1587|20
1588|48
1589|2
1590|23
1591|46
1592|40
1593|43
1594|47
1595|35
1596|9
1597|32
1598|2
1599|45
1600|14
1601|29
1602|11
1603|7
1604|38
1605|49
1606|49
1607|2
1608|18
1609|24
1610|3
1611|43
1612|46
1613|0
1614|46
1615|23
1616|27
1617|8
1618|31
1619|33
1620|30
1621|22
1622|5
1623|36
1624|10
1625|40
1626|9
1627|4
1628|44
1629|23
1630|37
1631|28
1632|24
1633|5
1634|11
1635|11
1636|49
1637|4
1638|45
1639|46
1640|15
1641|8
1642|32
1643|10
1644|47
1645|32
1646|2
1647|15
1648|17
1649|21
1650|32
1651|17
1652|45
1653|1
1654|29
1655|24
1656|48
1657|28
1658|34
1659|8
1660|42
1661|29
1662|28
1663|38
1664|6
1665|39
1666|6
1667|21
1668|39
1669|26
1670|16
1671|29
1672|47
1673|23
1674|25
1675|49
1676|11
1677|41
1678|37
1679|16
1680|38
1681|32
1682|30
1683|15
1684|38
1685|25
1686|38
1687|16
1688|34
1689|20
1690|25
1691|32
1692|31
1693|23
1694|0
1695|5
1696|49
1697|29
1698|9
1699|29
1700|25
1701|24
1702|1
1703|31
1704|26
1705|30
1706|45
1707|27
1708|4
1709|34
1710|1
1711|32
1712|0
1713|19
1714|26
1715|32
1716|12
1717|45
1718|12
1719|26
1720|41
1721|2
1722|45
1723|14
1724|13
1725|44
1726|11
1727|43
1728|5
1729|18
1730|45
1731|5
1732|49
1733|17
1734|20
1735|1
1736|22
1737|31
1738|7
1739|14
1740|5
1741|17
1742|21
1743|0
1744|49
1745|39
1746|44
1747|31
1748|46
1749|7
1750|34
1751|13
1752|47
1753|22
1754|0
1755|40
1756|41
1757|31
1758|22
1759|23
1760|37
1761|14
1762|45
1763|27
1764|8
1765|37
1766|5
1767|17
1768|41
1769|12
1770|40
1771|7
1772|7
1773|19
1774|31
1775|24
1776|15
1777|2
1778|13
1779|29
1780|40
1781|40
1782|31
1783|22
1784|6
1785|30
1786|25
1787|21
1788|24
1789|45
1790|13
1791|32
1792|5
1793|28
1794|2
1795|5
1796|49
1797|23
1798|12
1799|42
1800|26
1801|39
1802|46
1803|28
1804|28
1805|15
1806|41
1807|16
1808|23
1809|29
1810|21
1811|2
1812|41
1813|16
1814|32
1815|19
1816|45
1817|12
1818|29
1819|8
1820|27
1821|1
1822|42
1823|6
1824|25
1825|44
1826|48
1827|18
1828|10
1829|45
1830|15
1831|18
1832|34
1833|22
1834|14
1835|38
1836|11
1837|26
1838|35
1839|29
1840|18
1841|5
1842|7
1843|16
1844|6
1845|24
1846|37
1847|30
1848|22
1849|8
1850|16
1851|23
1852|41
1853|39
1854|15
1855|15
1856|10
1857|20
1858|44
1859|3
1860|16
1861|2
1862|33
1863|35
1864|2
1865|29
1866|12
1867|20
1868|27
1869|14
1870|23
1871|36
1872|12
1873|2
1874|16
1875|29
1876|33
1877|13
1878|21
1879|29
1880|28
1881|48
1882|40
1883|26
1884|20
1885|44
1886|6
1887|41
1888|28
1889|4
1890|35
1891|8
1892|12
1893|41
1894|48
1895|4
1896|12
1897|8
1898|6
1899|12
1900|31
1901|49
1902|28
1903|43
1904|33
1905|30
1906|2
1907|22
1908|39
1909|4
1910|42
1911|23
1912|25
1913|14
1914|0
1915|14
1916|15
1917|24
1918|16
1919|31
1920|3
1921|42
1922|26
1923|15
1924|32
1925|39
1926|22
1927|18
1928|4
1929|23
1930|44
1931|32
1932|17
1933|26
1934|48
1935|16
1936|11
1937|27
1938|46
1939|30
1940|7
1941|14
1942|30
1943|5
1944|49
1945|8
1946|12
1947|28
1948|45
1949|28
1950|5
1951|6
1952|29
1953|46
1954|24
1955|6
1956|24
1957|20
1958|3
1959|27
1960|16
1961|44
1962|24
1963|47
1964|6
1965|16
1966|23
1967|18
1968|46
1969|41
1970|11
1971|32
1972|9
1973|8
1974|45
1975|17
1976|43
1977|7
1978|33
1979|23
1980|46
1981|12
1982|47
1983|4
1984|25
1985|4
1986|45
1987|47
1988|1
1989|37
1990|49
1991|31
1992|22
1993|40
1994|17
1995|12
1996|19
1997|41
1998|31
1999|39
2000|31
2001|0
2002|18
2003|17
2004|32
2005|3
2006|0
2007|18
2008|35
2009|20
2010|48
2011|25
2012|12
2013|9
2014|20
2015|5
2016|49
2017|6
2018|32
2019|30
2020|15
2021|15
2022|41
2023|45
2024|25
2025|42
2026|37
2027|35
2028|10
2029|49
2030|30
2031|14
2032|1
2033|16
2034|14
2035|23
2036|5
2037|4
2038|1
2039|48
2040|37
2041|45
2042|14
2043|6
2044|30
2045|49
2046|7
2047|48
2048|15
2049|6
2050|7
2051|26
2052|34
2053|39
2054|39
2055|1
2056|23
2057|6
2058|11
2059|47
2060|26
2061|27
2062|25
2063|45
2064|31
2065|45
2066|49
2067|48
2068|36
2069|48
2070|15
2071|37
2072|3
2073|7
2074|20
2075|7
2076|40
2077|18
2078|40
2079|15
2080|12
2081|48
2082|14
2083|0
2084|46
2085|1
2086|37
2087|39
2088|16
2089|31
2090|32
2091|45
2092|47
2093|24
2094|42
2095|46
2096|17
2097|5
2098|14
2099|26
2100|0
2101|23
2102|8
2103|30
2104|17
2105|5
2106|48
2107|9
2108|44
2109|17
2110|6
2111|4
2112|14
2113|34
2114|3
2115|20
2116|39
2117|3
2118|49
2119|42
2120|43
2121|45
2122|45
2123|43
2124|0
2125|5
2126|25
2127|8
2128|9
2129|33
2130|16
2131|42
2132|38
2133|40
2134|40
2135|37
2136|8
2137|1
2138|13
2139|17
2140|32
2141|45
2142|34
2143|35
2144|25
2145|6
2146|20
2147|8
2148|30
2149|8
2150|27
2151|1
2152|2
2153|40
2154|28
2155|43
2156|40
2157|42
2158|26
2159|41
2160|11
2161|12
2162|26
2163|45
2164|12
2165|45
2166|48
2167|15
2168|13
2169|46
2170|34
2171|35
2172|28
2173|29
2174|17
2175|30
2176|28
2177|13
2178|4
2179|9
2180|35
2181|9
2182|3
2183|26
2184|4
2185|17
2186|34
2187|32
2188|14
2189|32
2190|39
2191|22
2192|4
2193|18
2194|17
2195|10
2196|1
2197|29
2198|30
2199|20
2200|40
2201|14
2202|49
2203|13
2204|34
2205|14
2206|40
2207|29
2208|37
2209|49
2210|25
2211|4
2212|30
2213|37
2214|30
2215|31
2216|19
2217|48
2218|12
2219|21
2220|43
2221|21
2222|17
2223|18
2224|31
2225|30
2226|10
2227|39
2228|34
2229|12
2230|17
2231|28
2232|41
2233|29
2234|9
2235|28
2236|44
2237|45
2238|3
2239|48
2240|8
2241|21
2242|10
2243|12
2244|14
2245|43
2246|42
2247|17
2248|35
2249|30
2250|47
2251|24
2252|37
2253|40
2254|29
2255|23
2256|31
2257|38
2258|30
2259|30
2260|37
2261|47
2262|44
2263|46
2264|44
2265|21
2266|12
2267|24
2268|16
2269|49
2270|11
2271|37
2272|40
2273|0
2274|10
2275|19
2276|6
2277|11
2278|43
2279|1
2280|33
2281|7
2282|28
2283|37
2284|16
2285|1
2286|47
2287|27
2288|16
2289|47
2290|11
2291|12
2292|29
2293|36
2294|18
2295|39
2296|21
2297|12
2298|10
2299|18
2300|17
2301|12
2302|42
2303|12
2304|45
2305|28
2306|19
2307|45
2308|34
2309|43
2310|47
2311|5
2312|7
2313|1
2314|28
2315|43
2316|33
2317|1
2318|48
2319|40
2320|42
2321|11
2322|6
2323|10
2324|33
2325|21
2326|28
2327|31
2328|35
2329|6
2330|28
2331|39
2332|15
2333|10
2334|34
2335|37
2336|47
2337|28
2338|14
2339|41
2340|29
2341|4
2342|22
2343|17
2344|9
2345|48
2346|31
2347|25
2348|46
2349|1
2350|13
2351|37
2352|1
2353|9
2354|42
2355|25
2356|28
2357|29
2358|36
2359|32
2360|26
2361|9
2362|37
2363|35
2364|36
2365|42
2366|19
2367|42
2368|14
2369|25
2370|8
2371|26
2372|48
2373|47
2374|1
2375|15
2376|35
2377|44
2378|40
2379|46
2380|33
2381|40
2382|8
2383|36
2384|34
2385|11
2386|3
2387|41
2388|34
2389|4
2390|47
2391|49
2392|6
2393|23
2394|35
2395|27
2396|43
2397|41
2398|48
2399|38
2400|17
2401|43
2402|36
2403|8
2404|6
2405|23
2406|44
2407|28
2408|37
2409|37
2410|10
2411|6
2412|12
2413|45
2414|18
2415|18
2416|47
2417|41
2418|42
2419|8
2420|7
2421|38
2422|39
2423|10
2424|46
2425|48
2426|46
2427|17
2428|17
2429|22
2430|35
2431|1
2432|3
2433|40
2434|21
2435|43
2436|31
2437|18
2438|45
2439|16
2440|36
2441|7
2442|4
2443|45
2444|8
2445|17
2446|46
2447|0
2448|2
2449|7
2450|6
2451|31
2452|45
2453|29
2454|8
2455|12
2456|8
2457|18
2458|28
2459|10
2460|6
2461|31
2462|34
2463|31
2464|13
2465|6
2466|12
2467|10
2468|26
2469|21
2470|30
2471|40
2472|33
2473|15
2474|15
2475|29
2476|24
2477|7
2478|30
2479|43
2480|24
2481|45
2482|24
2483|3
2484|49
2485|3
2486|40
2487|17
2488|29
2489|1
2490|38
2491|10
2492|23
2493|35
2494|29
2495|11
2496|25
2497|49
2498|24
2499|48
2500|30
2501|22
2502|15
2503|17
2504|3
2505|39
2506|19
2507|40
2508|7
2509|28
2510|14
2511|2
2512|7
2513|43
2514|33
2515|38
2516|35
2517|9
2518|9
2519|39
2520|35
2521|15
2522|3
2523|12
2524|29
2525|33
2526|18
2527|32
2528|8
2529|5
2530|3
2531|8
2532|1
2533|37
2534|23
2535|16
2536|28
2537|10
2538|49
2539|48
2540|13
2541|3
2542|43
2543|44
2544|13
2545|47
2546|22
2547|46
2548|7
2549|21
2550|24
2551|37
2552|26
2553|29
2554|21
2555|1
2556|5
2557|32
2558|2
2559|8
2560|27
2561|12
2562|18
2563|44
2564|12
2565|21
2566|12
2567|40
2568|46
2569|48
2570|34
2571|24
2572|17
2573|3
2574|18
2575|13
2576|6
2577|15
2578|22
2579|18
2580|22
2581|15
2582|25
2583|12
2584|35
2585|11
2586|38
2587|1
2588|5
2589|4
2590|26
2591|19
2592|4
2593|38
2594|38
2595|0
2596|32
2597|44
2598|42
2599|6
2600|5
2601|17
2602|23
2603|44
2604|48
2605|11
2606|7
2607|45
2608|25
2609|10
2610|3
2611|35
2612|37
2613|20
2614|18
2615|40
2616|45
2617|24
2618|27
2619|31
2620|48
2621|23
2622|16
2623|33
2624|27
2625|7
2626|22
2627|9
2628|1
2629|24
2630|29
2631|36
2632|32
2633|36
2634|29
2635|39
2636|24
2637|35
2638|31
2639|29
2640|2
2641|26
2642|28
2643|47
2644|39
2645|9
2646|5
2647|27
2648|5
2649|29
2650|42
2651|5
2652|1
2653|2
2654|19
2655|11
2656|17
2657|18
2658|25
2659|44
2660|40
2661|10
2662|25
2663|26
2664|12
2665|37
2666|31
2667|30
2668|46
2669|46
2670|12
2671|48
2672|17
2673|12
2674|48
2675|39
2676|35
2677|1
2678|16
2679|42
2680|28
2681|44
2682|4
2683|12
2684|42
2685|38
2686|48
2687|4
2688|39
2689|39
2690|17
2691|49
2692|32
2693|19
2694|35
2695|1
2696|8
2697|47
2698|23
2699|5
2700|37
2701|6
2702|20
2703|28
2704|41
2705|24
2706|28
2707|40
2708|1
2709|36
2710|20
2711|19
2712|49
2713|6
2714|32
2715|48
2716|18
2717|44
2718|21
2719|8
2720|27
2721|23
2722|25
2723|12
2724|1
2725|28
2726|15
2727|18
2728|16
2729|19
2730|18
2731|36
2732|25
2733|40
2734|2
2735|25
2736|30
2737|34
2738|37
2739|36
2740|46
2741|47
2742|7
2743|38
2744|25
2745|22
2746|2
2747|19
2748|36
2749|37
2750|7
2751|33
2752|3
2753|8
2754|40
2755|3
2756|32
2757|32
2758|39
2759|49
2760|8
2761|17
2762|29
2763|46
2764|33
2765|34
2766|18
2767|9
2768|43
2769|3
2770|37
2771|33
2772|5
2773|34
2774|31
2775|38
2776|30
2777|12
2778|47
2779|27
2780|35
2781|27
2782|24
2783|12
2784|43
2785|31
2786|35
2787|10
2788|44
2789|42
2790|31
2791|48
2792|0
2793|27
2794|33
2795|2
2796|20
2797|11
2798|34
2799|37
2800|2
2801|17
2802|43
2803|6
2804|24
2805|21
2806|34
2807|38
2808|48
2809|12
2810|34
2811|26
2812|5
2813|40
2814|21
2815|36
2816|17
2817|38
2818|7
2819|21
2820|40
2821|43
2822|37
2823|13
2824|9
2825|47
2826|33
2827|6
2828|10
2829|26
2830|36
2831|26
2832|19
2833|49
2834|0
2835|0
2836|9
2837|7
2838|24
2839|2
2840|6
2841|2
2842|44
2843|20
2844|40
2845|17
2846|45
2847|35
2848|7
2849|49
2850|36
2851|11
2852|22
2853|11
2854|19
2855|35
2856|37
2857|15
2858|29
2859|33
2860|28
2861|4
2862|6
2863|10
2864|15
2865|18
2866|9
2867|33
2868|23
2869|12
2870|44
2871|18
2872|24
2873|2
2874|4
2875|21
2876|19
2877|25
2878|21
2879|13
2880|47
2881|16
2882|45
2883|43
2884|15
2885|25
2886|49
2887|35
2888|10
2889|29
2890|26
2891|46
2892|45
2893|4
2894|9
2895|9
2896|27
2897|22
2898|21
2899|48
2900|4
2901|10
2902|44
2903|49
2904|21
2905|32
2906|1
2907|3
2908|41
2909|49
2910|11
2911|48
2912|0
2913|8
2914|5
2915|29
2916|30
2917|3
2918|8
2919|31
2920|15
2921|21
2922|35
2923|15
2924|46
2925|35
2926|46
2927|16
2928|23
2929|41
2930|10
2931|36
2932|18
2933|12
2934|22
2935|29
2936|19
2937|14
2938|31
2939|20
2940|29
2941|19
2942|8
2943|39
2944|46
2945|5
2946|25
2947|5
2948|27
2949|16
2950|6
2951|3
2952|10
2953|49
2954|1
2955|20
2956|33
2957|34
2958|23
2959|8
2960|25
2961|35
2962|33
2963|3
2964|35
2965|39
2966|4
2967|6
2968|44
2969|18
2970|31
2971|21
2972|34
2973|32
2974|38
2975|15
2976|24
2977|40
2978|36
2979|49
2980|1
2981|34
2982|31
2983|36
2984|33
2985|49
2986|33
2987|46
2988|36
2989|16
2990|21
2991|25
2992|5
2993|28
2994|3
2995|37
2996|39
2997|28
2998|16
2999|34
3000|17
