0|30
1|15
2|28
3|42
4|48
5|33
6|29
7|1
8|44
9|9
10|25
11|37
12|48
13|44
14|23
15|35
16|43
17|0
18|37
19|34
20|27
21|42
22|27
23|48
24|33
25|22
26|48
27|1
28|22
29|39
30|6
31|23
32|22
33|41
34|3
35|6
36|35
37|32
38|43
39|41
40|24
41|39
42|17
43|10
44|10
45|38
46|49
47|25
48|35
49|15
50|10
51|36
52|12
53|8
54|30
55|11
56|19
57|21
58|31
59|12
60|10
61|16
62|45
63|47
64|21
65|23
66|4
67|25
68|31
69|47
70|11
71|20
72|36
73|0
74|12
75|47
76|41
77|11
78|35
79|38
80|18
81|34
82|46
83|13
84|33
85|17
86|30
87|10
88|0
89|26
90|39
91|44
92|22
93|6
94|38
95|39
96|27
97|41
98|22
99|42
100|38
101|48
102|1
103|22
104|37
105|34
106|25
107|10
108|32
109|20
110|48
111|22
112|17
113|21
114|8
115|46
116|22
117|8
118|47
119|27
120|34
121|49
122|33
123|18
124|10
125|42
126|22
127|23
128|49
129|31
130|43
131|30
132|18
133|36
134|29
135|25
136|23
137|19
138|38
139|6
140|27
141|43
142|22
143|25
144|47
145|37
146|49
147|49
148|44
149|15
150|8
151|11
152|32
153|33
154|42
155|11
156|40
157|10
158|11
159|31
160|40
161|26
162|42
163|2
164|23
165|40
166|17
167|28
168|12
169|48
170|26
171|38
172|16
173|4
174|15
175|41
176|2
177|0
178|6
179|0
180|5
181|37
182|45
183|44
184|24
185|4
186|34
187|16
188|31
189|18
190|35
191|9
192|39
193|19
194|30
195|4
196|14
197|16
198|28
199|37
200|32
201|46
202|35
203|49
204|16
205|34
206|13
207|10
208|9
209|33
210|45
211|44
212|36
213|2
214|32
215|44
216|25
217|4
218|16
219|8
220|1
221|21
222|41
223|15
224|11
225|3
226|5
227|40
228|43
229|28
230|25
231|41
232|15
233|47
234|30
235|11
236|17
237|19
238|34
239|17
240|9
241|27
242|36
243|37
244|14
245|48
246|3
247|12
248|24
249|33
250|21
251|34
252|3
253|22
254|43
255|20
256|38
257|30
258|0
259|31
260|46
261|1
262|40
263|24
264|3
265|21
266|42
267|24
268|13
269|22
270|49
271|37
272|34
273|20
274|26
275|7
276|11
277|24
278|15
279|44
280|4
281|5
282|47
283|6
284|31
285|47
286|17
287|26
288|33
289|42
290|8
291|0
292|17
293|7
294|35
295|41
296|25
297|10
298|46
299|1
300|0
301|42
302|37
303|4
304|21
305|28
306|20
307|3
308|19
309|47
310|10
311|43
312|27
313|28
314|47
315|45
316|34
317|20
318|34
319|42
320|31
321|34
322|42
323|26
324|40
325|12
326|6
327|16
328|16
329|10
330|33
331|9
332|14
333|0
334|0
335|37
336|36
337|36
338|25
339|24
340|25
341|27
342|22
343|45
344|0
345|37
346|24
347|17
348|17
349|30
350|14
351|46
352|7
353|14
354|12
355|21
356|6
357|14
358|41
359|12
360|10
361|15
362|7
363|3
364|27
365|47
366|42
367|29
368|6
369|13
370|22
371|19
372|9
373|38
374|44
375|3
376|13
377|7
378|6
379|45
380|12
381|1
382|13
383|22
384|34
385|21
386|44
387|42
388|43
389|47
390|15
391|28
392|41
393|48
394|32
395|16
396|33
397|42
398|31
399|30
400|29
401|5
402|47
403|35
404|7
405|35
406|48
407|29
408|30
409|15
410|42
411|3
412|12
413|42
414|47
415|7
416|2
417|24
418|33
419|36
420|5
421|13
422|37
423|42
424|44
425|23
426|49
427|42
428|7
429|6
430|29
431|27
432|45
433|25
434|45
435|20
436|41
437|42
438|35
439|37
440|45
441|45
442|37
443|16
444|20
445|3
446|8
447|15
448|40
449|35
450|17
451|20
452|44
453|32
454|45
455|8
456|37
457|27
458|9
459|21
460|31
461|46
462|11
463|30
464|27
465|24
466|43
467|30
468|1
469|42
470|3
471|1
472|9
473|21
474|41
475|21
476|12
477|14
478|21
479|47
480|43
481|9
482|34
483|6
484|4
485|36
486|39
487|0
488|45
489|35
490|1
491|22
492|11
493|9
494|0
495|15
496|37
497|34
498|37
499|2
500|29
501|0
502|32
503|27
504|26
505|46
506|23
507|33
508|12
509|32
510|31
511|8
512|44
513|36
514|14
515|30
516|14
517|7
518|21
519|36
520|39
521|7
522|14
523|18
524|7
525|43
526|47
527|12
528|42
529|23
530|7
531|6
532|12
533|19
534|10
535|13
536|39
537|16
538|26
539|43
540|29
541|10
542|4
543|30
544|6
545|3
546|48
547|45
548|36
549|39
550|23
551|12
552|37
553|0
554|42
555|20
556|45
557|13
558|18
559|47
560|8
561|4
562|30
563|38
564|46
565|38
566|35
567|45
568|12
569|46
570|28
571|42
572|9
573|46
574|42
575|35
576|3
577|18
578|37
579|3
580|42
581|8
582|38
583|38
584|22
585|33
586|14
587|4
588|6
589|45
590|21
591|34
592|6
593|0
594|36
595|31
596|33
597|22
598|14
599|17
600|9
601|13
602|48
603|45
604|2
605|24
606|3
607|27
608|18
609|16
610|30
611|18
612|40
613|33
614|34
615|32
616|8
617|48
618|23
619|41
620|34
621|27
622|6
623|23
624|33
625|29
626|17
627|49
628|5
629|34
630|30
631|45
632|39
633|5
634|11
635|43
636|46
637|9
638|5
639|26
640|32
641|38
642|25
643|40
644|12
645|22
646|39
647|18
648|19
649|29
650|37
651|13
652|37
653|40
654|48
655|46
656|43
657|42
658|1
659|23
660|0
661|37
662|7
663|12
664|10
665|11
666|40
667|47
668|43
669|33
670|23
671|10
672|34
673|18
674|19
675|49
676|14
677|7
678|44
679|13
680|39
681|25
682|43
683|47
684|33
685|17
686|0
687|13
688|15
689|18
690|6
691|44
692|35
693|6
694|49
695|29
696|29
697|41
698|41
699|2
700|39
701|7
702|24
703|5
704|9
705|13
706|33
707|18
708|9
709|45
710|19
711|48
712|10
713|28
714|38
715|31
716|5
717|24
718|29
719|22
720|18
721|25
722|16
723|5
724|8
725|5
726|20
727|16
728|4
729|48
730|22
731|17
732|22
733|17
734|45
735|16
736|15
737|37
738|11
739|45
740|5
741|19
742|28
743|15
744|43
745|49
746|44
747|40
748|21
749|41
750|29
751|47
752|45
753|41
754|43
755|12
756|27
757|13
758|42
759|20
760|33
761|36
762|37
763|1
764|15
765|15
766|11
767|48
768|29
769|28
770|0
771|30
772|26
773|23
774|26
775|21
776|0
777|45
778|23
779|1
780|10
781|9
782|4
783|4
784|29
785|29
786|1
787|43
788|32
789|34
790|8
791|5
792|12
793|11
794|11
795|3
796|30
797|42
798|33
799|11
800|22
801|29
802|35
803|22
804|46
805|17
806|13
807|18
808|18
809|18
810|18
811|11
812|45
813|20
814|42
815|3
816|0
817|18
818|20
819|47
820|41
821|6
822|44
823|47
824|4
825|13
826|16
827|27
828|5
829|32
830|12
831|20
832|33
833|1
834|8
835|13
836|39
837|16
838|33
839|12
840|8
841|39
842|35
843|11
844|35
845|25
846|9
847|2
848|39
849|6
850|32
851|26
852|24
853|22
854|31
855|41
856|11
857|7
858|6
859|48
860|6
861|0
862|26
863|28
864|29
865|49
866|16
867|14
868|10
869|46
870|15
871|33
872|9
873|48
874|22
875|44
876|45
877|44
878|14
879|28
880|24
881|20
882|31
883|2
884|28
885|17
886|33
887|3
888|28
889|1
890|42
891|46
892|39
893|43
894|46
895|9
896|49
897|19
898|10
899|1
900|35
901|29
902|21
903|16
904|6
905|48
906|4
907|25
908|39
909|23
910|18
911|19
912|43
913|18
914|4
915|45
916|7
917|23
918|6
919|44
920|4
921|5
922|22
923|46
924|17
925|17
926|17
927|12
928|30
929|35
930|27
931|19
932|32
933|40
934|19
935|39
936|41
937|4
938|8
939|49
940|10
941|25
942|48
943|6
944|2
945|32
946|13
947|1
948|11
949|28
950|22
951|48
952|10
953|37
954|6
955|18
956|16
957|20
958|1
959|27
960|42
961|30
962|25
963|4
964|29
965|44
966|30
967|29
968|25
969|38
970|10
971|5
972|20
973|36
974|20
975|20
976|13
977|32
978|22
979|35
980|40
981|49
982|7
983|3
984|34
985|26
986|48
987|47
988|4
989|18
990|30
991|22
992|34
993|21
994|12
995|29
996|34
997|9
998|42
999|38
1000|5
1001|48
1002|29
1003|37
1004|33
1005|19
1006|2
1007|1
1008|23
1009|42
1010|14
1011|17
1012|36
1013|30
1014|34
1015|43
1016|43
1017|27
1018|9
1019|2
1020|35
1021|2
1022|46
1023|24
1024|25
1025|47
1026|42
1027|17
1028|49
1029|31
1030|5
1031|6
1032|40
1033|5
1034|5
1035|2
1036|15
1037|2
1038|34
1039|30
1040|48
1041|28
1042|46
1043|23
1044|0
1045|25
1046|16
1047|6
1048|27
1049|17
1050|4
1051|24
1052|43
1053|13
1054|16
1055|3
1056|1
1057|34
1058|18
1059|9
1060|17
1061|3
1062|32
1063|9
1064|5
1065|18
1066|21
1067|26
1068|47
1069|19
1070|15
1071|42
1072|29
1073|20
1074|14
1075|42
1076|16
1077|29
1078|29
1079|30
1080|8
1081|46
1082|6
1083|30
1084|27
1085|31
1086|12
1087|18
1088|29
1089|24
1090|36
1091|20
1092|32
1093|49
1094|33
1095|26
1096|34
1097|1
1098|2
1099|14
1100|3
1101|18
1102|16
1103|47
1104|3
1105|26
1106|39
1107|14
1108|14
1109|43
1110|19
1111|37
1112|34
1113|10
1114|31
1115|9
1116|15
1117|38
1118|8
1119|27
1120|5
1121|32
1122|4
1123|41
1124|22
1125|28
1126|14
1127|23
1128|36
1129|41
1130|48
1131|48
1132|3
1133|33
1134|18
1135|3
1136|40
1137|30
1138|18
1139|14
1140|16
1141|21
1142|44
1143|38
1144|23
1145|34
1146|10
1147|6
1148|19
1149|0
1150|27
1151|30
1152|9
1153|31
1154|47
1155|29
1156|48
1157|30
1158|7
1159|17
1160|10
1161|19
1162|22
1163|47
1164|35
1165|35
1166|43
1167|42
1168|45
1169|17
1170|48
1171|0
1172|16
1173|9
1174|46
1175|33
1176|6
1177|25
1178|16
1179|34
1180|41
1181|12
1182|37
1183|33
1184|43
1185|37
1186|42
1187|43
1188|35
1189|29
1190|6
1191|42
1192|45
1193|31
1194|7
1195|15
1196|25
1197|15
1198|35
1199|4
1200|38
1201|37
1202|8
1203|49
1204|32
1205|26
1206|8
1207|41
1208|19
1209|36
1210|29
1211|42
1212|41
1213|17
1214|16
1215|37
1216|25
1217|0
1218|22
1219|14
1220|1
1221|22
1222|40
1223|4
1224|42
1225|27
1226|10
1227|47
1228|0
1229|18
1230|0
1231|4
1232|26
1233|11
1234|30
1235|21
1236|5
1237|22
1238|48
1239|2
1240|49
1241|3
1242|11
1243|40
1244|28
1245|49
1246|24
1247|28
1248|32
1249|33
1250|38
1251|25
1252|29
1253|39
1254|0
1255|1
1256|37
1257|36
1258|44
1259|21
1260|17
1261|21
1262|1
1263|19
1264|19
1265|4
1266|4
1267|47
1268|25
1269|37
1270|47
1271|34
1272|7
1273|46
1274|31
1275|36
1276|8
1277|30
1278|12
1279|37
1280|14
1281|37
1282|16
1283|15
1284|41
1285|31
1286|10
1287|8
1288|47
1289|45
1290|7
1291|46
1292|24
1293|34
1294|38
1295|23
1296|47
1297|0
1298|45
1299|8
1300|28
1301|34
1302|49
1303|0
1304|28
1305|26
1306|31
1307|45
1308|35
1309|49
1310|15
1311|16
1312|38
1313|36
1314|30
1315|38
1316|49
1317|29
1318|44
1319|33
1320|13
1321|2
1322|43
1323|19
1324|42
1325|47
1326|9
1327|9
1328|47
1329|3
1330|36
1331|39
1332|43
1333|30
1334|20
1335|24
1336|43
1337|38
1338|1
1339|37
1340|7
1341|11
1342|34
1343|25
1344|17
1345|35
1346|17
1347|49
1348|32
1349|37
1350|36
1351|5
1352|18
1353|48
1354|39
1355|7
1356|30
1357|35
1358|37
1359|44
1360|15
1361|26
1362|20
1363|9
1364|15
1365|15
1366|7
1367|29
1368|10
1369|42
1370|43
1371|26
1372|34
1373|36
1374|31
1375|32
1376|48
1377|11
1378|20
1379|6
1380|18
1381|35
1382|48
1383|23
1384|45
1385|10
1386|4
1387|49
1388|12
1389|26
1390|44
1391|40
1392|29
1393|6
1394|40
1395|31
1396|38
1397|41
1398|12
1399|26
1400|0
1401|40
1402|49
1403|37
1404|6
1405|10
1406|25
1407|34
1408|14
1409|6
1410|14
1411|42
1412|46
1413|27
1414|13
1415|19
1416|22
1417|8
1418|7
1419|44
1420|3
1421|16
1422|32
1423|0
1424|38
1425|19
1426|14
1427|14
1428|27
1429|33
1430|29
1431|49
1432|18
1433|45
1434|7
1435|18
1436|48
1437|15
1438|9
1439|33
1440|27
1441|14
1442|48
1443|47
1444|3
1445|38
1446|0
1447|9
1448|46
1449|2
1450|19
1451|47
1452|34
1453|44
1454|2
1455|4
1456|7
1457|12
1458|9
1459|25
1460|42
1461|45
1462|34
1463|26
1464|26
1465|30
1466|30
1467|26
1468|10
1469|16
1470|47
1471|32
1472|28
1473|26
1474|48
1475|18
1476|9
1477|21
1478|49
1479|49
1480|5
1481|43
1482|16
1483|4
1484|23
1485|26
1486|6
1487|15
1488|44
1489|40
1490|2
1491|3
1492|28
1493|44
1494|28
1495|33
1496|17
1497|33
1498|21
1499|18
1500|0
1501|36
1502|11
1503|2
1504|2
1505|47
1506|7
1507|36
1508|48
1509|4
1510|36
1511|19
1512|15
1513|40
1514|14
1515|41
1516|16
1517|46
1518|10
1519|7
1520|39
1521|13
1522|47
1523|30
1524|17
1525|4
1526|49
1527|12
1528|39
1529|35
1530|30
1531|49
1532|2
1533|27
1534|4
1535|41
1536|30
1537|47
1538|10
1539|2
1540|1
1541|39
1542|37
1543|27
1544|16
1545|13
1546|36
1547|5
1548|5
1549|44
1550|49
1551|23
1552|8
1553|47
1554|17
1555|49
1556|10
1557|1
1558|49
1559|9
1560|47
1561|5
1562|38
1563|0
1564|26
1565|35
1566|31
1567|27
1568|13
1569|15
1570|29
1571|41
1572|10
1573|1
1574|38
1575|33
1576|34
1577|20
1578|12
1579|44
1580|10
1581|32
1582|5
1583|15
1584|26
1585|47
1586|5
1587|8
1588|12
1589|38
1590|47
1591|0
1592|41
1593|3
1594|7
1595|34
1596|19
1597|47
1598|5
1599|10
1600|27
1601|6
1602|11
1603|28
1604|49
1605|0
1606|8
1607|39
1608|40
1609|6
1610|40
1611|42
1612|10
1613|32
1614|12
1615|3
1616|46
1617|14
1618|11
1619|34
1620|25
1621|16
1622|43
1623|49
1624|13
1625|3
1626|0
1627|2
1628|35
1629|12
1630|43
1631|31
1632|13
1633|46
1634|37
1635|22
1636|24
1637|14
1638|31
1639|7
1640|40
1641|48
1642|46
1643|10
1644|29
1645|6
1646|38
1647|17
1648|24
1649|42
1650|19
1651|21
1652|37
1653|37
1654|35
1655|46
1656|14
1657|34
1658|2
1659|31
1660|16
1661|24
1662|8
1663|5
1664|40
1665|15
1666|11
1667|30
1668|45
1669|8
1670|29
1671|42
1672|45
1673|9
1674|13
1675|4
1676|9
1677|17
1678|48
1679|9
1680|18
1681|14
1682|24
1683|32
1684|40
1685|45
1686|39
1687|30
1688|10
1689|35
1690|23
1691|26
1692|4
1693|9
1694|31
1695|15
1696|45
1697|46
1698|48
1699|31
1700|8
1701|23
1702|45
1703|1
1704|44
1705|31
1706|34
1707|17
1708|8
1709|20
1710|34
1711|49
1712|37
1713|47
1714|2
1715|45
1716|36
1717|1
1718|42
1719|0
1720|46
1721|20
1722|16
1723|10
1724|29
1725|19
1726|26
1727|16
1728|9
1729|4
1730|11
1731|18
1732|4
1733|37
1734|45
1735|16
1736|35
1737|10
1738|2
1739|48
1740|18
1741|28
1742|42
1743|41
1744|37
1745|17
1746|13
1747|3
1748|6
1749|17
1750|27
1751|46
1752|40
1753|26
1754|44
1755|34
1756|18
1757|3
1758|7
1759|16
1760|13
1761|31
1762|8
1763|48
1764|49
1765|8
1766|49
1767|38
1768|25
1769|29
1770|37
1771|40
1772|14
1773|14
1774|7
1775|26
1776|1
1777|32
1778|15
1779|32
1780|40
1781|38
1782|44
1783|35
1784|47
1785|4
1786|36
1787|33
1788|49
1789|32
1790|27
1791|9
1792|7
1793|22
1794|2
1795|40
1796|23
1797|31
1798|32
1799|8
1800|28
1801|3
1802|0
1803|46
1804|38
1805|7
1806|23
1807|44
1808|12
1809|5
1810|0
1811|47
1812|24
1813|8
1814|9
1815|49
1816|48
1817|36
1818|1
1819|22
1820|35
1821|8
1822|20
1823|29
1824|34
1825|4
1826|12
1827|1
1828|44
1829|46
1830|34
1831|48
1832|35
1833|15
1834|48
1835|9
1836|26
1837|37
1838|48
1839|46
1840|14
1841|15
1842|43
1843|23
1844|26
1845|25
1846|36
1847|36
1848|9
1849|36
1850|37
1851|19
1852|15
1853|33
1854|21
1855|15
1856|9
1857|15
1858|38
1859|43
1860|0
1861|22
1862|17
1863|9
1864|36
1865|13
1866|25
1867|33
1868|14
1869|5
1870|25
1871|8
1872|26
1873|40
1874|30
1875|21
1876|47
1877|38
1878|9
1879|27
1880|21
1881|27
1882|46
1883|7
1884|4
1885|6
1886|46
1887|43
1888|45
1889|21
1890|19
1891|13
1892|6
1893|38
1894|16
1895|5
1896|5
1897|7
1898|26
1899|12
1900|14
1901|45
1902|30
1903|44
1904|39
1905|35
1906|35
1907|14
1908|31
1909|29
1910|28
1911|44
1912|47
1913|24
1914|37
1915|36
1916|17
1917|21
1918|39
1919|14
1920|41
1921|49
1922|16
1923|49
1924|26
1925|5
1926|23
1927|14
1928|7
1929|24
1930|24
1931|38
1932|5
1933|43
1934|13
1935|35
1936|0
1937|44
1938|39
1939|21
1940|20
1941|17
1942|48
1943|30
1944|8
1945|1
1946|41
1947|12
1948|48
1949|8
1950|21
1951|28
1952|19
1953|36
1954|43
1955|25
1956|26
1957|40
1958|0
1959|48
1960|36
1961|9
1962|13
1963|27
1964|37
1965|20
1966|1
1967|29
1968|2
1969|39
1970|47
1971|49
1972|36
1973|41
1974|48
1975|27
1976|33
1977|5
1978|17
1979|6
1980|14
1981|22
1982|36
1983|36
1984|20
1985|10
1986|9
1987|44
1988|30
1989|16
1990|0
1991|35
1992|44
1993|32
1994|40
1995|38
1996|8
1997|12
1998|34
1999|25
2000|0
2001|8
2002|37
2003|26
2004|49
2005|25
2006|30
2007|23
2008|32
2009|2
2010|14
2011|32
2012|15
2013|18
2014|16
2015|0
2016|49
2017|43
2018|45
2019|44
2020|10
2021|10
2022|13
2023|39
2024|20
2025|5
2026|36
2027|42
2028|18
2029|24
2030|24
2031|48
2032|33
2033|47
2034|12
2035|15
2036|18
2037|35
2038|12
2039|46
2040|48
2041|16
2042|16
2043|16
2044|9
2045|28
2046|9
2047|24
2048|27
2049|10
2050|26
2051|45
2052|40
2053|5
2054|39
2055|34
2056|17
2057|41
2058|23
2059|26
2060|9
2061|15
2062|7
2063|12
2064|23
2065|38
2066|47
2067|0
2068|28
2069|25
2070|40
2071|26
2072|31
2073|21
2074|16
2075|49
2076|35
2077|22
2078|31
2079|38
2080|43
2081|0
2082|6
2083|0
2084|15
2085|6
2086|33
2087|14
2088|9
2089|31
2090|8
2091|20
2092|10
2093|5
2094|48
2095|7
2096|29
2097|5
2098|15
2099|10
2100|47
2101|14
2102|3
2103|1
2104|15
2105|1
2106|9
2107|38
2108|35
2109|27
2110|15
2111|14
2112|21
2113|6
2114|35
2115|36
2116|5
2117|29
2118|1
2119|3
2120|46
2121|1
2122|28
2123|47
2124|37
2125|44
2126|1
2127|19
2128|34
2129|44
2130|24
2131|15
2132|26
2133|19
2134|7
2135|3
2136|10
2137|28
2138|7
2139|16
2140|39
2141|25
2142|2
2143|18
2144|28
2145|42
2146|27
2147|26
2148|6
2149|17
2150|49
2151|9
2152|22
2153|0
2154|2
2155|45
2156|35
2157|24
2158|14
2159|18
2160|24
2161|21
2162|33
2163|10
2164|14
2165|44
2166|10
2167|25
2168|16
2169|0
2170|36
2171|26
2172|19
2173|3
2174|14
2175|20
2176|42
2177|24
2178|29
2179|27
2180|35
2181|37
2182|29
2183|32
2184|6
2185|23
2186|11
2187|19
2188|31
2189|46
2190|4
2191|30
2192|18
2193|9
2194|17
2195|25
2196|35
2197|41
2198|21
2199|23
2200|2
2201|1
2202|43
2203|1
2204|49
2205|4
2206|23
2207|12
2208|21
2209|29
2210|45
2211|24
2212|25
2213|42
2214|19
2215|48
2216|23
2217|42
2218|25
2219|5
2220|30
2221|22
2222|11
2223|29
2224|28
2225|4
2226|30
2227|11
2228|12
2229|30
2230|38
2231|48
2232|34
2233|31
2234|2
2235|14
2236|39
2237|0
2238|13
2239|44
2240|43
2241|20
2242|25
2243|16
2244|48
2245|13
2246|18
2247|12
2248|21
2249|39
2250|44
2251|18
2252|21
2253|32
2254|22
2255|13
2256|8
2257|41
2258|1
2259|14
2260|49
2261|36
2262|27
2263|20
2264|37
2265|31
2266|19
2267|39
2268|21
2269|37
2270|22
2271|36
2272|15
2273|44
2274|48
2275|35
2276|13
2277|31
2278|9
2279|32
2280|14
2281|1
2282|13
2283|19
2284|18
2285|44
2286|43
2287|2
2288|19
2289|21
2290|29
2291|25
2292|27
2293|24
2294|24
2295|25
2296|20
2297|5
2298|30
2299|23
2300|4
2301|49
2302|35
2303|30
2304|23
2305|17
2306|19
2307|20
2308|24
2309|17
2310|4
2311|21
2312|5
2313|3
2314|33
2315|9
2316|24
2317|48
2318|22
2319|19
2320|0
2321|40
2322|24
2323|5
2324|15
2325|22
2326|24
2327|40
2328|36
2329|28
2330|5
2331|12
2332|2
2333|27
2334|10
2335|32
2336|13
2337|1
2338|15
2339|21
2340|13
2341|0
2342|11
2343|3
2344|28
2345|7
2346|41
2347|41
2348|25
2349|20
2350|25
2351|27
2352|9
2353|4
2354|33
2355|47
2356|4
2357|31
2358|13
2359|19
2360|2
2361|43
2362|0
2363|49
2364|49
2365|43
2366|43
2367|44
2368|38
2369|41
2370|49
2371|7
2372|37
2373|9
2374|48
2375|7
2376|23
2377|12
2378|9
2379|10
2380|47
2381|29
2382|10
2383|32
2384|47
2385|14
2386|15
2387|16
2388|46
2389|11
2390|19
2391|17
2392|2
2393|0
2394|5
2395|23
2396|9
2397|43
2398|35
2399|39
2400|47
2401|27
2402|17
2403|10
2404|12
2405|44
2406|15
2407|15
2408|3
2409|48
2410|36
2411|15
2412|19
2413|11
2414|20
2415|15
2416|13
2417|43
2418|12
2419|19
2420|10
2421|28
2422|7
2423|3
2424|13
2425|43
2426|0
2427|42
2428|25
2429|1
2430|26
2431|17
2432|46
2433|40
2434|28
2435|9
2436|41
2437|16
2438|9
2439|3
2440|6
2441|42
2442|27
2443|1
2444|13
2445|42
2446|3
2447|36
2448|20
2449|9
2450|1
2451|3
2452|14
2453|21
2454|7
2455|43
2456|40
2457|33
2458|3
2459|45
2460|5
2461|27
2462|0
2463|3
2464|39
2465|49
2466|19
2467|10
2468|25
2469|21
2470|19
2471|21
2472|13
2473|13
2474|10
2475|7
2476|16
2477|19
2478|6
2479|30
2480|33
2481|11
2482|7
2483|31
2484|14
2485|10
2486|18
2487|27
2488|43
2489|45
2490|12
2491|6
2492|36
2493|29
2494|48
2495|42
2496|2
2497|40
2498|34
2499|24
2500|5
2501|27
2502|45
2503|27
2504|42
2505|43
2506|30
2507|8
2508|29
2509|4
2510|15
2511|3
2512|17
2513|20
2514|39
2515|46
2516|4
2517|38
2518|4
2519|27
2520|23
2521|45
2522|15
2523|21
2524|1
2525|20
2526|47
2527|18
2528|34
2529|34
2530|9
2531|27
2532|4
2533|1
2534|41
2535|15
2536|38
2537|39
2538|2
2539|25
2540|34
2541|11
2542|42
2543|30
2544|6
2545|32
2546|43
2547|5
2548|48
2549|25
2550|27
2551|33
2552|40
2553|14
2554|33
2555|21
2556|39
2557|32
2558|12
2559|36
2560|32
2561|41
2562|11
2563|12
2564|44
2565|45
2566|17
2567|29
2568|18
2569|47
2570|19
2571|43
2572|43
2573|12
2574|22
2575|19
2576|43
2577|35
2578|18
2579|3
2580|5
2581|11
2582|45
2583|33
2584|39
2585|49
2586|14
2587|43
2588|17
2589|39
2590|1
2591|11
2592|0
2593|20
2594|32
2595|46
2596|46
2597|18
2598|29
2599|43
2600|38
2601|29
2602|37
2603|31
2604|21
2605|47
2606|9
2607|6
2608|22
2609|34
2610|7
2611|18
2612|41
2613|45
2614|26
2615|3
2616|20
2617|24
2618|32
2619|10
2620|13
2621|15
2622|41
2623|29
2624|44
2625|39
2626|42
2627|10
2628|28
2629|39
2630|20
2631|9
2632|29
2633|36
2634|45
2635|7
2636|40
2637|30
2638|19
2639|9
2640|7
2641|22
2642|8
2643|39
2644|46
2645|14
2646|3
2647|19
2648|21
2649|20
2650|38
2651|29
2652|42
2653|9
2654|24
2655|18
2656|28
2657|27
2658|39
2659|33
2660|42
2661|44
2662|0
2663|29
2664|11
2665|33
2666|39
2667|44
2668|44
2669|30
2670|44
2671|46
2672|28
2673|39
2674|34
2675|24
2676|14
2677|38
2678|7
2679|3
2680|13
2681|25
2682|49
2683|35
2684|44
2685|24
2686|7
2687|36
2688|31
2689|17
2690|19
2691|10
2692|20
2693|41
2694|47
2695|47
2696|48
2697|30
2698|6
2699|3
2700|17
2701|41
2702|49
2703|37
2704|17
2705|4
2706|28
2707|43
2708|35
2709|35
2710|0
2711|2
2712|36
2713|37
2714|47
2715|17
2716|37
2717|36
2718|34
2719|27
2720|6
2721|1
2722|42
2723|34
2724|42
2725|24
2726|12
2727|8
2728|6
2729|26
2730|17
2731|15
2732|39
2733|19
2734|22
2735|14
2736|36
2737|46
2738|4
2739|37
2740|40
2741|44
2742|11
2743|47
2744|43
2745|48
2746|23
2747|40
2748|44
2749|14
2750|33
2751|23
2752|7
2753|22
2754|48
2755|2
2756|27
2757|16
2758|7
2759|39
2760|15
2761|32
2762|4
2763|22
2764|10
2765|18
2766|47
2767|43
2768|4
2769|7
2770|39
2771|28
2772|41
2773|13
2774|1
2775|10
2776|32
2777|30
2778|18
2779|27
2780|15
2781|18
2782|45
2783|40
2784|48
2785|12
2786|45
2787|11
2788|37
2789|6
2790|28
2791|12
2792|38
2793|22
2794|5
2795|9
2796|17
2797|41
2798|5
2799|28
2800|2
2801|39
2802|14
2803|34
2804|6
2805|40
2806|3
2807|22
2808|36
2809|1
2810|21
2811|18
2812|31
2813|18
2814|10
2815|11
2816|34
2817|35
2818|41
2819|17
2820|10
2821|22
2822|18
2823|6
2824|19
2825|29
2826|30
2827|32
2828|44
2829|43
2830|44
2831|37
2832|42
2833|27
2834|31
2835|36
2836|9
2837|42
2838|13
2839|35
2840|46
2841|40
2842|11
2843|19
2844|7
2845|23
2846|42
2847|47
2848|39
2849|22
2850|26
2851|13
2852|2
2853|20
2854|23
2855|1
2856|19
2857|33
2858|21
2859|8
2860|49
2861|38
2862|44
2863|15
2864|46
2865|2
2866|49
2867|13
2868|14
2869|30
2870|47
2871|24
2872|46
2873|39
2874|44
2875|39
2876|19
2877|40
2878|21
2879|8
2880|38
2881|42
2882|36
2883|11
2884|9
2885|20
2886|25
2887|3
2888|29
2889|22
2890|42
2891|32
2892|30
2893|9
2894|32
2895|2
2896|1
2897|42
2898|33
2899|6
2900|49
2901|40
2902|43
2903|7
2904|37
2905|47
2906|0
2907|44
2908|35
2909|39
2910|10
2911|47
2912|44
2913|2
2914|33
2915|22
2916|48
2917|33
2918|23
2919|13
2920|34
2921|44
2922|25
2923|17
2924|47
2925|48
2926|12
2927|13
2928|21
2929|46
2930|23
2931|22
2932|49
2933|36
2934|0
2935|13
2936|20
2937|49
2938|20
2939|35
2940|22
2941|0
2942|26
2943|49
2944|49
2945|2
2946|31
2947|16
2948|23
2949|4
2950|1
2951|1
2952|41
2953|9
2954|20
2955|14
2956|41
2957|13
2958|36
2959|6
2960|39
2961|6
2962|26
2963|2
2964|44
2965|25
2966|27
2967|16
2968|8
2969|1
2970|3
2971|19
2972|46
2973|22
2974|36
2975|6
2976|22
2977|26
2978|42
2979|26
2980|40
2981|37
2982|21
2983|14
2984|14
2985|7
2986|15
2987|40
2988|12
2989|29
2990|27
2991|6
2992|0
2993|0
2994|23
2995|41
2996|16
2997|26
2998|15
2999|20
3000|6
