0|35
1|38
2|7
3|24
4|22
5|31
6|38
7|25
8|27
9|21
10|42
11|38
12|30
13|20
14|31
15|37
16|19
17|25
18|36
19|49
20|42
21|12
22|34
23|32
24|8
25|32
26|16
27|38
28|9
29|1
30|22
31|42
32|6
33|9
34|5
35|37
36|41
37|32
38|30
39|1
40|36
41|49
42|34
43|9
44|46
45|1
46|23
47|4
48|25
49|33
50|46
51|8
52|47
53|9
54|26
55|3
56|4
57|19
58|19
59|36
60|39
61|38
62|30
63|43
64|32
65|28
66|14
67|27
68|6
69|46
70|4
71|23
72|4
73|45
74|12
75|40
76|43
77|48
78|46
79|29
80|7
81|49
82|10
83|23
84|41
85|39
86|24
87|21
88|29
89|39
90|47
91|21
92|0
93|21
94|37
95|13
96|29
97|12
98|11
99|45
100|3
101|48
102|14
103|43
104|4
105|10
106|1
107|28
108|37
109|22
110|17
111|36
112|21
113|13
114|2
115|28
116|34
117|38
118|43
119|21
120|17
121|46
122|14
123|19
124|27
125|31
126|7
127|41
128|10
129|45
130|24
131|35
132|11
133|25
134|38
135|14
136|18
137|36
138|25
139|49
140|45
141|17
142|15
143|44
144|38
145|4
146|35
147|40
148|34
149|18
150|16
151|4
152|35
153|14
154|26
155|19
156|15
157|26
158|35
159|20
160|29
161|9
162|21
163|48
164|25
165|28
166|1
167|0
168|33
169|46
170|21
171|38
172|31
173|21
174|23
175|45
176|46
177|48
178|28
179|44
180|28
181|21
182|46
183|39
184|21
185|22
186|48
187|25
188|25
189|5
190|16
191|40
192|38
193|30
194|42
195|29
196|30
197|43
198|35
199|8
200|32
201|30
202|19
203|44
204|6
205|19
206|27
207|26
208|23
209|11
210|47
211|10
212|40
213|19
214|9
215|44
216|1
217|29
218|0
219|43
220|2
221|48
222|7
223|13
224|3
225|34
226|6
227|48
228|19
229|24
230|0
231|26
232|37
233|14
234|1
235|27
236|46
237|18
238|12
239|18
240|30
241|12
242|10
243|28
244|43
245|30
246|33
247|30
248|25
249|27
250|30
251|27
252|10
253|24
254|48
255|46
256|12
257|43
258|15
259|5
260|18
261|44
262|5
263|35
264|14
265|41
266|9
267|34
268|39
269|32
270|27
271|2
272|27
273|5
274|9
275|0
276|24
277|28
278|17
279|37
280|35
281|16
282|9
283|22
284|46
285|32
286|46
287|3
288|16
289|32
290|25
291|20
292|4
293|15
294|17
295|16
296|42
297|22
298|27
299|46
300|10
301|8
302|40
303|3
304|7
305|49
306|22
307|26
308|21
309|47
310|35
311|18
312|10
313|20
314|19
315|22
316|43
317|30
318|36
319|2
320|5
321|1
322|13
323|13
324|16
325|14
326|32
327|32
328|44
329|3
330|22
331|17
332|33
333|49
334|16
335|20
336|48
337|41
338|24
339|38
340|23
341|17
342|45
343|27
344|32
345|40
346|2
347|8
348|22
349|3
350|6
351|34
352|47
353|38
354|29
355|3
356|23
357|36
358|37
359|4
360|42
361|16
362|7
363|5
364|9
365|35
366|38
367|10
368|31
369|35
370|31
371|22
372|6
373|23
374|45
375|45
376|29
377|21
378|40
379|6
380|34
381|7
382|37
383|9
384|44
385|22
386|17
387|7
388|32
389|5
390|27
391|23
392|7
393|20
394|18
395|34
396|36
397|46
398|38
399|0
400|43
401|29
402|17
403|1
404|10
405|35
406|10
407|18
408|45
409|17
410|21
411|40
412|37
413|9
414|22
415|4
416|30
417|31
418|41
419|7
420|45
421|8
422|15
423|48
424|38
425|45
426|49
427|10
428|3
429|27
430|35
431|13
432|32
433|21
434|47
435|34
436|5
437|34
438|33
439|37
440|40
441|28
442|24
443|37
444|32
445|39
446|35
447|6
448|38
449|1
450|28
451|8
452|25
453|31
454|1
455|30
456|7
457|24
458|6
459|11
460|9
461|45
462|24
463|2
464|43
465|14
466|33
467|3
468|33
469|47
470|27
471|10
472|12
473|21
474|38
475|29
476|6
477|13
478|41
479|18
480|22
481|4
482|47
483|27
484|39
485|40
486|27
487|40
488|43
489|21
490|37
491|23
492|16
493|2
494|25
495|24
496|7
497|16
498|13
499|1
500|41
501|28
502|48
503|44
504|35
505|36
506|45
507|19
508|16
509|1
510|5
511|24
512|26
513|6
514|31
515|22
516|20
517|28
518|45
519|20
520|10
521|2
522|1
523|23
524|37
525|49
526|39
527|3
528|42
529|35
530|48
531|48
532|47
533|46
534|7
535|26
536|48
537|17
538|7
539|39
540|19
541|10
542|23
543|42
544|30
545|49
546|26
547|36
548|11
549|40
550|30
551|25
552|25
553|4
554|30
555|32
556|31
557|26
558|1
559|30
560|8
561|47
562|42
563|41
564|48
565|31
566|27
567|35
568|47
569|26
570|46
571|9
572|20
573|29
574|36
575|1
576|34
577|45
578|26
579|43
580|22
581|9
582|34
583|45
584|13
585|35
586|43
587|30
588|7
589|29
590|3
591|31
592|44
593|32
594|35
595|46
596|49
597|17
598|30
599|30
600|12
601|47
602|34
603|7
604|45
605|37
606|39
607|11
608|4
609|29
610|33
611|17
612|10
613|44
614|3
615|31
616|45
617|42
618|16
619|36
620|36
621|42
622|6
623|33
624|37
625|40
626|12
627|36
628|43
629|40
630|7
631|8
632|6
633|2
634|38
635|28
636|33
637|3
638|24
639|0
640|39
641|34
642|20
643|37
644|45
645|8
646|28
647|29
648|15
649|46
650|45
651|3
652|46
653|47
654|23
655|24
656|31
657|28
658|45
659|39
660|15
661|34
662|45
663|36
664|13
665|33
666|5
667|4
668|27
669|19
670|42
671|32
672|27
673|13
674|10
675|25
676|29
677|40
678|17
679|26
680|24
681|37
682|33
683|35
684|4
685|4
686|42
687|9
688|31
689|36
690|38
691|3
692|41
693|47
694|8
695|13
696|28
697|12
698|13
699|22
700|4
701|28
702|22
703|3
704|16
705|39
706|40
707|14
708|4
709|11
710|46
711|10
712|22
713|11
714|37
715|41
716|18
717|1
718|26
719|46
720|14
721|14
722|10
723|44
724|14
725|38
726|39
727|42
728|49
729|43
730|18
731|3
732|3
733|12
734|12
735|44
736|42
737|9
738|24
739|4
740|34
741|29
742|13
743|0
744|11
745|48
746|44
747|45
748|20
749|30
750|42
751|36
752|24
753|49
754|43
755|48
756|9
757|2
758|23
759|42
760|26
761|4
762|10
763|11
764|30
765|0
766|47
767|3
768|17
769|13
770|36
771|47
772|32
773|21
774|3
775|14
776|29
777|35
778|33
779|19
780|40
781|35
782|23
783|7
784|6
785|0
786|47
787|5
788|33
789|14
790|5
791|16
792|47
793|27
794|3
795|41
796|30
797|13
798|30
799|6
800|20
801|22
802|20
803|19
804|4
805|28
806|41
807|13
808|24
809|34
810|41
811|13
812|30
813|19
814|9
815|24
816|2
817|17
818|3
819|19
820|7
821|20
822|31
823|16
824|41
825|25
826|6
827|34
828|18
829|9
830|18
831|18
832|43
833|22
834|16
835|18
836|27
837|18
838|2
839|18
840|9
841|39
842|1
843|25
844|9
845|2
846|17
847|10
848|29
849|32
850|24
851|14
852|47
853|44
854|35
855|3
856|20
857|38
858|19
859|12
860|33
861|33
862|5
863|47
864|2
865|27
866|27
867|3
868|24
869|3
870|10
871|8
872|26
873|38
874|42
875|1
876|41
877|17
878|6
879|2
880|0
881|25
882|43
883|38
884|10
885|16
886|9
887|7
888|27
889|12
890|8
891|7
892|8
893|28
894|34
895|18
896|49
897|0
898|2
899|10
900|47
901|44
902|46
903|6
904|19
905|9
906|1
907|45
908|37
909|3
910|42
911|47
912|8
913|15
914|5
915|27
916|33
917|1
918|14
919|39
920|35
921|8
922|2
923|37
924|0
925|26
926|28
927|47
928|0
929|37
930|35
931|6
932|49
933|48
934|10
935|12
936|20
937|10
938|14
939|35
940|44
941|10
942|28
943|45
944|23
945|33
946|7
947|30
948|27
949|32
950|16
951|3
952|49
953|49
954|19
955|48
956|3
957|3
958|31
959|11
960|44
961|3
962|12
963|21
964|6
965|44
966|7
967|2
968|11
969|12
970|47
971|17
972|3
973|27
974|42
975|24
976|20
977|5
978|32
979|17
980|15
981|44
982|31
983|38
984|49
985|43
986|33
987|42
988|2
989|47
990|18
991|38
992|7
993|4
994|27
995|17
996|32
997|30
998|24
999|41
1000|29
1001|49
1002|10
1003|7
1004|49
1005|30
1006|15
1007|29
1008|23
1009|25
1010|31
1011|11
1012|1
1013|8
1014|32
1015|45
1016|48
1017|38
1018|1
1019|15
1020|24
1021|47
1022|40
1023|39
1024|21
1025|40
1026|44
1027|41
1028|11
1029|20
1030|11
1031|47
1032|12
1033|15
1034|47
1035|45
1036|18
1037|7
1038|36
1039|24
1040|6
1041|2
1042|44
1043|20
1044|38
1045|23
1046|12
1047|21
1048|42
1049|14
1050|17
1051|2
1052|26
1053|7
1054|7
1055|1
1056|36
1057|15
1058|34
1059|1
1060|3
1061|15
1062|46
1063|24
1064|20
1065|7
1066|4
1067|47
1068|21
1069|6
1070|42
1071|21
1072|39
1073|20
1074|31
1075|17
1076|5
1077|22
1078|18
1079|29
1080|15
1081|40
1082|15
1083|2
1084|18
1085|17
1086|20
1087|41
1088|22
1089|49
1090|1
1091|40
1092|5
1093|47
1094|33
1095|11
1096|15
1097|22
1098|3
1099|26
1100|47
1101|43
1102|30
1103|11
1104|34
1105|31
1106|36
1107|8
1108|5
1109|2
1110|46
1111|30
1112|37
1113|41
1114|26
1115|43
1116|7
1117|41
1118|0
1119|44
1120|40
1121|21
1122|41
1123|33
1124|21
1125|27
1126|2
1127|30
1128|15
1129|24
1130|49
1131|12
1132|47
1133|0
1134|14
1135|28
1136|12
1137|27
1138|9
1139|6
1140|9
1141|41
1142|35
1143|5
1144|26
1145|13
1146|24
1147|2
1148|31
1149|40
1150|43
1151|31
1152|9
1153|8
1154|33
1155|20
1156|22
1157|12
1158|7
1159|0
1160|36
1161|33
1162|30
1163|30
1164|48
1165|28
1166|47
1167|21
1168|1
1169|44
1170|7
1171|2
1172|19
1173|40
1174|42
1175|37
1176|2
1177|48
1178|43
1179|19
1180|40
1181|46
1182|46
1183|19
1184|33
1185|3
1186|15
1187|14
1188|43
1189|44
1190|40
1191|15
1192|31
1193|31
1194|4
1195|22
1196|46
1197|38
1198|32
1199|48
1200|40
1201|2
1202|17
1203|10
1204|48
1205|44
1206|19
1207|15
1208|46
1209|23
1210|36
1211|28
1212|32
1213|0
1214|44
1215|33
1216|40
1217|28
1218|44
1219|18
1220|1
1221|48
1222|3
1223|36
1224|16
1225|41
1226|20
1227|17
1228|26
1229|0
1230|17
1231|37
1232|14
1233|31
1234|44
1235|34
1236|46
1237|39
1238|43
1239|30
1240|0
1241|29
1242|43
1243|24
1244|44
1245|34
1246|18
1247|28
1248|34
1249|24
1250|38
1251|32
1252|37
1253|42
1254|36
1255|29
1256|25
1257|20
1258|2
1259|27
1260|11
1261|18
1262|12
1263|3
1264|8
1265|17
1266|27
1267|16
1268|33
1269|31
1270|29
1271|17
1272|36
1273|24
1274|48
1275|49
1276|30
1277|43
1278|32
1279|26
1280|28
1281|46
1282|5
1283|42
1284|25
1285|35
1286|46
1287|37
1288|16
1289|24
1290|44
1291|41
1292|42
1293|38
1294|36
1295|8
1296|18
1297|8
1298|31
1299|32
1300|25
1301|1
1302|38
1303|2
1304|13
1305|26
1306|6
1307|4
1308|39
1309|30
1310|13
1311|24
1312|14
1313|27
1314|1
1315|48
1316|18
1317|6
1318|11
1319|39
1320|7
1321|33
1322|11
1323|16
1324|42
1325|12
1326|13
1327|8
1328|45
1329|34
1330|33
1331|36
1332|28
1333|38
1334|2
1335|38
1336|35
1337|31
1338|7
1339|45
1340|19
1341|47
1342|28
1343|6
1344|27
1345|42
1346|36
1347|6
1348|49
1349|33
1350|27
1351|36
1352|47
1353|14
1354|31
1355|28
1356|43
1357|44
1358|25
1359|44
1360|3
1361|39
1362|23
1363|46
1364|19
1365|3
1366|12
1367|49
1368|17
1369|14
1370|17
1371|48
1372|35
1373|7
1374|3
1375|21
1376|17
1377|4
1378|31
1379|35
1380|15
1381|8
1382|3
1383|49
1384|0
1385|36
1386|22
1387|11
1388|12
1389|1
1390|4
1391|27
1392|4
1393|18
1394|38
1395|24
1396|32
1397|12
1398|19
1399|26
1400|45
1401|16
1402|30
1403|7
1404|6
1405|44
1406|37
1407|25
1408|24
1409|4
1410|3
1411|22
1412|31
1413|48
1414|6
1415|17
1416|26
1417|13
1418|9
1419|21
1420|42
1421|12
1422|14
1423|16
1424|2
1425|3
1426|35
1427|18
1428|48
1429|19
1430|41
1431|49
1432|38
1433|9
1434|19
1435|6
1436|46
1437|7
1438|5
1439|39
1440|23
1441|27
1442|44
1443|39
1444|9
1445|42
1446|10
1447|13
1448|43
1449|3
1450|34
1451|8
1452|32
1453|11
1454|5
1455|30
1456|8
1457|30
1458|30
1459|17
1460|0
1461|49
1462|42
1463|37
1464|21
1465|33
1466|46
1467|19
1468|46
1469|20
1470|11
1471|3
1472|9
1473|22
1474|13
1475|23
1476|12
1477|34
1478|32
1479|20
1480|41
1481|48
1482|3
1483|18
1484|31
1485|34
1486|39
1487|21
1488|34
1489|40
1490|19
1491|35
1492|46
1493|29
1494|5
1495|26
1496|34
1497|33
1498|25
1499|30
1500|45
1501|5
1502|20
1503|34
1504|8
1505|37
1506|47
1507|1
1508|21
1509|17
1510|39
1511|23
1512|18
1513|7
1514|25
1515|33
1516|33
1517|11
1518|20
1519|11
1520|49
1521|0
1522|2
1523|19
1524|33
1525|45
1526|44
1527|10
1528|0
1529|18
1530|29
1531|43
1532|38
1533|10
1534|9
1535|48
1536|25
1537|27
1538|49
1539|35
1540|39
1541|40
1542|28
1543|2
1544|25
1545|37
1546|44
1547|4
1548|33
1549|46
1550|32
1551|9
1552|13
1553|48
1554|44
1555|17
1556|45
1557|21
1558|5
1559|6
1560|44
1561|43
1562|48
1563|3
1564|44
1565|4
1566|24
1567|16
1568|20
1569|2
1570|29
1571|24
1572|49
1573|29
1574|32
1575|44
1576|24
1577|16
1578|0
1579|16
1580|14
1581|21
1582|21
1583|27
1584|10
1585|10
1586|45
1587|26
1588|32
1589|22
1590|32
1591|12
1592|12
1593|39
1594|24
1595|12
1596|37
1597|19
1598|20
1599|9
1600|22
1601|12
1602|23
1603|10
1604|20
1605|32
1606|43
1607|15
1608|7
1609|48
1610|49
1611|11
1612|31
1613|7
1614|49
1615|27
1616|27
1617|3
1618|1
1619|48
1620|43
1621|9
1622|9
1623|10
1624|42
1625|15
1626|48
1627|1
1628|46
1629|13
1630|18
1631|4
1632|17
1633|28
1634|27
1635|37
1636|8
1637|24
1638|29
1639|38
1640|39
1641|37
1642|0
1643|20
1644|43
1645|4
1646|44
1647|38
1648|42
1649|49
1650|1
1651|35
1652|11
1653|38
1654|2
1655|12
1656|29
1657|35
1658|2
1659|46
1660|25
1661|44
1662|8
1663|48
1664|30
1665|47
1666|46
1667|30
1668|10
1669|26
1670|49
1671|41
1672|5
1673|26
1674|9
1675|19
1676|9
1677|21
1678|49
1679|18
1680|20
1681|28
1682|41
1683|39
1684|10
1685|22
1686|5
1687|22
1688|4
1689|0
1690|18
1691|6
1692|34
1693|37
1694|9
1695|16
1696|22
1697|45
1698|46
1699|31
1700|3
1701|42
1702|18
1703|9
1704|17
1705|12
1706|12
1707|39
1708|32
1709|37
1710|49
1711|20
1712|2
1713|45
1714|17
1715|37
1716|22
1717|40
1718|22
1719|35
1720|1
1721|30
1722|17
1723|29
1724|45
1725|27
1726|8
1727|33
1728|41
1729|16
1730|15
1731|23
1732|49
1733|23
1734|21
1735|48
1736|46
1737|17
1738|36
1739|2
1740|4
1741|36
1742|30
1743|35
1744|39
1745|31
1746|23
1747|29
1748|45
1749|48
1750|45
1751|27
1752|37
1753|49
1754|25
1755|42
1756|0
1757|12
1758|41
1759|7
1760|33
1761|43
1762|42
1763|46
1764|40
1765|15
1766|33
1767|14
1768|12
1769|44
1770|13
1771|7
1772|14
1773|17
1774|1
1775|36
1776|22
1777|16
1778|40
1779|8
1780|0
1781|7
1782|35
1783|12
1784|32
1785|45
1786|24
1787|32
1788|2
1789|49
1790|37
1791|37
1792|5
1793|18
1794|39
1795|30
1796|27
1797|20
1798|24
1799|46
1800|41
1801|41
1802|30
1803|44
1804|7
1805|6
1806|34
1807|17
1808|1
1809|18
1810|21
1811|40
1812|46
1813|39
1814|39
1815|41
1816|33
1817|19
1818|14
1819|13
1820|13
1821|27
1822|29
1823|25
1824|3
1825|33
1826|33
1827|35
1828|26
1829|24
1830|23
1831|24
1832|16
1833|32
1834|7
1835|15
1836|43
1837|27
1838|40
1839|16
1840|3
1841|26
1842|35
1843|28
1844|11
1845|18
1846|49
1847|27
1848|46
1849|46
1850|20
1851|24
1852|20
1853|46
1854|28
1855|40
1856|37
1857|25
1858|12
1859|47
1860|42
1861|29
1862|43
1863|22
1864|29
1865|28
1866|44
1867|16
1868|7
1869|2
1870|18
1871|34
1872|4
1873|42
1874|40
1875|34
1876|37
1877|36
1878|32
1879|19
1880|12
1881|38
1882|17
1883|6
1884|18
1885|43
1886|29
1887|34
1888|25
1889|3
1890|42
1891|25
1892|10
1893|27
1894|26
1895|23
1896|5
1897|1
1898|27
1899|43
1900|43
1901|11
1902|43
1903|6
1904|22
1905|5
1906|10
1907|35
1908|18
1909|35
1910|20
1911|15
1912|30
1913|29
1914|36
1915|31
1916|14
1917|45
1918|14
1919|18
1920|35
1921|7
1922|15
1923|27
1924|30
1925|2
1926|16
1927|18
1928|27
1929|20
1930|38
1931|8
1932|13
1933|44
1934|29
1935|40
1936|31
1937|39
1938|7
1939|41
1940|25
1941|49
1942|6
1943|26
1944|46
1945|40
1946|43
1947|9
1948|36
1949|18
1950|1
1951|38
1952|37
1953|13
1954|39
1955|10
1956|45
1957|42
1958|10
1959|31
1960|42
1961|18
1962|14
1963|13
1964|37
1965|5
1966|27
1967|28
1968|47
1969|26
1970|4
1971|30
1972|11
1973|33
1974|19
1975|47
1976|28
1977|30
1978|1
1979|7
1980|29
1981|44
1982|31
1983|15
1984|17
1985|16
1986|11
1987|34
1988|17
1989|25
1990|32
1991|40
1992|1
1993|28
1994|19
1995|46
1996|15
1997|2
1998|0
1999|29
2000|29
2001|9
2002|6
2003|12
2004|4
2005|6
2006|36
2007|9
2008|45
2009|35
2010|9
2011|48
2012|35
2013|23
2014|45
2015|29
2016|34
2017|20
2018|17
2019|23
2020|14
2021|2
2022|28
2023|28
2024|10
2025|13
2026|42
2027|37
2028|22
2029|47
2030|28
2031|48
2032|11
2033|9
2034|42
2035|10
2036|40
2037|2
2038|37
2039|8
2040|7
2041|9
2042|11
2043|12
2044|32
2045|28
2046|22
2047|7
2048|10
2049|35
2050|22
2051|32
2052|21
2053|23
2054|34
2055|19
2056|36
2057|12
2058|49
2059|38
2060|40
2061|43
2062|0
2063|20
2064|33
2065|30
2066|48
2067|8
2068|23
2069|9
2070|29
2071|46
2072|42
2073|41
2074|47
2075|17
2076|48
2077|33
2078|37
2079|36
2080|45
2081|48
2082|40
2083|25
2084|19
2085|7
2086|26
2087|13
2088|31
2089|2
2090|12
2091|48
2092|12
2093|32
2094|27
2095|13
2096|19
2097|24
2098|0
2099|31
2100|26
2101|22
2102|35
2103|2
2104|34
2105|17
2106|13
2107|29
2108|28
2109|26
2110|28
2111|1
2112|17
2113|40
2114|47
2115|11
2116|8
2117|35
2118|46
2119|35
2120|29
2121|18
2122|36
2123|15
2124|33
2125|13
2126|0
2127|46
2128|39
2129|4
2130|30
2131|25
2132|22
2133|4
2134|45
2135|41
2136|5
2137|23
2138|19
2139|45
2140|32
2141|13
2142|1
2143|3
2144|22
2145|39
2146|8
2147|39
2148|23
2149|7
2150|32
2151|45
2152|34
2153|27
2154|13
2155|16
2156|6
2157|43
2158|7
2159|41
2160|34
2161|6
2162|18
2163|35
2164|13
2165|32
2166|16
2167|6
2168|9
2169|0
2170|4
2171|9
2172|28
2173|43
2174|21
2175|17
2176|27
2177|17
2178|15
2179|41
2180|41
2181|27
2182|2
2183|10
2184|47
2185|21
2186|1
2187|13
2188|44
2189|4
2190|6
2191|7
2192|26
2193|48
2194|33
2195|19
2196|27
2197|16
2198|5
2199|44
2200|4
2201|41
2202|49
2203|2
2204|49
2205|42
2206|14
2207|10
2208|38
2209|49
2210|32
2211|8
2212|15
2213|34
2214|38
2215|30
2216|36
2217|25
2218|38
2219|17
2220|41
2221|38
2222|8
2223|36
2224|11
2225|49
2226|22
2227|25
2228|13
2229|14
2230|46
2231|42
2232|13
2233|12
2234|44
2235|2
2236|38
2237|1
2238|48
2239|19
2240|5
2241|5
2242|39
2243|37
2244|14
2245|7
2246|4
2247|48
2248|38
2249|44
2250|1
2251|26
2252|24
2253|12
2254|49
2255|29
2256|23
2257|28
2258|48
2259|45
2260|13
2261|45
2262|2
2263|37
2264|42
2265|19
2266|8
2267|36
2268|1
2269|22
2270|3
2271|21
2272|8
2273|26
2274|12
2275|20
2276|43
2277|48
2278|48
2279|32
2280|46
2281|43
2282|12
2283|17
2284|38
2285|47
2286|1
2287|10
2288|14
2289|37
2290|29
2291|23
2292|30
2293|12
2294|10
2295|17
2296|31
2297|31
2298|20
2299|40
2300|48
2301|40
2302|2
2303|21
2304|32
2305|40
2306|26
2307|25
2308|48
2309|12
2310|7
2311|13
2312|5
2313|33
2314|23
2315|19
2316|48
2317|31
2318|42
2319|49
2320|7
2321|8
2322|3
2323|11
2324|15
2325|23
2326|22
2327|14
2328|45
2329|24
2330|25
2331|16
2332|4
2333|28
2334|20
2335|36
2336|11
2337|21
2338|48
2339|32
2340|32
2341|8
2342|7
2343|42
2344|20
2345|7
2346|43
2347|14
2348|39
2349|39
2350|27
2351|9
2352|16
2353|18
2354|10
2355|17
2356|16
2357|27
2358|11
2359|17
2360|15
2361|47
2362|35
2363|38
2364|1
2365|40
2366|46
2367|46
2368|18
2369|20
2370|14
2371|41
2372|30
2373|30
2374|24
2375|44
2376|11
2377|42
2378|16
2379|8
2380|29
2381|36
2382|35
2383|49
2384|33
2385|13
2386|17
2387|47
2388|24
2389|34
2390|36
2391|46
2392|27
2393|0
2394|40
2395|28
2396|21
2397|35
2398|24
2399|20
2400|28
2401|4
2402|38
2403|20
2404|49
2405|32
2406|21
2407|6
2408|27
2409|31
2410|24
2411|3
2412|17
2413|44
2414|39
2415|14
2416|46
2417|7
2418|27
2419|45
2420|45
2421|11
2422|34
2423|20
2424|26
2425|3
2426|6
2427|4
2428|17
2429|41
2430|3
2431|44
2432|17
2433|19
2434|10
2435|27
2436|26
2437|39
2438|23
2439|49
2440|12
2441|27
2442|38
2443|45
2444|14
2445|47
2446|11
2447|15
2448|15
2449|9
2450|47
2451|30
2452|23
2453|3
2454|49
2455|35
2456|0
2457|31
2458|48
2459|6
2460|31
2461|1
2462|26
2463|12
2464|45
2465|45
2466|14
2467|31
2468|7
2469|0
2470|42
2471|32
2472|46
2473|12
2474|4
2475|30
2476|43
2477|42
2478|16
2479|4
2480|16
2481|30
2482|49
2483|21
2484|26
2485|44
2486|40
2487|16
2488|35
2489|10
2490|27
2491|10
2492|16
2493|45
2494|3
2495|41
2496|13
2497|35
2498|1
2499|40
2500|25
2501|37
2502|5
2503|2
2504|41
2505|19
2506|34
2507|22
2508|31
2509|42
2510|17
2511|45
2512|25
2513|46
2514|25
2515|24
2516|48
2517|30
2518|4
2519|5
2520|8
2521|47
2522|28
2523|48
2524|30
2525|13
2526|39
2527|39
2528|17
2529|1
2530|20
2531|49
2532|45
2533|35
2534|29
2535|28
2536|2
2537|2
2538|17
2539|47
2540|19
2541|17
2542|36
2543|19
2544|41
2545|15
2546|37
2547|36
2548|4
2549|40
2550|45
2551|47
2552|37
2553|11
2554|27
2555|30
2556|30
2557|5
2558|1
2559|28
2560|15
2561|24
2562|12
2563|30
2564|4
2565|7
2566|39
2567|10
2568|19
2569|41
2570|25
2571|37
2572|5
2573|0
2574|20
2575|27
2576|8
2577|42
2578|22
2579|33
2580|10
2581|13
2582|18
2583|35
2584|24
2585|8
2586|7
2587|16
2588|15
2589|6
2590|21
2591|13
2592|45
2593|22
2594|11
2595|38
2596|5
2597|27
2598|6
2599|39
2600|32
2601|43
2602|28
2603|41
2604|22
2605|17
2606|10
2607|44
2608|36
2609|47
2610|24
2611|14
2612|3
2613|17
2614|34
2615|46
2616|17
2617|26
2618|27
2619|40
2620|47
2621|8
2622|2
2623|27
2624|11
2625|25
2626|47
2627|27
2628|41
2629|27
2630|6
2631|35
2632|11
2633|45
2634|14
2635|14
2636|31
2637|30
2638|24
2639|38
2640|0
2641|19
2642|7
2643|23
2644|32
2645|5
2646|13
2647|19
2648|0
2649|39
2650|11
2651|41
2652|31
2653|19
2654|17
2655|49
2656|13
2657|24
2658|20
2659|20
2660|40
2661|6
2662|1
2663|21
2664|2
2665|1
2666|38
2667|2
2668|13
2669|25
2670|31
2671|14
2672|18
2673|45
2674|20
2675|41
2676|2
2677|17
2678|24
2679|5
2680|1
2681|42
2682|13
2683|31
2684|4
2685|39
2686|44
2687|14
2688|44
2689|22
2690|21
2691|41
2692|41
2693|7
2694|6
2695|35
2696|20
2697|21
2698|28
2699|0
2700|15
2701|43
2702|0
2703|32
2704|22
2705|13
2706|47
2707|42
2708|38
2709|8
2710|10
2711|29
2712|40
2713|34
2714|7
2715|35
2716|17
2717|43
2718|0
2719|45
2720|40
2721|9
2722|23
2723|47
2724|23
2725|20
2726|20
2727|34
2728|41
2729|36
2730|6
2731|28
2732|3
2733|5
2734|32
2735|15
2736|28
2737|37
2738|28
2739|38
2740|0
2741|49
2742|1
2743|44
2744|42
2745|17
2746|13
2747|22
2748|3
2749|30
2750|10
2751|9
2752|39
2753|35
2754|23
2755|26
2756|32
2757|28
2758|34
2759|14
2760|5
2761|44
2762|27
2763|11
2764|20
2765|2
2766|27
2767|17
2768|14
2769|19
2770|41
2771|15
2772|17
2773|10
2774|6
2775|43
2776|29
2777|29
2778|40
2779|28
2780|29
2781|19
2782|35
2783|23
2784|44
2785|13
2786|37
2787|6
2788|16
2789|44
2790|15
2791|3
2792|44
2793|5
2794|29
2795|33
2796|37
2797|49
2798|17
2799|9
2800|8
2801|12
2802|21
2803|19
2804|16
2805|33
2806|8
2807|0
2808|41
2809|14
2810|14
2811|4
2812|16
2813|14
2814|31
2815|18
2816|4
2817|19
2818|27
2819|5
2820|28
2821|46
2822|11
2823|38
2824|10
2825|14
2826|6
2827|49
2828|33
2829|28
2830|46
2831|26
2832|10
2833|40
2834|31
2835|44
2836|38
2837|3
2838|33
2839|39
2840|28
2841|19
2842|32
2843|1
2844|12
2845|33
2846|42
2847|46
2848|25
2849|11
2850|5
2851|11
2852|18
2853|34
2854|35
2855|38
2856|25
2857|0
2858|35
2859|15
2860|39
2861|40
2862|31
2863|9
2864|35
2865|17
2866|24
2867|46
2868|32
2869|31
2870|6
2871|19
2872|19
2873|23
2874|42
2875|45
2876|48
2877|33
2878|16
2879|6
2880|32
2881|16
2882|25
2883|2
2884|31
2885|9
2886|27
2887|4
2888|49
2889|31
2890|26
2891|29
2892|40
2893|21
2894|28
2895|11
2896|5
2897|5
2898|18
2899|29
2900|38
2901|43
2902|2
2903|0
2904|28
2905|0
2906|4
2907|0
2908|47
2909|7
2910|32
2911|18
2912|37
2913|25
2914|18
2915|38
2916|0
2917|6
2918|18
2919|11
2920|41
2921|45
2922|35
2923|37
2924|18
2925|22
2926|23
2927|39
2928|40
2929|40
2930|31
2931|49
2932|13
2933|10
2934|30
2935|20
2936|9
2937|13
2938|19
2939|36
2940|7
2941|30
2942|42
2943|9
2944|22
2945|42
2946|27
2947|0
2948|25
2949|45
2950|5
2951|34
2952|13
2953|2
2954|47
2955|13
2956|12
2957|40
2958|1
2959|42
2960|40
2961|40
2962|7
2963|40
2964|22
2965|41
2966|4
2967|25
2968|24
2969|32
2970|1
2971|47
2972|49
2973|24
2974|44
2975|33
2976|11
2977|15
2978|32
2979|42
2980|25
2981|14
2982|18
2983|8
2984|23
2985|47
2986|6
2987|29
2988|33
2989|49
2990|49
2991|31
2992|13
2993|33
2994|1
2995|13
2996|40
2997|34
2998|39
2999|22
3000|47
