0|28
1|0
2|40
3|20
4|30
5|48
6|31
7|23
8|23
9|26
10|20
11|23
12|8
13|37
14|49
15|9
16|14
17|30
18|35
19|31
20|35
21|20
22|43
23|43
24|33
25|27
26|36
27|28
28|34
29|28
30|4
31|30
32|17
33|32
34|20
35|41
36|31
37|29
38|8
39|3
40|18
41|41
42|10
43|14
44|22
45|4
46|5
47|36
48|16
49|25
50|33
51|16
52|32
53|1
54|28
55|8
56|0
57|22
58|1
59|36
60|27
61|49
62|7
63|43
64|35
65|22
66|12
67|27
68|40
69|18
70|5
71|30
72|22
73|46
74|17
75|27
76|5
77|20
78|34
79|34
80|13
81|38
82|28
83|34
84|14
85|18
86|32
87|6
88|9
89|4
90|41
91|28
92|4
93|47
94|6
95|11
96|24
97|1
98|20
99|34
100|13
101|19
102|11
103|40
104|37
105|43
106|47
107|33
108|48
109|36
110|22
111|2
112|45
113|7
114|3
115|13
116|12
117|28
118|36
119|29
120|12
121|28
122|30
123|19
124|11
125|25
126|47
127|0
128|16
129|46
130|32
131|20
132|1
133|32
134|28
135|47
136|9
137|38
138|7
139|39
140|22
141|11
142|39
143|1
144|18
145|47
146|48
147|38
148|15
149|15
150|49
151|5
152|41
153|49
154|27
155|9
156|38
157|17
158|48
159|26
160|14
161|41
162|41
163|46
164|27
165|22
166|36
167|6
168|24
169|24
170|10
171|42
172|2
173|25
174|30
175|11
176|47
177|7
178|43
179|30
180|34
181|30
182|8
183|21
184|44
185|21
186|29
187|45
188|46
189|15
190|24
191|10
192|12
193|47
194|36
195|43
196|8
197|39
198|2
199|21
200|18
201|20
202|24
203|1
204|19
205|46
206|23
207|11
208|32
209|25
210|43
211|5
212|35
213|13
214|10
215|0
216|27
217|9
218|22
219|42
220|0
221|25
222|15
223|4
224|29
225|3
226|35
227|32
228|23
229|33
230|22
231|26
232|30
233|42
234|1
235|22
236|28
237|14
238|26
239|0
240|18
241|4
242|28
243|12
244|5
245|1
246|44
247|7
248|24
249|48
250|37
251|5
252|35
253|35
254|45
255|8
256|18
257|42
258|39
259|13
260|39
261|40
262|36
263|0
264|29
265|21
266|34
267|11
268|24
269|7
270|30
271|43
272|48
273|48
274|41
275|30
276|28
277|41
278|25
279|12
280|30
281|5
282|33
283|10
284|31
285|46
286|23
287|19
288|29
289|7
290|9
291|7
292|27
293|42
294|25
295|1
296|5
297|8
298|48
299|43
300|26
301|4
302|28
303|12
304|18
305|21
306|7
307|11
308|17
309|17
310|45
311|17
312|21
313|5
314|44
315|35
316|1
317|8
318|38
319|45
320|19
321|28
322|31
323|17
324|24
325|8
326|2
327|33
328|1
329|30
330|1
331|20
332|49
333|13
334|34
335|7
336|9
337|10
338|46
339|28
340|4
341|40
342|5
343|4
344|36
345|0
346|22
347|9
348|10
349|14
350|10
351|2
352|9
353|26
354|3
355|5
356|11
357|2
358|15
359|33
360|19
361|22
362|30
363|12
364|48
365|42
366|28
367|4
368|16
369|4
370|45
371|12
372|4
373|7
374|12
375|40
376|30
377|41
378|18
379|48
380|45
381|27
382|43
383|21
384|25
385|42
386|10
387|16
388|15
389|22
390|0
391|47
392|45
393|19
394|8
395|45
396|46
397|49
398|10
399|48
400|27
401|7
402|30
403|49
404|27
405|12
406|37
407|4
408|15
409|27
410|21
411|24
412|16
413|36
414|20
415|28
416|7
417|27
418|3
419|35
420|35
421|26
422|2
423|29
424|9
425|18
426|31
427|40
428|42
429|18
430|19
431|15
432|30
433|27
434|34
435|12
436|7
437|33
438|45
439|31
440|0
441|17
442|29
443|49
444|25
445|3
446|14
447|49
448|29
449|34
450|46
451|27
452|41
453|8
454|35
455|8
456|15
457|9
458|39
459|36
460|5
461|28
462|6
463|31
464|11
465|14
466|48
467|22
468|41
469|21
470|3
471|5
472|24
473|42
474|37
475|16
476|27
477|7
478|23
479|38
480|9
481|28
482|47
483|30
484|42
485|25
486|21
487|0
488|10
489|23
490|17
491|12
492|23
493|9
494|27
495|47
496|14
497|17
498|12
499|16
500|44
501|22
502|4
503|42
504|5
505|32
506|2
507|44
508|1
509|42
510|35
511|22
512|17
513|48
514|5
515|7
516|44
517|39
518|7
519|33
520|14
521|31
522|30
523|48
524|23
525|45
526|0
527|15
528|14
529|43
530|10
531|4
532|49
533|28
534|39
535|16
536|9
537|24
538|26
539|22
540|48
541|44
542|21
543|11
544|23
545|46
546|5
547|20
548|12
549|34
550|24
551|3
552|38
553|35
554|4
555|31
556|29
557|16
558|18
559|1
560|44
561|26
562|35
563|0
564|1
565|31
566|25
567|13
568|32
569|11
570|11
571|22
572|37
573|31
574|41
575|47
576|2
577|17
578|24
579|2
580|14
581|16
582|14
583|17
584|18
585|9
586|32
587|8
588|36
589|14
590|30
591|14
592|34
593|42
594|16
595|10
596|14
597|9
598|20
599|38
600|40
601|48
602|38
603|7
604|37
605|18
606|39
607|11
608|13
609|46
610|22
611|8
612|43
613|25
614|49
615|47
616|45
617|6
618|7
619|23
620|28
621|36
622|38
623|40
624|47
625|39
626|21
627|25
628|38
629|0
630|27
631|9
632|35
633|10
634|18
635|46
636|9
637|41
638|8
639|47
640|6
641|25
642|13
643|12
644|5
645|43
646|20
647|29
648|43
649|40
650|13
651|49
652|14
653|36
654|44
655|43
656|40
657|28
658|11
659|11
660|4
661|16
662|2
663|38
664|19
665|13
666|9
667|43
668|15
669|23
670|21
671|27
672|42
673|13
674|14
675|18
676|34
677|4
678|28
679|24
680|9
681|33
682|30
683|33
684|5
685|14
686|20
687|6
688|17
689|6
690|19
691|34
692|45
693|42
694|41
695|48
696|47
697|22
698|24
699|9
700|39
701|30
702|8
703|10
704|29
705|26
706|14
707|10
708|33
709|11
710|29
711|14
712|43
713|19
714|31
715|49
716|8
717|36
718|41
719|9
720|49
721|27
722|41
723|11
724|22
725|28
726|33
727|45
728|6
729|39
730|32
731|45
732|48
733|26
734|35
735|0
736|38
737|14
738|38
739|2
740|30
741|46
742|33
743|31
744|39
745|29
746|5
747|24
748|24
749|44
750|30
751|42
752|4
753|33
754|1
755|33
756|19
757|20
758|35
759|14
760|10
761|10
762|5
763|45
764|32
765|20
766|22
767|9
768|43
769|28
770|16
771|32
772|25
773|27
774|26
775|4
776|21
777|29
778|36
779|43
780|32
781|36
782|3
783|31
784|24
785|15
786|24
787|13
788|35
789|26
790|11
791|13
792|48
793|25
794|25
795|20
796|6
797|14
798|36
799|38
800|13
801|9
802|12
803|46
804|33
805|31
806|17
807|33
808|36
809|36
810|45
811|2
812|11
813|41
814|0
815|41
816|19
817|45
818|21
819|8
820|6
821|16
822|33
823|6
824|9
825|38
826|21
827|17
828|32
829|34
830|8
831|43
832|42
833|35
834|43
835|34
836|39
837|6
838|31
839|2
840|40
841|43
842|22
843|44
844|30
845|15
846|8
847|6
848|20
849|30
850|48
851|18
852|17
853|25
854|28
855|32
856|19
857|18
858|22
859|15
860|7
861|16
862|14
863|18
864|46
865|31
866|13
867|14
868|31
869|42
870|20
871|8
872|4
873|15
874|3
875|12
876|28
877|28
878|11
879|2
880|35
881|39
882|34
883|1
884|48
885|31
886|8
887|25
888|31
889|27
890|32
891|0
892|29
893|40
894|4
895|32
896|19
897|18
898|47
899|40
900|48
901|25
902|14
903|21
904|1
905|46
906|16
907|17
908|24
909|26
910|37
911|48
912|15
913|2
914|5
915|22
916|8
917|26
918|47
919|11
920|43
921|38
922|29
923|14
924|1
925|36
926|25
927|21
928|29
929|19
930|24
931|40
932|20
933|25
934|47
935|23
936|1
937|43
938|19
939|19
940|37
941|27
942|39
943|42
944|26
945|34
946|11
947|27
948|0
949|22
950|16
951|0
952|21
953|16
954|40
955|43
956|44
957|18
958|12
959|15
960|18
961|17
962|20
963|22
964|14
965|2
966|22
967|32
968|35
969|12
970|34
971|37
972|23
973|10
974|16
975|36
976|34
977|34
978|18
979|32
980|33
981|15
982|32
983|24
984|45
985|37
986|28
987|44
988|39
989|33
990|7
991|17
992|32
993|31
994|0
995|23
996|15
997|26
998|48
999|31
1000|30
1001|23
1002|39
1003|18
1004|1
1005|19
1006|20
1007|31
1008|44
1009|47
1010|12
1011|43
1012|2
1013|44
1014|37
1015|6
1016|11
1017|38
1018|14
1019|29
1020|17
1021|27
1022|34
1023|31
1024|11
1025|41
1026|10
1027|41
1028|16
1029|4
1030|21
1031|44
1032|18
1033|37
1034|16
1035|34
1036|39
1037|4
1038|45
1039|27
1040|48
1041|8
1042|47
1043|49
1044|32
1045|45
1046|35
1047|19
1048|1
1049|43
1050|4
1051|2
1052|35
1053|38
1054|43
1055|23
1056|19
1057|46
1058|39
1059|10
1060|5
1061|6
1062|18
1063|45
1064|47
1065|3
1066|35
1067|32
1068|6
1069|9
1070|20
1071|30
1072|27
1073|10
1074|9
1075|39
1076|22
1077|42
1078|14
1079|49
1080|15
1081|8
1082|16
1083|8
1084|8
1085|46
1086|23
1087|47
1088|18
1089|3
1090|8
1091|47
1092|45
1093|26
1094|47
1095|19
1096|25
1097|9
1098|49
1099|20
1100|12
1101|22
1102|16
1103|27
1104|21
1105|36
1106|44
1107|48
1108|9
1109|17
1110|9
1111|30
1112|25
1113|28
1114|41
1115|38
1116|13
1117|15
1118|47
1119|6
1120|39
1121|3
1122|35
1123|15
1124|21
1125|16
1126|0
1127|20
1128|42
1129|18
1130|6
1131|5
1132|12
1133|18
1134|19
1135|0
1136|0
1137|22
1138|24
1139|16
1140|48
1141|30
1142|23
1143|26
1144|25
1145|24
1146|10
1147|35
1148|11
1149|20
1150|39
1151|6
1152|46
1153|37
1154|42
1155|31
1156|48
1157|8
1158|20
1159|13
1160|20
1161|7
1162|19
1163|18
1164|13
1165|31
1166|13
1167|29
1168|42
1169|43
1170|38
1171|38
1172|34
1173|22
1174|24
1175|13
1176|23
1177|6
1178|14
1179|2
1180|33
1181|41
1182|15
1183|21
1184|10
1185|34
1186|18
1187|15
1188|28
1189|39
1190|13
1191|14
1192|25
1193|29
1194|31
1195|26
1196|36
1197|17
1198|15
1199|18
1200|18
1201|6
1202|44
1203|19
1204|14
1205|11
1206|45
1207|30
1208|21
1209|29
1210|1
1211|29
1212|36
1213|20
1214|48
1215|36
1216|49
1217|10
1218|34
1219|11
1220|11
1221|35
1222|26
1223|41
1224|38
1225|41
1226|20
1227|6
1228|37
1229|28
1230|7
1231|14
1232|46
1233|47
1234|1
1235|25
1236|22
1237|13
1238|44
1239|39
1240|25
1241|8
1242|49
1243|14
1244|26
1245|49
1246|19
1247|45
1248|48
1249|18
1250|20
1251|9
1252|26
1253|30
1254|31
1255|18
1256|12
1257|42
1258|28
1259|44
1260|26
1261|46
1262|31
1263|6
1264|35
1265|19
1266|38
1267|37
1268|15
1269|20
1270|9
1271|22
1272|10
1273|36
1274|10
1275|40
1276|44
1277|18
1278|28
1279|10
1280|41
1281|15
1282|27
1283|8
1284|13
1285|0
1286|6
1287|27
1288|49
1289|38
1290|30
1291|31
1292|38
1293|22
1294|38
1295|7
1296|8
1297|20
1298|25
1299|44
1300|45
1301|6
1302|27
1303|6
1304|8
1305|4
1306|15
1307|14
1308|34
1309|32
1310|41
1311|30
1312|19
1313|43
1314|9
1315|38
1316|46
1317|43
1318|36
1319|17
1320|6
1321|20
1322|37
1323|17
1324|26
1325|24
1326|32
1327|23
1328|13
1329|39
1330|28
1331|6
1332|3
1333|25
1334|30
1335|35
1336|2
1337|23
1338|16
1339|17
1340|1
1341|19
1342|6
1343|47
1344|15
1345|10
1346|4
1347|8
1348|1
1349|8
1350|6
1351|3
1352|23
1353|1
1354|37
1355|23
1356|40
1357|42
1358|27
1359|1
1360|7
1361|32
1362|4
1363|40
1364|5
1365|34
1366|29
1367|46
1368|42
1369|9
1370|43
1371|30
1372|25
1373|13
1374|44
1375|17
1376|39
1377|39
1378|20
1379|8
1380|34
1381|33
1382|18
1383|37
1384|48
1385|32
1386|13
1387|48
1388|22
1389|42
1390|19
1391|22
1392|39
1393|3
1394|40
1395|33
1396|30
1397|41
1398|26
1399|5
1400|21
1401|21
1402|34
1403|15
1404|45
1405|14
1406|32
1407|45
1408|5
1409|26
1410|6
1411|15
1412|4
1413|20
1414|42
1415|22
1416|4
1417|20
1418|48
1419|22
1420|47
1421|44
1422|30
1423|2
1424|41
1425|37
1426|34
1427|27
1428|17
1429|36
1430|19
1431|14
1432|7
1433|32
1434|36
1435|45
1436|14
1437|16
1438|26
1439|9
1440|9
1441|10
1442|13
1443|36
1444|37
1445|25
1446|3
1447|25
1448|23
1449|35
1450|22
1451|22
1452|32
1453|44
1454|34
1455|15
1456|39
1457|20
1458|9
1459|29
1460|19
1461|17
1462|3
1463|41
1464|13
1465|41
1466|31
1467|41
1468|11
1469|42
1470|0
1471|39
1472|13
1473|46
1474|20
1475|27
1476|43
1477|38
1478|35
1479|43
1480|12
1481|2
1482|37
1483|33
1484|36
1485|46
1486|38
1487|11
1488|3
1489|10
1490|28
1491|0
1492|36
1493|12
1494|14
1495|36
1496|2
1497|1
1498|32
1499|29
1500|37
1501|18
1502|22
1503|21
1504|37
1505|46
1506|36
1507|11
1508|43
1509|28
1510|35
1511|30
1512|45
1513|44
1514|20
1515|6
1516|25
1517|1
1518|46
1519|4
1520|23
1521|24
1522|41
1523|10
1524|36
1525|16
1526|23
1527|6
1528|28
1529|36
1530|45
1531|22
1532|17
1533|6
1534|43
1535|28
1536|47
1537|29
1538|5
1539|25
1540|21
1541|18
1542|41
1543|18
1544|38
1545|12
1546|26
1547|33
1548|34
1549|11
1550|46
1551|7
1552|32
1553|41
1554|32
1555|18
1556|48
1557|1
1558|19
1559|10
1560|33
1561|31
1562|24
1563|45
1564|12
1565|2
1566|22
1567|18
1568|46
1569|28
1570|0
1571|6
1572|48
1573|32
1574|29
1575|49
1576|29
1577|3
1578|17
1579|5
1580|41
1581|20
1582|1
1583|31
1584|35
1585|25
1586|46
1587|45
1588|25
1589|25
1590|24
1591|0
1592|5
1593|4
1594|17
1595|34
1596|25
1597|14
1598|19
1599|5
1600|37
1601|12
1602|33
1603|18
1604|40
1605|28
1606|12
1607|42
1608|20
1609|31
1610|20
1611|29
1612|43
1613|45
1614|25
1615|0
1616|14
1617|46
1618|18
1619|36
1620|3
1621|14
1622|34
1623|17
1624|8
1625|47
1626|7
1627|6
1628|39
1629|12
1630|13
1631|44
1632|18
1633|10
1634|19
1635|10
1636|24
1637|0
1638|12
1639|41
1640|3
1641|21
1642|28
1643|9
1644|32
1645|28
1646|40
1647|16
1648|14
1649|35
1650|32
1651|40
1652|20
1653|12
1654|15
1655|4
1656|23
1657|24
1658|26
1659|40
1660|5
1661|30
1662|0
1663|49
1664|28
1665|15
1666|29
1667|15
1668|42
1669|49
1670|6
1671|30
1672|10
1673|17
1674|43
1675|6
1676|33
1677|22
1678|26
1679|31
1680|8
1681|48
1682|33
1683|17
1684|23
1685|28
1686|24
1687|24
1688|47
1689|7
1690|20
1691|46
1692|20
1693|1
1694|14
1695|32
1696|38
1697|12
1698|15
1699|27
1700|9
1701|41
1702|17
1703|44
1704|49
1705|11
1706|23
1707|3
1708|1
1709|23
1710|5
1711|37
1712|16
1713|27
1714|12
1715|17
1716|43
1717|18
1718|8
1719|9
1720|20
1721|31
1722|11
1723|3
1724|1
1725|23
1726|18
1727|42
1728|34
1729|13
1730|26
1731|35
1732|32
1733|43
1734|21
1735|29
1736|37
1737|33
1738|11
1739|8
1740|3
1741|3
1742|23
1743|11
1744|21
1745|3
1746|7
1747|39
1748|29
1749|1
1750|1
1751|7
1752|0
1753|46
1754|14
1755|4
1756|45
1757|12
1758|38
1759|7
1760|3
1761|11
1762|30
1763|20
1764|0
1765|21
1766|0
1767|13
1768|6
1769|11
1770|46
1771|48
1772|30
1773|24
1774|49
1775|9
1776|7
1777|8
1778|14
1779|4
1780|45
1781|30
1782|11
1783|21
1784|15
1785|31
1786|30
1787|45
1788|36
1789|7
1790|35
1791|27
1792|5
1793|21
1794|41
1795|8
1796|0
1797|29
1798|26
1799|27
1800|39
1801|46
1802|0
1803|6
1804|45
1805|25
1806|39
1807|40
1808|0
1809|15
1810|26
1811|23
1812|20
1813|34
1814|13
1815|19
1816|26
1817|45
1818|20
1819|31
1820|41
1821|30
1822|9
1823|37
1824|46
1825|20
1826|3
1827|42
1828|15
1829|12
1830|0
1831|19
1832|22
1833|2
1834|34
1835|11
1836|43
1837|48
1838|7
1839|24
1840|9
1841|46
1842|18
1843|3
1844|30
1845|2
1846|17
1847|15
1848|49
1849|0
1850|40
1851|29
1852|4
1853|15
1854|14
1855|3
1856|0
1857|41
1858|8
1859|13
1860|28
1861|45
1862|19
1863|39
1864|44
1865|22
1866|30
1867|9
1868|19
1869|2
1870|17
1871|31
1872|44
1873|26
1874|22
1875|28
1876|14
1877|14
1878|1
1879|5
1880|47
1881|33
1882|0
1883|39
1884|25
1885|10
1886|5
1887|35
1888|16
1889|2
1890|8
1891|7
1892|18
1893|36
1894|33
1895|2
1896|39
1897|45
1898|22
1899|30
1900|40
1901|39
1902|30
1903|7
1904|16
1905|14
1906|47
1907|8
1908|20
1909|3
1910|19
1911|25
1912|36
1913|25
1914|1
1915|0
1916|39
1917|49
1918|9
1919|16
1920|34
1921|14
1922|22
1923|49
1924|16
1925|24
1926|0
1927|38
1928|48
1929|49
1930|10
1931|2
1932|9
1933|43
1934|17
1935|34
1936|23
1937|8
1938|24
1939|4
1940|7
1941|9
1942|19
1943|32
1944|1
1945|37
1946|36
1947|31
1948|28
1949|46
1950|32
1951|2
1952|31
1953|20
1954|11
1955|36
1956|49
1957|28
1958|27
1959|49
1960|16
1961|17
1962|40
1963|10
1964|7
1965|13
1966|38
1967|29
1968|17
1969|39
1970|21
1971|37
1972|8
1973|12
1974|42
1975|19
1976|30
1977|28
1978|22
1979|39
1980|40
1981|47
1982|20
1983|11
1984|31
1985|45
1986|48
1987|4
1988|36
1989|46
1990|34
1991|18
1992|3
1993|9
1994|0
1995|38
1996|20
1997|23
1998|20
1999|5
2000|4
2001|46
2002|12
2003|2
2004|46
2005|23
2006|19
2007|40
2008|11
2009|11
2010|47
2011|34
2012|32
2013|17
2014|8
2015|4
2016|35
2017|36
2018|31
2019|22
2020|31
2021|13
2022|49
2023|27
2024|38
2025|45
2026|22
2027|18
2028|25
2029|15
2030|25
2031|44
2032|30
2033|32
2034|24
2035|28
2036|34
2037|42
2038|19
2039|7
2040|44
2041|27
2042|39
2043|34
2044|17
2045|44
2046|48
2047|13
2048|31
2049|41
2050|36
2051|43
2052|21
2053|41
2054|49
2055|8
2056|28
2057|25
2058|36
2059|3
2060|42
2061|27
2062|45
2063|44
2064|48
2065|30
2066|44
2067|1
2068|3
2069|23
2070|33
2071|40
2072|19
2073|2
2074|13
2075|47
2076|6
2077|44
2078|7
2079|28
2080|16
2081|21
2082|15
2083|28
2084|14
2085|39
2086|3
2087|27
2088|19
2089|3
2090|48
2091|6
2092|32
2093|45
2094|41
2095|31
2096|12
2097|7
2098|38
2099|4
2100|30
2101|8
2102|1
2103|43
2104|48
2105|35
2106|38
2107|46
2108|34
2109|21
2110|35
2111|3
2112|30
2113|47
2114|15
2115|9
2116|40
2117|3
2118|39
2119|42
2120|17
2121|16
2122|13
2123|18
2124|43
2125|47
2126|25
2127|37
2128|17
2129|24
2130|44
2131|4
2132|32
2133|21
2134|41
2135|37
2136|33
2137|15
2138|18
2139|3
2140|30
2141|5
2142|12
2143|49
2144|43
2145|38
2146|33
2147|40
2148|20
2149|33
2150|41
2151|31
2152|35
2153|10
2154|25
2155|21
2156|28
2157|31
2158|16
2159|39
2160|9
2161|29
2162|31
2163|37
2164|18
2165|32
2166|12
2167|19
2168|16
2169|10
2170|9
2171|22
2172|33
2173|45
2174|35
2175|20
2176|13
2177|17
2178|34
2179|33
2180|24
2181|30
2182|30
2183|12
2184|28
2185|2
2186|25
2187|40
2188|49
2189|2
2190|1
2191|35
2192|40
2193|31
2194|4
2195|38
2196|13
2197|19
2198|30
2199|15
2200|33
2201|49
2202|44
2203|40
2204|1
2205|9
2206|49
2207|4
2208|17
2209|30
2210|25
2211|41
2212|4
2213|8
2214|30
2215|24
2216|48
2217|29
2218|48
2219|10
2220|10
2221|32
2222|17
2223|16
2224|43
2225|21
2226|13
2227|36
2228|22
2229|23
2230|25
2231|28
2232|42
2233|16
2234|44
2235|28
2236|3
2237|37
2238|34
2239|8
2240|7
2241|20
2242|18
2243|12
2244|17
2245|7
2246|4
2247|10
2248|21
2249|48
2250|42
2251|49
2252|10
2253|7
2254|29
2255|2
2256|48
2257|43
2258|37
2259|19
2260|31
2261|22
2262|36
2263|21
2264|46
2265|38
2266|35
2267|39
2268|23
2269|49
2270|46
2271|30
2272|24
2273|20
2274|15
2275|34
2276|22
2277|43
2278|40
2279|41
2280|15
2281|22
2282|5
2283|10
2284|43
2285|44
2286|2
2287|35
2288|38
2289|24
2290|11
2291|40
2292|43
2293|20
2294|5
2295|41
2296|13
2297|45
2298|10
2299|28
2300|28
2301|37
2302|48
2303|48
2304|2
2305|39
2306|36
2307|38
2308|10
2309|26
2310|44
2311|6
2312|13
2313|45
2314|12
2315|2
2316|13
2317|16
2318|46
2319|30
2320|16
2321|30
2322|5
2323|28
2324|2
2325|5
2326|22
2327|32
2328|18
2329|7
2330|32
2331|15
2332|8
2333|0
2334|4
2335|23
2336|14
2337|30
2338|48
2339|47
2340|30
2341|14
2342|41
2343|0
2344|43
2345|22
2346|18
2347|22
2348|32
2349|17
2350|3
2351|35
2352|32
2353|42
2354|34
2355|33
2356|49
2357|48
2358|47
2359|44
2360|49
2361|11
2362|35
2363|9
2364|34
2365|42
2366|9
2367|35
2368|24
2369|1
2370|48
2371|8
2372|25
2373|37
2374|30
2375|14
2376|46
2377|18
2378|11
2379|10
2380|8
2381|20
2382|41
2383|4
2384|17
2385|6
2386|8
2387|0
2388|22
2389|1
2390|46
2391|21
2392|25
2393|47
2394|39
2395|35
2396|26
2397|37
2398|33
2399|38
2400|28
2401|3
2402|13
2403|20
2404|10
2405|48
2406|7
2407|23
2408|14
2409|24
2410|28
2411|20
2412|2
2413|43
2414|48
2415|25
2416|28
2417|12
2418|29
2419|8
2420|28
2421|23
2422|1
2423|38
2424|16
2425|47
2426|39
2427|23
2428|3
2429|11
2430|0
2431|25
2432|32
2433|4
2434|33
2435|29
2436|40
2437|45
2438|16
2439|40
2440|14
2441|41
2442|34
2443|13
2444|12
2445|20
2446|8
2447|1
2448|45
2449|45
2450|29
2451|35
2452|20
2453|49
2454|29
2455|31
2456|11
2457|40
2458|2
2459|41
2460|31
2461|10
2462|39
2463|32
2464|46
2465|48
2466|10
2467|44
2468|4
2469|36
2470|44
2471|5
2472|24
2473|23
2474|49
2475|9
2476|4
2477|44
2478|21
2479|6
2480|30
2481|39
2482|34
2483|6
2484|43
2485|42
2486|38
2487|2
2488|17
2489|25
2490|8
2491|46
2492|7
2493|15
2494|6
2495|45
2496|8
2497|17
2498|9
2499|45
2500|28
2501|46
2502|41
2503|36
2504|12
2505|11
2506|3
2507|30
2508|5
2509|43
2510|46
2511|30
2512|43
2513|32
2514|48
2515|0
2516|32
2517|47
2518|28
2519|32
2520|32
2521|4
2522|0
2523|28
2524|46
2525|44
2526|38
2527|44
2528|4
2529|39
2530|7
2531|23
2532|13
2533|2
2534|18
2535|42
2536|26
2537|36
2538|33
2539|14
2540|30
2541|38
2542|13
2543|46
2544|20
2545|33
2546|40
2547|7
2548|24
2549|14
2550|40
2551|19
2552|42
2553|19
2554|1
2555|33
2556|43
2557|19
2558|28
2559|8
2560|40
2561|31
2562|1
2563|19
2564|5
2565|34
2566|35
2567|13
2568|30
2569|1
2570|46
2571|13
2572|2
2573|36
2574|28
2575|40
2576|0
2577|1
2578|13
2579|20
2580|30
2581|28
2582|38
2583|17
2584|19
2585|13
2586|25
2587|1
2588|3
2589|44
2590|27
2591|47
2592|8
2593|29
2594|17
2595|37
2596|7
2597|1
2598|10
2599|40
2600|44
2601|17
2602|0
2603|49
2604|29
2605|2
2606|8
2607|28
2608|16
2609|12
2610|25
2611|48
2612|35
2613|17
2614|0
2615|9
2616|41
2617|0
2618|34
2619|10
2620|33
2621|15
2622|12
2623|1
2624|41
2625|46
2626|21
2627|45
2628|9
2629|17
2630|16
2631|19
2632|32
2633|4
2634|26
2635|24
2636|34
2637|15
2638|23
2639|7
2640|0
2641|48
2642|30
2643|6
2644|20
2645|47
2646|40
2647|25
2648|30
2649|41
2650|29
2651|28
2652|8
2653|0
2654|4
2655|17
2656|20
2657|29
2658|40
2659|23
2660|48
2661|9
2662|10
2663|16
2664|48
2665|35
2666|31
2667|35
2668|48
2669|7
2670|1
2671|47
2672|33
2673|40
2674|44
2675|32
2676|42
2677|15
2678|34
2679|39
2680|36
2681|47
2682|25
2683|7
2684|45
2685|20
2686|33
2687|33
2688|33
2689|32
2690|19
2691|43
2692|25
2693|3
2694|48
2695|29
2696|26
2697|3
2698|41
2699|7
2700|42
2701|31
2702|45
2703|8
2704|4
2705|8
2706|9
2707|19
2708|40
2709|21
2710|28
2711|24
2712|13
2713|20
2714|16
2715|13
2716|9
2717|29
2718|37
2719|3
2720|7
2721|48
2722|12
2723|24
2724|23
2725|40
2726|8
2727|20
2728|34
2729|41
2730|18
2731|49
2732|30
2733|17
2734|12
2735|37
2736|1
2737|16
2738|39
2739|26
2740|19
2741|34
2742|6
2743|28
2744|29
2745|35
2746|5
2747|20
2748|18
2749|33
2750|48
2751|32
2752|16
2753|3
2754|37
2755|47
2756|18
2757|45
2758|33
2759|8
2760|14
2761|46
2762|31
2763|34
2764|24
2765|49
2766|7
2767|20
2768|19
2769|41
2770|25
2771|25
2772|40
2773|45
2774|33
2775|1
2776|21
2777|19
2778|7
2779|44
2780|31
2781|12
2782|42
2783|26
2784|1
2785|47
2786|25
2787|37
2788|46
2789|18
2790|13
2791|26
2792|35
2793|11
2794|33
2795|18
2796|29
2797|43
2798|39
2799|43
2800|16
2801|21
2802|6
2803|45
2804|27
2805|4
2806|10
2807|17
2808|30
2809|41
2810|28
2811|15
2812|46
2813|20
2814|13
2815|29
2816|22
2817|37
2818|35
2819|38
2820|0
2821|39
2822|40
2823|14
2824|41
2825|42
2826|2
2827|23
2828|14
2829|30
2830|36
2831|42
2832|46
2833|29
2834|48
2835|27
2836|15
2837|7
2838|16
2839|23
2840|40
2841|6
2842|14
2843|19
2844|18
2845|2
2846|27
2847|20
2848|16
2849|44
2850|0
2851|33
2852|9
2853|15
2854|5
2855|22
2856|13
2857|24
2858|1
2859|41
2860|28
2861|8
2862|30
2863|14
2864|24
2865|19
2866|15
2867|17
2868|46
2869|7
2870|32
2871|27
2872|46
2873|4
2874|14
2875|21
2876|43
2877|34
2878|3
2879|33
2880|45
2881|42
2882|12
2883|37
2884|32
2885|49
2886|11
2887|28
2888|15
2889|12
2890|14
2891|46
2892|12
2893|36
2894|49
2895|7
2896|36
2897|40
2898|21
2899|10
2900|37
2901|26
2902|33
2903|49
2904|2
2905|14
2906|33
2907|28
2908|2
2909|32
2910|13
2911|2
2912|39
2913|2
2914|23
2915|42
2916|20
2917|11
2918|42
2919|26
2920|2
2921|47
2922|47
2923|45
2924|34
2925|43
2926|23
2927|13
2928|1
2929|23
2930|20
2931|1
2932|36
2933|48
2934|49
2935|34
2936|34
2937|48
2938|33
2939|16
2940|44
2941|26
2942|11
2943|28
2944|36
2945|1
2946|22
2947|29
2948|19
2949|34
2950|30
2951|7
2952|34
2953|10
2954|26
2955|17
2956|14
2957|44
2958|3
2959|25
2960|13
2961|0
2962|10
2963|30
2964|22
2965|3
2966|42
2967|24
2968|19
2969|26
2970|34
2971|12
2972|8
2973|6
2974|32
2975|1
2976|22
2977|20
2978|4
2979|41
2980|25
2981|36
2982|38
2983|3
2984|30
2985|33
2986|3
2987|4
2988|17
2989|18
2990|43
2991|35
2992|14
2993|34
2994|46
2995|26
2996|38
2997|35
2998|7
2999|1
3000|15
