0|15
1|7
2|40
3|18
4|46
5|32
6|46
7|29
8|5
9|3
10|35
11|8
12|11
13|4
14|34
15|43
16|43
17|35
18|29
19|48
20|40
21|24
22|6
23|43
24|19
25|1
26|49
27|37
28|30
29|8
30|25
31|6
32|29
33|3
34|12
35|27
36|47
37|20
38|35
39|11
40|12
41|41
42|29
43|9
44|3
45|10
46|15
47|4
48|1
49|27
50|45
51|46
52|32
53|25
54|0
55|15
56|20
57|35
58|9
59|3
60|8
61|25
62|4
63|49
64|36
65|40
66|25
67|14
68|48
69|30
70|28
71|14
72|46
73|49
74|31
75|29
76|25
77|1
78|35
79|22
80|21
81|10
82|35
83|29
84|26
85|9
86|44
87|41
88|40
89|8
90|49
91|39
92|15
93|11
94|40
95|40
96|21
97|14
98|33
99|4
100|19
101|23
102|18
103|43
104|21
105|35
106|18
107|32
108|39
109|38
110|28
111|2
112|32
113|32
114|46
115|38
116|35
117|48
118|49
119|2
120|39
121|42
122|1
123|25
124|4
125|5
126|17
127|26
128|32
129|4
130|33
131|24
132|36
133|2
134|28
135|35
136|49
137|19
138|18
139|32
140|9
141|2
142|9
143|6
144|0
145|43
146|42
147|18
148|44
149|44
150|18
151|6
152|26
153|5
154|23
155|41
156|5
157|15
158|36
159|28
160|3
161|24
162|34
163|26
164|41
165|0
166|28
167|40
168|46
169|45
170|8
171|46
172|30
173|30
174|14
175|12
176|5
177|38
178|13
179|43
180|9
181|26
182|45
183|41
184|15
185|22
186|46
187|39
188|32
189|49
190|16
191|43
192|8
193|41
194|29
195|14
196|32
197|22
198|23
199|46
200|19
201|32
202|34
203|5
204|39
205|29
206|13
207|11
208|18
209|25
210|34
211|21
212|27
213|14
214|23
215|11
216|10
217|34
218|13
219|38
220|8
221|10
222|43
223|32
224|2
225|43
226|5
227|45
228|27
229|10
230|41
231|6
232|38
233|16
234|9
235|6
236|43
237|37
238|46
239|27
240|21
241|19
242|7
243|26
244|10
245|10
246|46
247|9
248|25
249|25
250|8
251|11
252|10
253|1
254|27
255|20
256|44
257|17
258|19
259|27
260|12
261|45
262|38
263|37
264|13
265|36
266|43
267|35
268|49
269|23
270|12
271|4
272|38
273|10
274|5
275|0
276|39
277|11
278|6
279|14
280|16
281|26
282|33
283|47
284|27
285|5
286|15
287|7
288|7
289|41
290|41
291|23
292|45
293|47
294|18
295|37
296|45
297|2
298|10
299|40
300|49
301|37
302|9
303|30
304|36
305|31
306|9
307|15
308|5
309|2
310|15
311|28
312|14
313|46
314|14
315|14
316|42
317|23
318|15
319|25
320|29
321|20
322|32
323|6
324|42
325|45
326|23
327|28
328|26
329|8
330|19
331|6
332|10
333|44
334|6
335|33
336|45
337|22
338|31
339|10
340|31
341|8
342|40
343|30
344|0
345|29
346|22
347|38
348|25
349|0
350|23
351|42
352|17
353|3
354|39
355|14
356|3
357|41
358|26
359|10
360|33
361|29
362|8
363|32
364|28
365|4
366|20
367|39
368|15
369|37
370|34
371|12
372|6
373|36
374|27
375|28
376|48
377|46
378|48
379|32
380|7
381|29
382|11
383|40
384|30
385|24
386|11
387|32
388|32
389|16
390|41
391|36
392|44
393|3
394|5
395|36
396|20
397|40
398|33
399|26
400|27
401|12
402|13
403|39
404|8
405|32
406|48
407|32
408|19
409|39
410|14
411|38
412|9
413|38
414|23
415|45
416|6
417|45
418|37
419|18
420|9
421|4
422|44
423|11
424|19
425|27
426|37
427|32
428|45
429|13
430|3
431|37
432|27
433|3
434|35
435|21
436|20
437|9
438|19
439|9
440|42
441|34
442|38
443|47
444|41
445|37
446|17
447|25
448|1
449|12
450|17
451|35
452|24
453|33
454|26
455|49
456|0
457|12
458|11
459|32
460|7
461|18
462|27
463|31
464|45
465|40
466|1
467|17
468|41
469|5
470|2
471|33
472|14
473|33
474|14
475|38
476|26
477|47
478|32
479|1
480|38
481|5
482|42
483|38
484|31
485|10
486|22
487|12
488|17
489|32
490|15
491|10
492|34
493|41
494|37
495|41
496|19
497|13
498|48
499|34
500|3
501|23
502|24
503|34
504|43
505|22
506|21
507|21
508|41
509|30
510|0
511|19
512|12
513|18
514|1
515|7
516|40
517|34
518|42
519|7
520|15
521|43
522|9
523|10
524|46
525|44
526|49
527|30
528|48
529|20
530|28
531|47
532|16
533|11
534|29
535|25
536|49
537|29
538|34
539|9
540|20
541|27
542|15
543|39
544|15
545|23
546|27
547|6
548|20
549|16
550|45
551|13
552|43
553|41
554|44
555|39
556|45
557|5
558|5
559|9
560|22
561|39
562|0
563|38
564|17
565|10
566|5
567|17
568|18
569|30
570|17
571|16
572|25
573|20
574|23
575|24
576|49
577|19
578|33
579|42
580|39
581|1
582|25
583|12
584|13
585|10
586|6
587|30
588|42
589|36
590|13
591|28
592|7
593|13
594|9
595|19
596|24
597|40
598|30
599|40
600|3
601|9
602|10
603|48
604|49
605|16
606|42
607|10
608|14
609|5
610|3
611|16
612|15
613|16
614|22
615|4
616|25
617|20
618|35
619|29
620|8
621|14
622|17
623|43
624|18
625|21
626|4
627|23
628|23
629|38
630|4
631|40
632|30
633|14
634|10
635|32
636|14
637|7
638|23
639|27
640|6
641|5
642|38
643|12
644|45
645|16
646|46
647|33
648|41
649|39
650|47
651|40
652|18
653|32
654|36
655|21
656|7
657|7
658|44
659|29
660|34
661|38
662|3
663|2
664|11
665|35
666|49
667|17
668|20
669|36
670|40
671|30
672|11
673|48
674|33
675|29
676|26
677|49
678|38
679|28
680|49
681|16
682|43
683|22
684|4
685|5
686|30
687|7
688|18
689|26
690|29
691|21
692|22
693|9
694|6
695|17
696|1
697|48
698|0
699|22
700|13
701|6
702|7
703|4
704|19
705|5
706|15
707|44
708|19
709|23
710|48
711|32
712|20
713|22
714|39
715|24
716|17
717|18
718|9
719|19
720|16
721|26
722|40
723|15
724|2
725|34
726|1
727|17
728|14
729|5
730|30
731|9
732|33
733|0
734|38
735|26
736|39
737|2
738|23
739|31
740|16
741|7
742|6
743|15
744|46
745|17
746|48
747|19
748|46
749|14
750|1
751|13
752|43
753|38
754|20
755|26
756|9
757|48
758|12
759|40
760|43
761|28
762|5
763|46
764|21
765|18
766|15
767|39
768|29
769|16
770|41
771|12
772|12
773|3
774|32
775|1
776|28
777|4
778|11
779|35
780|28
781|21
782|6
783|42
784|39
785|42
786|48
787|45
788|25
789|6
790|23
791|4
792|24
793|49
794|26
795|11
796|41
797|36
798|34
799|25
800|40
801|39
802|20
803|2
804|18
805|28
806|40
807|19
808|46
809|38
810|31
811|40
812|37
813|28
814|37
815|16
816|35
817|1
818|45
819|20
820|37
821|21
822|32
823|12
824|10
825|25
826|48
827|8
828|33
829|10
830|26
831|30
832|40
833|9
834|9
835|40
836|28
837|10
838|9
839|13
840|32
841|11
842|16
843|15
844|1
845|1
846|28
847|9
848|17
849|11
850|8
851|40
852|28
853|36
854|42
855|1
856|2
857|4
858|20
859|49
860|14
861|2
862|15
863|4
864|47
865|38
866|25
867|14
868|31
869|38
870|37
871|35
872|4
873|26
874|27
875|27
876|14
877|41
878|9
879|16
880|15
881|38
882|39
883|12
884|7
885|0
886|23
887|11
888|11
889|15
890|27
891|41
892|29
893|39
894|7
895|41
896|11
897|46
898|23
899|30
900|36
901|32
902|21
903|34
904|40
905|15
906|22
907|46
908|3
909|30
910|0
911|16
912|12
913|2
914|3
915|22
916|30
917|44
918|39
919|36
920|5
921|35
922|16
923|30
924|26
925|46
926|12
927|4
928|14
929|15
930|14
931|17
932|20
933|7
934|34
935|5
936|26
937|2
938|13
939|27
940|46
941|29
942|35
943|35
944|16
945|3
946|31
947|45
948|3
949|3
950|18
951|16
952|24
953|14
954|21
955|13
956|48
957|14
958|48
959|39
960|31
961|43
962|40
963|26
964|9
965|36
966|5
967|48
968|14
969|38
970|26
971|4
972|11
973|9
974|34
975|47
976|21
977|7
978|38
979|25
980|20
981|34
982|34
983|44
984|33
985|27
986|19
987|3
988|48
989|48
990|26
991|26
992|27
993|2
994|28
995|14
996|29
997|18
998|7
999|11
1000|9
1001|43
1002|7
1003|21
1004|41
1005|29
1006|22
1007|41
1008|16
1009|48
1010|5
1011|46
1012|1
1013|43
1014|33
1015|33
1016|38
1017|27
1018|44
1019|48
1020|9
1021|47
1022|22
1023|10
1024|48
1025|16
1026|7
1027|23
1028|25
1029|14
1030|4
1031|41
1032|48
1033|28
1034|39
1035|28
1036|37
1037|10
1038|45
1039|31
1040|41
1041|8
1042|14
1043|14
1044|43
1045|41
1046|2
1047|17
1048|47
1049|2
1050|24
1051|29
1052|5
1053|3
1054|22
1055|44
1056|42
1057|37
1058|20
1059|15
1060|15
1061|49
1062|41
1063|8
1064|11
1065|11
1066|16
1067|43
1068|13
1069|41
1070|21
1071|10
1072|42
1073|27
1074|6
1075|25
1076|37
1077|28
1078|17
1079|47
1080|45
1081|2
1082|27
1083|44
1084|49
1085|39
1086|8
1087|34
1088|7
1089|33
1090|26
1091|9
1092|15
1093|10
1094|4
1095|3
1096|48
1097|10
1098|11
1099|2
1100|48
1101|33
1102|45
1103|22
1104|9
1105|5
1106|32
1107|17
1108|47
1109|47
1110|44
1111|3
1112|47
1113|25
1114|26
1115|21
1116|46
1117|32
1118|22
1119|0
1120|33
1121|30
1122|17
1123|2
1124|31
1125|20
1126|29
1127|39
1128|8
1129|47
1130|11
1131|14
1132|39
1133|27
1134|38
1135|9
1136|37
1137|2
1138|27
1139|45
1140|40
1141|2
1142|47
1143|35
1144|0
1145|11
1146|42
1147|28
1148|26
1149|1
1150|17
1151|11
1152|13
1153|18
1154|6
1155|47
1156|42
1157|18
1158|1
1159|40
1160|42
1161|23
1162|41
1163|2
1164|19
1165|16
1166|36
1167|34
1168|42
1169|47
1170|44
1171|26
1172|2
1173|18
1174|4
1175|16
1176|17
1177|35
1178|30
1179|39
1180|30
1181|40
1182|29
1183|21
1184|12
1185|18
1186|44
1187|48
1188|33
1189|47
1190|49
1191|42
1192|28
1193|34
1194|10
1195|49
1196|25
1197|42
1198|26
1199|38
1200|30
1201|20
1202|41
1203|32
1204|24
1205|12
1206|44
1207|26
1208|45
1209|40
1210|7
1211|40
1212|31
1213|16
1214|47
1215|20
1216|40
1217|36
1218|12
1219|27
1220|33
1221|6
1222|43
1223|5
1224|37
1225|41
1226|38
1227|45
1228|29
1229|12
1230|24
1231|47
1232|48
1233|0
1234|33
1235|43
1236|11
1237|39
1238|31
1239|22
1240|17
1241|42
1242|30
1243|44
1244|11
1245|19
1246|48
1247|47
1248|36
1249|9
1250|15
1251|47
1252|44
1253|15
1254|36
1255|46
1256|48
1257|8
1258|16
1259|18
1260|3
1261|14
1262|10
1263|43
1264|38
1265|40
1266|7
1267|42
1268|36
1269|14
1270|43
1271|44
1272|0
1273|22
1274|46
1275|20
1276|13
1277|4
1278|31
1279|23
1280|17
1281|22
1282|36
1283|3
1284|25
1285|35
1286|48
1287|17
1288|44
1289|1
1290|41
1291|21
1292|26
1293|31
1294|39
1295|17
1296|44
1297|4
1298|40
1299|18
1300|12
1301|16
1302|18
1303|30
1304|16
1305|27
1306|5
1307|31
1308|4
1309|12
1310|22
1311|36
1312|16
1313|17
1314|19
1315|35
1316|29
1317|6
1318|6
1319|2
1320|1
1321|2
1322|32
1323|17
1324|12
1325|38
1326|9
1327|37
1328|3
1329|37
1330|33
1331|32
1332|37
1333|38
1334|32
1335|3
1336|45
1337|15
1338|2
1339|25
1340|22
1341|26
1342|16
1343|44
1344|13
1345|35
1346|25
1347|1
1348|26
1349|43
1350|26
1351|31
1352|17
1353|42
1354|20
1355|8
1356|15
1357|47
1358|25
1359|3
1360|41
1361|48
1362|9
1363|18
1364|23
1365|49
1366|36
1367|36
1368|1
1369|13
1370|18
1371|4
1372|10
1373|45
1374|43
1375|42
1376|36
1377|27
1378|1
1379|20
1380|41
1381|48
1382|29
1383|38
1384|36
1385|35
1386|25
1387|12
1388|29
1389|41
1390|44
1391|22
1392|14
1393|5
1394|7
1395|4
1396|25
1397|48
1398|2
1399|11
1400|40
1401|13
1402|38
1403|23
1404|7
1405|47
1406|34
1407|44
1408|3
1409|19
1410|32
1411|25
1412|33
1413|12
1414|38
1415|41
1416|3
1417|48
1418|10
1419|34
1420|45
1421|2
1422|34
1423|7
1424|41
1425|22
1426|1
1427|29
1428|46
1429|8
1430|2
1431|42
1432|37
1433|39
1434|37
1435|30
1436|26
1437|23
1438|2
1439|13
1440|49
1441|1
1442|15
1443|38
1444|19
1445|18
1446|33
1447|43
1448|16
1449|18
1450|6
1451|41
1452|22
1453|40
1454|13
1455|48
1456|34
1457|41
1458|25
1459|8
1460|29
1461|38
1462|10
1463|48
1464|48
1465|40
1466|21
1467|42
1468|27
1469|13
1470|11
1471|30
1472|28
1473|35
1474|6
1475|8
1476|15
1477|11
1478|20
1479|4
1480|9
1481|29
1482|36
1483|21
1484|7
1485|44
1486|40
1487|23
1488|37
1489|10
1490|9
1491|13
1492|49
1493|22
1494|30
1495|41
1496|3
1497|10
1498|5
1499|46
1500|19
