0|30
1|45
2|4
3|8
4|39
5|15
6|11
7|29
8|36
9|36
10|12
11|15
12|48
13|34
14|39
15|27
16|31
17|35
18|3
19|12
20|31
21|3
22|1
23|49
24|2
25|8
26|13
27|6
28|38
29|49
30|45
31|28
32|28
33|42
34|12
35|16
36|26
37|18
38|45
39|44
40|35
41|30
42|14
43|20
44|16
45|20
46|13
47|17
48|13
49|33
50|35
51|12
52|38
53|13
54|18
55|7
56|2
57|13
58|24
59|39
60|13
61|38
62|25
63|21
64|12
65|39
66|22
67|42
68|30
69|28
70|12
71|17
72|21
73|33
74|24
75|21
76|16
77|36
78|26
79|9
80|21
81|29
82|18
83|16
84|15
85|23
86|20
87|13
88|18
89|32
90|30
91|5
92|12
93|41
94|1
95|16
96|27
97|22
98|40
99|1
100|37
101|29
102|1
103|4
104|34
105|38
106|37
107|39
108|44
109|24
110|43
111|21
112|2
113|43
114|45
115|22
116|46
117|1
118|15
119|5
120|33
121|39
122|45
123|17
124|29
125|25
126|1
127|10
128|37
129|27
130|39
131|3
132|9
133|20
134|26
135|25
136|20
137|24
138|48
139|9
140|38
141|22
142|7
143|38
144|12
145|12
146|30
147|30
148|23
149|0
150|45
151|3
152|15
153|9
154|4
155|10
156|44
157|0
158|9
159|13
160|34
161|40
162|24
163|15
164|22
165|20
166|3
167|22
168|37
169|10
170|42
171|31
172|6
173|20
174|18
175|36
176|30
177|9
178|15
179|9
180|38
181|49
182|16
183|15
184|37
185|4
186|4
187|10
188|16
189|36
190|5
191|15
192|31
193|25
194|11
195|16
196|7
197|45
198|32
199|5
200|27
201|45
202|7
203|18
204|33
205|26
206|9
207|24
208|41
209|22
210|29
211|10
212|32
213|6
214|42
215|27
216|23
217|21
218|26
219|31
220|21
221|38
222|14
223|38
224|26
225|34
226|12
227|43
228|20
229|7
230|16
231|10
232|45
233|35
234|47
235|42
236|9
237|28
238|29
239|24
240|36
241|41
242|46
243|42
244|47
245|29
246|32
247|17
248|3
249|45
250|16
251|10
252|9
253|13
254|43
255|22
256|2
257|14
258|10
259|37
260|19
261|37
262|20
263|13
264|49
265|27
266|13
267|30
268|32
269|37
270|25
271|20
272|22
273|12
274|16
275|47
276|25
277|45
278|4
279|8
280|10
281|34
282|6
283|42
284|32
285|21
286|4
287|7
288|5
289|8
290|21
291|15
292|30
293|45
294|41
295|40
296|4
297|41
298|49
299|10
300|4
301|49
302|22
303|38
304|13
305|35
306|11
307|32
308|3
309|9
310|49
311|7
312|26
313|5
314|44
315|17
316|34
317|36
318|25
319|7
320|0
321|20
322|27
323|14
324|12
325|33
326|21
327|28
328|39
329|24
330|45
331|45
332|25
333|10
334|21
335|46
336|22
337|40
338|1
339|4
340|9
341|37
342|45
343|26
344|22
345|40
346|25
347|35
348|39
349|36
350|16
351|18
352|8
353|6
354|40
355|33
356|15
357|16
358|3
359|14
360|16
361|33
362|45
363|35
364|33
365|36
366|29
367|46
368|30
369|12
370|26
371|14
372|14
373|47
374|12
375|28
376|14
377|24
378|7
379|33
380|23
381|42
382|49
383|10
384|15
385|26
386|6
387|13
388|20
389|25
390|20
391|0
392|28
393|38
394|41
395|6
396|19
397|34
398|8
399|23
400|16
401|25
402|16
403|4
404|14
405|19
406|27
407|13
408|35
409|13
410|42
411|38
412|43
413|9
414|5
415|27
416|18
417|32
418|29
419|34
420|2
421|32
422|14
423|29
424|13
425|14
426|47
427|33
428|7
429|11
430|20
431|35
432|7
433|38
434|45
435|12
436|27
437|48
438|40
439|40
440|42
441|11
442|41
443|43
444|17
445|1
446|42
447|49
448|4
449|24
450|28
451|49
452|12
453|13
454|17
455|27
456|34
457|7
458|11
459|3
460|21
461|25
462|23
463|23
464|42
465|10
466|43
467|11
468|3
469|49
470|29
471|25
472|29
473|24
474|15
475|30
476|39
477|8
478|15
479|19
480|40
481|17
482|32
483|38
484|17
485|4
486|43
487|38
488|23
489|39
490|19
491|25
492|23
493|23
494|25
495|1
496|8
497|45
498|26
499|0
500|27
501|26
502|18
503|23
504|37
505|11
506|29
507|0
508|37
509|17
510|20
511|47
512|11
513|49
514|47
515|28
516|21
517|28
518|38
519|2
520|18
521|8
522|41
523|36
524|21
525|11
526|35
527|27
528|29
529|42
530|0
531|36
532|43
533|45
534|0
535|0
536|9
537|22
538|34
539|37
540|11
541|22
542|11
543|0
544|34
545|45
546|10
547|7
548|9
549|2
550|49
551|28
552|36
553|14
554|39
555|13
556|24
557|39
558|14
559|36
560|42
561|6
562|36
563|40
564|30
565|37
566|31
567|26
568|48
569|39
570|38
571|4
572|20
573|25
574|5
575|38
576|31
577|12
578|15
579|8
580|49
581|10
582|11
583|16
584|25
585|23
586|41
587|27
588|42
589|48
590|44
591|10
592|24
593|13
594|48
595|36
596|32
597|48
598|11
599|19
600|11
601|30
602|27
603|31
604|46
605|37
606|37
607|44
608|21
609|4
610|33
611|45
612|15
613|12
614|24
615|17
616|7
617|34
618|43
619|6
620|39
621|12
622|29
623|32
624|35
625|43
626|2
627|18
628|5
629|14
630|49
631|43
632|16
633|34
634|30
635|27
636|11
637|17
638|4
639|20
640|43
641|4
642|49
643|26
644|43
645|13
646|21
647|49
648|9
649|10
650|29
651|22
652|1
653|42
654|13
655|5
656|46
657|15
658|45
659|5
660|2
661|36
662|17
663|30
664|42
665|46
666|48
667|45
668|17
669|11
670|31
671|10
672|0
673|36
674|35
675|34
676|46
677|26
678|1
679|46
680|18
681|44
682|11
683|14
684|24
685|3
686|42
687|47
688|4
689|36
690|40
691|6
692|45
693|33
694|26
695|38
696|17
697|23
698|14
699|20
700|32
701|21
702|7
703|22
704|3
705|1
706|12
707|22
708|48
709|49
710|21
711|22
712|42
713|4
714|28
715|21
716|38
717|27
718|43
719|24
720|46
721|4
722|31
723|42
724|20
725|35
726|46
727|39
728|13
729|13
730|23
731|47
732|19
733|48
734|37
735|24
736|12
737|16
738|25
739|25
740|39
741|12
742|29
743|6
744|27
745|2
746|2
747|0
748|10
749|34
750|26
751|48
752|49
753|35
754|19
755|23
756|9
757|22
758|7
759|43
760|44
761|36
762|37
763|49
764|44
765|40
766|42
767|46
768|0
769|48
770|17
771|44
772|5
773|17
774|13
775|36
776|33
777|48
778|9
779|1
780|2
781|20
782|27
783|7
784|24
785|30
786|11
787|24
788|8
789|33
790|31
791|4
792|4
793|47
794|11
795|25
796|25
797|14
798|5
799|6
800|40
801|18
802|21
803|36
804|18
805|33
806|5
807|5
808|43
809|27
810|6
811|43
812|32
813|30
814|23
815|27
816|6
817|12
818|32
819|19
820|21
821|37
822|4
823|12
824|46
825|47
826|12
827|40
828|34
829|11
830|44
831|48
832|31
833|2
834|39
835|46
836|13
837|33
838|34
839|39
840|44
841|44
842|42
843|31
844|44
845|22
846|12
847|48
848|23
849|23
850|7
851|34
852|36
853|18
854|23
855|3
856|24
857|31
858|26
859|45
860|3
861|39
862|41
863|32
864|0
865|32
866|45
867|22
868|9
869|43
870|18
871|20
872|6
873|28
874|47
875|26
876|8
877|42
878|44
879|36
880|18
881|38
882|22
883|22
884|36
885|14
886|36
887|38
888|23
889|25
890|30
891|39
892|15
893|26
894|38
895|10
896|28
897|10
898|32
899|24
900|22
901|27
902|13
903|30
904|41
905|32
906|12
907|10
908|41
909|46
910|12
911|29
912|14
913|8
914|25
915|27
916|49
917|34
918|8
919|7
920|48
921|21
922|11
923|11
924|38
925|48
926|8
927|46
928|11
929|43
930|17
931|45
932|39
933|36
934|0
935|46
936|48
937|27
938|16
939|15
940|25
941|10
942|20
943|32
944|8
945|11
946|35
947|35
948|13
949|18
950|25
951|39
952|36
953|42
954|23
955|27
956|32
957|12
958|30
959|8
960|0
961|47
962|11
963|36
964|11
965|43
966|23
967|24
968|41
969|26
970|16
971|20
972|14
973|46
974|44
975|22
976|17
977|10
978|27
979|29
980|44
981|34
982|31
983|17
984|2
985|10
986|1
987|40
988|25
989|38
990|19
991|30
992|18
993|29
994|31
995|22
996|20
997|4
998|14
999|3
1000|20
1001|22
1002|5
1003|26
1004|8
1005|27
1006|11
1007|15
1008|21
1009|19
1010|20
1011|12
1012|12
1013|7
1014|1
1015|1
1016|42
1017|0
1018|34
1019|4
1020|37
1021|20
1022|13
1023|35
1024|0
1025|30
1026|17
1027|7
1028|7
1029|23
1030|30
1031|16
1032|23
1033|27
1034|27
1035|22
1036|15
1037|19
1038|39
1039|2
1040|21
1041|34
1042|17
1043|15
1044|28
1045|1
1046|45
1047|14
1048|27
1049|19
1050|16
1051|0
1052|28
1053|40
1054|10
1055|7
1056|29
1057|14
1058|28
1059|22
1060|27
1061|24
1062|19
1063|29
1064|3
1065|18
1066|8
1067|33
1068|24
1069|22
1070|44
1071|21
1072|32
1073|23
1074|8
1075|31
1076|34
1077|16
1078|39
1079|29
1080|8
1081|11
1082|20
1083|30
1084|15
1085|32
1086|40
1087|5
1088|33
1089|1
1090|8
1091|26
1092|32
1093|22
1094|1
1095|14
1096|14
1097|22
1098|35
1099|45
1100|27
1101|7
1102|31
1103|9
1104|17
1105|14
1106|2
1107|44
1108|2
1109|40
1110|11
1111|24
1112|37
1113|19
1114|43
1115|11
1116|38
1117|22
1118|44
1119|24
1120|19
1121|40
1122|42
1123|32
1124|0
1125|36
1126|27
1127|9
1128|3
1129|29
1130|26
1131|0
1132|28
1133|30
1134|0
1135|24
1136|9
1137|11
1138|30
1139|46
1140|42
1141|43
1142|31
1143|25
1144|39
1145|5
1146|41
1147|40
1148|43
1149|35
1150|8
1151|14
1152|40
1153|40
1154|41
1155|36
1156|5
1157|18
1158|43
1159|44
1160|21
1161|29
1162|29
1163|13
1164|31
1165|25
1166|45
1167|49
1168|40
1169|7
1170|48
1171|8
1172|11
1173|29
1174|18
1175|38
1176|16
1177|8
1178|15
1179|12
1180|0
1181|21
1182|28
1183|30
1184|39
1185|49
1186|3
1187|37
1188|1
1189|6
1190|5
1191|37
1192|31
1193|33
1194|6
1195|19
1196|46
1197|26
1198|17
1199|6
1200|41
1201|7
1202|27
1203|38
1204|39
1205|13
1206|47
1207|7
1208|15
1209|37
1210|40
1211|8
1212|41
1213|48
1214|37
1215|45
1216|5
1217|18
1218|11
1219|49
1220|19
1221|12
1222|29
1223|6
1224|37
1225|16
1226|14
1227|41
1228|24
1229|39
1230|24
1231|33
1232|45
1233|17
1234|2
1235|2
1236|49
1237|15
1238|16
1239|6
1240|36
1241|16
1242|8
1243|33
1244|9
1245|23
1246|37
1247|3
1248|42
1249|22
1250|2
1251|5
1252|43
1253|25
1254|0
1255|21
1256|26
1257|45
1258|10
1259|23
1260|29
1261|12
1262|4
1263|38
1264|33
1265|35
1266|47
1267|23
1268|2
1269|39
1270|35
1271|15
1272|35
1273|7
1274|4
1275|26
1276|40
1277|14
1278|48
1279|20
1280|39
1281|27
1282|37
1283|4
1284|1
1285|46
1286|13
1287|44
1288|8
1289|26
1290|15
1291|0
1292|13
1293|20
1294|27
1295|37
1296|14
1297|15
1298|46
1299|39
1300|25
1301|2
1302|0
1303|33
1304|37
1305|37
1306|47
1307|30
1308|16
1309|17
1310|43
1311|26
1312|29
1313|47
1314|20
1315|48
1316|25
1317|47
1318|19
1319|24
1320|19
1321|45
1322|31
1323|36
1324|36
1325|11
1326|24
1327|12
1328|4
1329|13
1330|18
1331|7
1332|33
1333|46
1334|1
1335|11
1336|30
1337|1
1338|16
1339|8
1340|33
1341|9
1342|14
1343|33
1344|25
1345|13
1346|34
1347|21
1348|28
1349|45
1350|28
1351|32
1352|49
1353|17
1354|27
1355|34
1356|8
1357|47
1358|43
1359|37
1360|46
1361|37
1362|27
1363|35
1364|8
1365|29
1366|21
1367|41
1368|25
1369|23
1370|36
1371|45
1372|33
1373|5
1374|31
1375|5
1376|38
1377|20
1378|24
1379|22
1380|18
1381|22
1382|27
1383|44
1384|18
1385|31
1386|42
1387|22
1388|1
1389|1
1390|30
1391|10
1392|11
1393|48
1394|33
1395|1
1396|31
1397|23
1398|49
1399|0
1400|42
1401|42
1402|7
1403|38
1404|49
1405|5
1406|49
1407|14
1408|26
1409|36
1410|36
1411|21
1412|6
1413|0
1414|31
1415|17
1416|3
1417|11
1418|40
1419|7
1420|41
1421|29
1422|4
1423|27
1424|8
1425|36
1426|40
1427|22
1428|0
1429|22
1430|4
1431|47
1432|20
1433|45
1434|35
1435|14
1436|15
1437|31
1438|48
1439|25
1440|14
1441|0
1442|17
1443|22
1444|49
1445|2
1446|0
1447|20
1448|48
1449|17
1450|28
1451|14
1452|29
1453|23
1454|25
1455|10
1456|18
1457|44
1458|38
1459|46
1460|9
1461|20
1462|20
1463|2
1464|2
1465|46
1466|13
1467|46
1468|32
1469|10
1470|6
1471|39
1472|0
1473|22
1474|18
1475|14
1476|12
1477|36
1478|26
1479|39
1480|22
1481|14
1482|1
1483|34
1484|35
1485|44
1486|33
1487|38
1488|41
1489|49
1490|38
1491|43
1492|22
1493|0
1494|27
1495|48
1496|30
1497|47
1498|4
1499|44
1500|5
