0|47
1|49
2|26
3|37
4|14
5|10
6|2
7|18
8|43
9|44
10|47
11|0
12|49
13|44
14|37
15|19
16|0
17|9
18|30
19|24
20|37
21|25
22|28
23|47
24|47
25|33
26|9
27|33
28|0
29|22
30|0
31|29
32|46
33|22
34|36
35|37
36|48
37|35
38|36
39|47
40|15
41|37
42|16
43|26
44|48
45|40
46|34
47|6
48|3
49|39
50|16
51|42
52|4
53|29
54|24
55|43
56|38
57|0
58|46
59|36
60|36
61|9
62|19
63|46
64|21
65|29
66|13
67|20
68|48
69|15
70|34
71|32
72|23
73|30
74|3
75|42
76|1
77|11
78|9
79|3
80|38
81|27
82|8
83|42
84|23
85|35
86|11
87|32
88|36
89|44
90|28
91|36
92|36
93|40
94|49
95|23
96|48
97|39
98|43
99|38
100|25
101|48
102|40
103|35
104|31
105|39
106|18
107|7
108|35
109|29
110|1
111|44
112|2
113|31
114|0
115|41
116|12
117|27
118|23
119|18
120|30
121|4
122|36
123|47
124|37
125|3
126|1
127|2
128|11
129|22
130|15
131|43
132|46
133|30
134|9
135|36
136|34
137|15
138|15
139|34
140|24
141|17
142|11
143|45
144|35
145|31
146|26
147|30
148|46
149|1
150|27
151|1
152|32
153|11
154|44
155|44
156|28
157|42
158|49
159|27
160|28
161|39
162|32
163|20
164|14
165|1
166|9
167|41
168|34
169|25
170|3
171|37
172|14
173|3
174|49
175|32
176|7
177|4
178|33
179|36
180|1
181|3
182|3
183|49
184|49
185|2
186|6
187|48
188|8
189|41
190|3
191|17
192|17
193|43
194|44
195|3
196|42
197|47
198|44
199|25
200|15
201|44
202|3
203|46
204|18
205|27
206|7
207|19
208|7
209|44
210|21
211|45
212|16
213|15
214|0
215|31
216|5
217|21
218|23
219|13
220|26
221|44
222|34
223|33
224|4
225|36
226|17
227|36
228|11
229|33
230|43
231|22
232|27
233|23
234|20
235|31
236|4
237|46
238|14
239|14
240|24
241|34
242|41
243|46
244|7
245|38
246|45
247|9
248|40
249|29
250|46
251|2
252|13
253|15
254|28
255|23
256|17
257|41
258|6
259|48
260|39
261|47
262|1
263|10
264|39
265|38
266|7
267|47
268|28
269|44
270|26
271|12
272|12
273|33
274|8
275|48
276|36
277|4
278|31
279|42
280|43
281|31
282|29
283|36
284|38
285|43
286|43
287|28
288|16
289|48
290|18
291|16
292|15
293|25
294|12
295|48
296|13
297|34
298|42
299|20
300|21
301|39
302|44
303|24
304|5
305|40
306|14
307|7
308|34
309|17
310|41
311|36
312|8
313|1
314|19
315|9
316|17
317|22
318|18
319|15
320|28
321|4
322|23
323|13
324|1
325|37
326|0
327|0
328|10
329|48
330|3
331|24
332|34
333|41
334|6
335|3
336|49
337|14
338|9
339|32
340|29
341|30
342|18
343|27
344|44
345|10
346|35
347|38
348|45
349|24
350|3
351|37
352|47
353|19
354|26
355|30
356|12
357|37
358|20
359|20
360|48
361|17
362|44
363|34
364|48
365|14
366|32
367|30
368|13
369|17
370|32
371|40
372|25
373|8
374|14
375|42
376|46
377|22
378|41
379|34
380|20
381|27
382|6
383|16
384|44
385|11
386|8
387|29
388|46
389|4
390|32
391|11
392|46
393|26
394|34
395|39
396|28
397|36
398|25
399|10
400|23
401|24
402|16
403|8
404|2
405|9
406|31
407|47
408|12
409|36
410|6
411|39
412|49
413|0
414|23
415|38
416|9
417|19
418|41
419|29
420|40
421|32
422|39
423|7
424|28
425|31
426|34
427|4
428|35
429|13
430|26
431|48
432|32
433|42
434|41
435|14
436|42
437|22
438|47
439|36
440|43
441|30
442|10
443|0
444|48
445|7
446|14
447|47
448|31
449|7
450|45
451|23
452|0
453|43
454|39
455|26
456|8
457|43
458|45
459|16
460|22
461|44
462|25
463|3
464|8
465|10
466|48
467|12
468|42
469|1
470|36
471|37
472|22
473|34
474|39
475|16
476|18
477|29
478|15
479|34
480|12
481|35
482|17
483|25
484|37
485|35
486|40
487|39
488|28
489|2
490|41
491|21
492|42
493|33
494|36
495|28
496|4
497|43
498|16
499|29
500|6
501|24
502|20
503|19
504|17
505|33
506|13
507|41
508|16
509|39
510|19
511|3
512|35
513|26
514|2
515|47
516|25
517|22
518|19
519|20
520|46
521|38
522|30
523|36
524|42
525|0
526|22
527|21
528|46
529|23
530|45
531|11
532|8
533|42
534|5
535|20
536|44
537|29
538|20
539|44
540|1
541|48
542|16
543|48
544|7
545|39
546|10
547|2
548|31
549|31
550|46
551|11
552|6
553|27
554|35
555|17
556|22
557|8
558|21
559|20
560|16
561|25
562|3
563|16
564|3
565|5
566|20
567|20
568|29
569|40
570|26
571|10
572|38
573|15
574|0
575|46
576|0
577|46
578|34
579|4
580|2
581|32
582|28
583|8
584|16
585|13
586|11
587|37
588|21
589|22
590|48
591|14
592|34
593|34
594|33
595|38
596|44
597|18
598|21
599|38
600|32
601|17
602|40
603|43
604|4
605|10
606|18
607|11
608|26
609|13
610|7
611|27
612|25
613|7
614|46
615|14
616|16
617|29
618|43
619|37
620|27
621|24
622|23
623|33
624|4
625|13
626|6
627|37
628|6
629|32
630|6
631|14
632|36
633|17
634|3
635|16
636|20
637|10
638|8
639|19
640|3
641|37
642|11
643|11
644|17
645|42
646|47
647|33
648|42
649|49
650|3
651|31
652|9
653|49
654|42
655|30
656|42
657|47
658|10
659|15
660|11
661|20
662|48
663|40
664|24
665|40
666|31
667|30
668|29
669|35
670|30
671|43
672|15
673|34
674|46
675|34
676|1
677|19
678|22
679|7
680|39
681|34
682|25
683|11
684|27
685|35
686|20
687|13
688|26
689|0
690|14
691|12
692|6
693|35
694|37
695|49
696|46
697|40
698|46
699|6
700|48
701|17
702|42
703|11
704|48
705|33
706|11
707|42
708|34
709|8
710|16
711|45
712|8
713|39
714|6
715|43
716|2
717|5
718|14
719|34
720|30
721|41
722|31
723|25
724|10
725|41
726|29
727|1
728|3
729|40
730|48
731|46
732|22
733|25
734|28
735|7
736|38
737|29
738|27
739|19
740|31
741|48
742|41
743|17
744|19
745|42
746|33
747|47
748|35
749|37
750|44
751|35
752|34
753|27
754|1
755|45
756|44
757|35
758|17
759|20
760|34
761|20
762|19
763|25
764|44
765|49
766|6
767|32
768|27
769|18
770|12
771|19
772|11
773|17
774|39
775|17
776|49
777|18
778|6
779|0
780|19
781|42
782|14
783|28
784|46
785|17
786|14
787|7
788|40
789|7
790|16
791|25
792|21
793|2
794|35
795|42
796|37
797|2
798|42
799|20
800|43
801|31
802|3
803|28
804|12
805|13
806|0
807|0
808|28
809|43
810|11
811|11
812|0
813|25
814|5
815|6
816|24
817|44
818|31
819|20
820|32
821|11
822|45
823|32
824|29
825|45
826|49
827|23
828|42
829|37
830|47
831|21
832|35
833|13
834|13
835|34
836|27
837|16
838|20
839|38
840|17
841|25
842|49
843|33
844|2
845|26
846|13
847|30
848|9
849|7
850|7
851|46
852|15
853|45
854|47
855|27
856|40
857|27
858|34
859|17
860|19
861|32
862|30
863|21
864|32
865|17
866|4
867|45
868|46
869|44
870|37
871|5
872|10
873|49
874|17
875|18
876|16
877|35
878|40
879|36
880|37
881|16
882|38
883|17
884|10
885|38
886|38
887|6
888|2
889|29
890|2
891|43
892|13
893|15
894|40
895|41
896|10
897|42
898|48
899|47
900|34
901|20
902|9
903|20
904|44
905|12
906|0
907|1
908|31
909|25
910|7
911|28
912|33
913|40
914|11
915|1
916|24
917|46
918|8
919|32
920|30
921|17
922|21
923|37
924|30
925|41
926|38
927|27
928|12
929|36
930|26
931|9
932|3
933|10
934|21
935|17
936|35
937|42
938|4
939|27
940|28
941|25
942|3
943|2
944|23
945|18
946|6
947|14
948|30
949|48
950|49
951|45
952|24
953|18
954|25
955|0
956|17
957|44
958|49
959|1
960|18
961|42
962|41
963|8
964|20
965|32
966|13
967|0
968|39
969|18
970|1
971|18
972|44
973|3
974|16
975|34
976|42
977|41
978|29
979|11
980|32
981|7
982|25
983|27
984|33
985|7
986|48
987|45
988|12
989|28
990|9
991|16
992|32
993|10
994|15
995|4
996|26
997|30
998|27
999|42
1000|22
1001|37
1002|22
1003|7
1004|21
1005|44
1006|40
1007|9
1008|30
1009|6
1010|22
1011|37
1012|0
1013|34
1014|25
1015|33
1016|37
1017|16
1018|34
1019|40
1020|0
1021|11
1022|0
1023|38
1024|23
1025|0
1026|40
1027|16
1028|20
1029|22
1030|0
1031|29
1032|20
1033|18
1034|14
1035|47
1036|15
1037|34
1038|16
1039|13
1040|8
1041|17
1042|15
1043|8
1044|15
1045|16
1046|11
1047|25
1048|34
1049|28
1050|44
1051|4
1052|36
1053|37
1054|1
1055|43
1056|7
1057|2
1058|27
1059|20
1060|14
1061|22
1062|45
1063|19
1064|47
1065|42
1066|23
1067|5
1068|3
1069|36
1070|14
1071|27
1072|33
1073|39
1074|20
1075|45
1076|40
1077|35
1078|48
1079|23
1080|32
1081|27
1082|38
1083|2
1084|23
1085|44
1086|1
1087|14
1088|1
1089|48
1090|43
1091|19
1092|6
1093|15
1094|8
1095|7
1096|37
1097|20
1098|29
1099|7
1100|18
1101|32
1102|18
1103|13
1104|7
1105|21
1106|41
1107|46
1108|36
1109|16
1110|24
1111|2
1112|3
1113|27
1114|33
1115|39
1116|48
1117|6
1118|38
1119|25
1120|41
1121|39
1122|3
1123|14
1124|13
1125|33
1126|41
1127|41
1128|6
1129|2
1130|30
1131|42
1132|17
1133|45
1134|41
1135|13
1136|2
1137|32
1138|28
1139|44
1140|47
1141|15
1142|9
1143|8
1144|48
1145|42
1146|4
1147|3
1148|40
1149|26
1150|48
1151|18
1152|17
1153|17
1154|9
1155|44
1156|36
1157|2
1158|14
1159|31
1160|34
1161|27
1162|10
1163|39
1164|18
1165|34
1166|12
1167|6
1168|18
1169|27
1170|23
1171|30
1172|14
1173|20
1174|42
1175|29
1176|47
1177|40
1178|23
1179|1
1180|34
1181|10
1182|48
1183|18
1184|17
1185|49
1186|37
1187|47
1188|16
1189|22
1190|32
1191|41
1192|5
1193|39
1194|17
1195|2
1196|2
1197|25
1198|1
1199|44
1200|11
1201|1
1202|29
1203|43
1204|25
1205|20
1206|31
1207|30
1208|17
1209|16
1210|47
1211|16
1212|43
1213|34
1214|20
1215|35
1216|35
1217|8
1218|12
1219|22
1220|2
1221|1
1222|8
1223|13
1224|40
1225|18
1226|16
1227|42
1228|8
1229|48
1230|30
1231|13
1232|3
1233|4
1234|16
1235|26
1236|2
1237|3
1238|49
1239|37
1240|14
1241|40
1242|36
1243|32
1244|42
1245|37
1246|30
1247|19
1248|1
1249|15
1250|39
1251|12
1252|28
1253|12
1254|28
1255|34
1256|31
1257|12
1258|18
1259|3
1260|25
1261|28
1262|48
1263|43
1264|18
1265|27
1266|23
1267|5
1268|38
1269|48
1270|16
1271|36
1272|48
1273|29
1274|26
1275|34
1276|20
1277|31
1278|1
1279|33
1280|13
1281|27
1282|31
1283|11
1284|12
1285|37
1286|6
1287|11
1288|11
1289|39
1290|9
1291|8
1292|39
1293|19
1294|17
1295|12
1296|43
1297|31
1298|19
1299|28
1300|1
1301|36
1302|30
1303|31
1304|26
1305|42
1306|25
1307|47
1308|32
1309|13
1310|22
1311|35
1312|0
1313|34
1314|26
1315|6
1316|39
1317|46
1318|27
1319|26
1320|26
1321|39
1322|21
1323|16
1324|20
1325|49
1326|38
1327|5
1328|13
1329|40
1330|32
1331|30
1332|47
1333|11
1334|4
1335|9
1336|2
1337|32
1338|13
1339|25
1340|22
1341|39
1342|13
1343|49
1344|28
1345|19
1346|12
1347|14
1348|20
1349|39
1350|39
1351|5
1352|45
1353|1
1354|22
1355|34
1356|15
1357|4
1358|12
1359|31
1360|34
1361|43
1362|34
1363|18
1364|11
1365|1
1366|35
1367|16
1368|9
1369|13
1370|28
1371|39
1372|3
1373|32
1374|6
1375|4
1376|44
1377|47
1378|46
1379|26
1380|24
1381|14
1382|40
1383|28
1384|34
1385|30
1386|44
1387|3
1388|41
1389|26
1390|22
1391|40
1392|17
1393|16
1394|24
1395|13
1396|44
1397|39
1398|25
1399|40
1400|25
1401|40
1402|1
1403|18
1404|47
1405|33
1406|8
1407|2
1408|10
1409|39
1410|4
1411|2
1412|19
1413|42
1414|30
1415|17
1416|46
1417|46
1418|33
1419|37
1420|11
1421|5
1422|1
1423|42
1424|3
1425|12
1426|47
1427|20
1428|11
1429|9
1430|4
1431|48
1432|7
1433|17
1434|15
1435|34
1436|37
1437|26
1438|33
1439|29
1440|24
1441|24
1442|11
1443|22
1444|38
1445|35
1446|3
1447|3
1448|44
1449|29
1450|24
1451|22
1452|34
1453|17
1454|42
1455|19
1456|2
1457|17
1458|45
1459|17
1460|31
1461|19
1462|41
1463|44
1464|25
1465|42
1466|13
1467|42
1468|35
1469|12
1470|26
1471|7
1472|37
1473|12
1474|36
1475|3
1476|4
1477|1
1478|33
1479|11
1480|20
1481|26
1482|5
1483|37
1484|38
1485|25
1486|18
1487|15
1488|25
1489|23
1490|29
1491|47
1492|44
1493|29
1494|46
1495|27
1496|27
1497|45
1498|13
1499|11
1500|0
1501|18
1502|3
1503|34
1504|43
1505|14
1506|47
1507|15
1508|32
1509|8
1510|28
1511|5
1512|20
1513|29
1514|1
1515|29
1516|9
1517|21
1518|6
1519|1
1520|22
1521|13
1522|16
1523|3
1524|2
1525|19
1526|40
1527|5
1528|23
1529|35
1530|29
1531|21
1532|27
1533|8
1534|10
1535|13
1536|39
1537|15
1538|21
1539|40
1540|40
1541|24
1542|18
1543|23
1544|6
1545|45
1546|39
1547|49
1548|28
1549|25
1550|21
1551|6
1552|15
1553|29
1554|22
1555|7
1556|10
1557|41
1558|42
1559|28
1560|25
1561|30
1562|24
1563|33
1564|47
1565|6
1566|38
1567|29
1568|30
1569|10
1570|34
1571|16
1572|32
1573|22
1574|47
1575|25
1576|12
1577|41
1578|37
1579|8
1580|40
1581|31
1582|7
1583|45
1584|48
1585|20
1586|1
1587|29
1588|14
1589|6
1590|23
1591|18
1592|43
1593|49
1594|12
1595|46
1596|29
1597|27
1598|34
1599|42
1600|22
1601|30
1602|19
1603|6
1604|47
1605|14
1606|31
1607|5
1608|4
1609|49
1610|34
1611|38
1612|42
1613|3
1614|29
1615|20
1616|17
1617|10
1618|18
1619|44
1620|44
1621|38
1622|6
1623|19
1624|41
1625|0
1626|38
1627|4
1628|4
1629|47
1630|6
1631|20
1632|15
1633|27
1634|42
1635|41
1636|27
1637|34
1638|32
1639|36
1640|18
1641|24
1642|31
1643|12
1644|8
1645|30
1646|23
1647|31
1648|30
1649|26
1650|16
1651|48
1652|35
1653|39
1654|42
1655|48
1656|3
1657|5
1658|23
1659|2
1660|45
1661|0
1662|8
1663|45
1664|5
1665|34
1666|16
1667|14
1668|0
1669|22
1670|19
1671|24
1672|28
1673|10
1674|22
1675|39
1676|17
1677|24
1678|11
1679|32
1680|31
1681|43
1682|37
1683|7
1684|21
1685|47
1686|4
1687|12
1688|49
1689|29
1690|13
1691|11
1692|7
1693|22
1694|39
1695|21
1696|20
1697|36
1698|8
1699|33
1700|26
1701|44
1702|8
1703|1
1704|12
1705|33
1706|1
1707|5
1708|25
1709|21
1710|8
1711|18
1712|14
1713|3
1714|24
1715|41
1716|1
1717|22
1718|17
1719|17
1720|24
1721|20
1722|15
1723|10
1724|29
1725|29
1726|23
1727|23
1728|4
1729|40
1730|6
1731|17
1732|25
1733|14
1734|9
1735|22
1736|9
1737|35
1738|49
1739|37
1740|47
1741|33
1742|49
1743|24
1744|17
1745|37
1746|10
1747|18
1748|6
1749|15
1750|40
1751|11
1752|19
1753|15
1754|21
1755|15
1756|0
1757|39
1758|33
1759|32
1760|15
1761|15
1762|23
1763|15
1764|12
1765|5
1766|13
1767|39
1768|34
1769|30
1770|36
1771|24
1772|15
1773|3
1774|16
1775|9
1776|22
1777|24
1778|31
1779|36
1780|31
1781|16
1782|25
1783|20
1784|44
1785|34
1786|28
1787|20
1788|33
1789|26
1790|21
1791|9
1792|0
1793|9
1794|45
1795|17
1796|41
1797|5
1798|49
1799|2
1800|25
1801|17
1802|33
1803|8
1804|16
1805|7
1806|15
1807|23
1808|1
1809|39
1810|41
1811|31
1812|48
1813|47
1814|11
1815|36
1816|46
1817|35
1818|42
1819|19
1820|1
1821|15
1822|23
1823|15
1824|20
1825|11
1826|46
1827|30
1828|34
1829|24
1830|27
1831|22
1832|45
1833|0
1834|3
1835|15
1836|47
1837|10
1838|23
1839|38
1840|34
1841|43
1842|41
1843|11
1844|5
1845|14
1846|20
1847|42
1848|5
1849|48
1850|43
1851|39
1852|33
1853|24
1854|30
1855|13
1856|5
1857|12
1858|15
1859|7
1860|20
1861|40
1862|25
1863|9
1864|22
1865|30
1866|24
1867|30
1868|45
1869|27
1870|40
1871|26
1872|5
1873|24
1874|16
1875|2
1876|43
1877|21
1878|14
1879|2
1880|27
1881|24
1882|1
1883|22
1884|27
1885|21
1886|30
1887|14
1888|48
1889|25
1890|21
1891|24
1892|37
1893|43
1894|0
1895|41
1896|42
1897|40
1898|7
1899|3
1900|45
1901|23
1902|27
1903|43
1904|12
1905|23
1906|32
1907|0
1908|16
1909|32
1910|30
1911|9
1912|43
1913|19
1914|25
1915|0
1916|8
1917|2
1918|8
1919|18
1920|44
1921|19
1922|43
1923|20
1924|2
1925|14
1926|22
1927|35
1928|33
1929|3
1930|40
1931|44
1932|2
1933|29
1934|30
1935|6
1936|22
1937|44
1938|40
1939|29
1940|8
1941|4
1942|9
1943|1
1944|25
1945|44
1946|27
1947|26
1948|24
1949|29
1950|43
1951|40
1952|25
1953|37
1954|13
1955|6
1956|13
1957|19
1958|25
1959|5
1960|38
1961|0
1962|40
1963|2
1964|5
1965|41
1966|37
1967|40
1968|45
1969|13
1970|40
1971|12
1972|13
1973|11
1974|3
1975|14
1976|46
1977|30
1978|39
1979|2
1980|30
1981|21
1982|41
1983|21
1984|8
1985|36
1986|49
1987|39
1988|43
1989|24
1990|6
1991|35
1992|5
1993|37
1994|44
1995|40
1996|29
1997|40
1998|9
1999|10
2000|32
2001|38
2002|18
2003|15
2004|19
2005|37
2006|24
2007|22
2008|20
2009|34
2010|9
2011|6
2012|38
2013|30
2014|6
2015|33
2016|13
2017|14
2018|44
2019|9
2020|26
2021|27
2022|22
2023|22
2024|49
2025|41
2026|16
2027|30
2028|17
2029|0
2030|0
2031|20
2032|48
2033|41
2034|10
2035|12
2036|37
2037|26
2038|37
2039|7
2040|21
2041|0
2042|10
2043|18
2044|35
2045|10
2046|22
2047|38
2048|0
2049|18
2050|37
2051|20
2052|41
2053|12
2054|33
2055|0
2056|14
2057|49
2058|2
2059|1
2060|21
2061|49
2062|49
2063|48
2064|37
2065|47
2066|18
2067|12
2068|7
2069|28
2070|34
2071|12
2072|41
2073|9
2074|3
2075|49
2076|6
2077|13
2078|14
2079|10
2080|6
2081|21
2082|3
2083|30
2084|31
2085|19
2086|49
2087|15
2088|48
2089|16
2090|33
2091|23
2092|20
2093|31
2094|20
2095|48
2096|42
2097|10
2098|48
2099|16
2100|27
2101|18
2102|43
2103|36
2104|28
2105|33
2106|33
2107|8
2108|26
2109|39
2110|19
2111|20
2112|11
2113|35
2114|14
2115|18
2116|17
2117|43
2118|35
2119|0
2120|3
2121|29
2122|48
2123|7
2124|26
2125|25
2126|1
2127|5
2128|20
2129|19
2130|32
2131|18
2132|20
2133|12
2134|35
2135|3
2136|0
2137|36
2138|34
2139|40
2140|48
2141|3
2142|27
2143|48
2144|12
2145|1
2146|20
2147|6
2148|14
2149|42
2150|3
2151|37
2152|36
2153|38
2154|47
2155|28
2156|38
2157|7
2158|6
2159|28
2160|15
2161|25
2162|46
2163|1
2164|36
2165|36
2166|5
2167|17
2168|19
2169|14
2170|44
2171|43
2172|17
2173|27
2174|36
2175|48
2176|9
2177|9
2178|10
2179|4
2180|15
2181|24
2182|10
2183|30
2184|17
2185|44
2186|15
2187|48
2188|6
2189|15
2190|43
2191|10
2192|39
2193|26
2194|2
2195|42
2196|8
2197|18
2198|11
2199|6
2200|48
2201|5
2202|46
2203|38
2204|42
2205|19
2206|48
2207|25
2208|2
2209|3
2210|41
2211|37
2212|49
2213|36
2214|8
2215|9
2216|11
2217|40
2218|47
2219|2
2220|15
2221|17
2222|21
2223|35
2224|36
2225|13
2226|25
2227|22
2228|22
2229|24
2230|17
2231|46
2232|1
2233|18
2234|11
2235|0
2236|20
2237|41
2238|2
2239|1
2240|19
2241|47
2242|27
2243|6
2244|3
2245|9
2246|43
2247|36
2248|32
2249|25
2250|15
2251|11
2252|7
2253|31
2254|37
2255|33
2256|18
2257|6
2258|19
2259|28
2260|39
2261|6
2262|20
2263|18
2264|23
2265|31
2266|30
2267|25
2268|38
2269|29
2270|1
2271|12
2272|45
2273|47
2274|24
2275|28
2276|10
2277|23
2278|48
2279|16
2280|16
2281|22
2282|5
2283|26
2284|25
2285|40
2286|44
2287|2
2288|36
2289|24
2290|21
2291|48
2292|25
2293|1
2294|16
2295|0
2296|48
2297|33
2298|29
2299|11
2300|12
2301|28
2302|45
2303|46
2304|2
2305|18
2306|21
2307|46
2308|5
2309|37
2310|1
2311|32
2312|9
2313|3
2314|46
2315|24
2316|5
2317|19
2318|1
2319|11
2320|19
2321|7
2322|20
2323|4
2324|21
2325|7
2326|45
2327|41
2328|46
2329|3
2330|32
2331|11
2332|14
2333|42
2334|44
2335|38
2336|33
2337|22
2338|1
2339|48
2340|47
2341|13
2342|13
2343|6
2344|40
2345|31
2346|39
2347|27
2348|32
2349|48
2350|6
2351|26
2352|49
2353|17
2354|48
2355|47
2356|38
2357|32
2358|40
2359|23
2360|42
2361|2
2362|26
2363|27
2364|41
2365|37
2366|29
2367|25
2368|4
2369|42
2370|34
2371|20
2372|22
2373|19
2374|43
2375|34
2376|45
2377|7
2378|8
2379|11
2380|37
2381|38
2382|1
2383|29
2384|1
2385|45
2386|7
2387|14
2388|45
2389|35
2390|46
2391|6
2392|38
2393|3
2394|32
2395|15
2396|3
2397|35
2398|15
2399|24
2400|7
2401|23
2402|39
2403|39
2404|33
2405|42
2406|27
2407|24
2408|33
2409|38
2410|28
2411|11
2412|31
2413|2
2414|23
2415|35
2416|20
2417|1
2418|26
2419|10
2420|13
2421|7
2422|49
2423|47
2424|1
2425|18
2426|4
2427|7
2428|16
2429|32
2430|42
2431|15
2432|2
2433|10
2434|9
2435|40
2436|40
2437|44
2438|47
2439|28
2440|49
2441|41
2442|30
2443|2
2444|19
2445|34
2446|30
2447|24
2448|22
2449|39
2450|22
2451|4
2452|19
2453|6
2454|3
2455|22
2456|38
2457|36
2458|4
2459|31
2460|25
2461|16
2462|28
2463|5
2464|44
2465|36
2466|26
2467|4
2468|2
2469|48
2470|13
2471|33
2472|33
2473|40
2474|44
2475|21
2476|22
2477|29
2478|2
2479|12
2480|20
2481|40
2482|9
2483|2
2484|48
2485|11
2486|47
2487|7
2488|5
2489|38
2490|9
2491|37
2492|6
2493|26
2494|1
2495|41
2496|49
2497|35
2498|28
2499|4
2500|33
2501|45
2502|28
2503|24
2504|25
2505|46
2506|4
2507|25
2508|27
2509|10
2510|32
2511|38
2512|22
2513|25
2514|44
2515|23
2516|7
2517|20
2518|23
2519|22
2520|2
2521|28
2522|26
2523|0
2524|8
2525|36
2526|32
2527|47
2528|4
2529|34
2530|16
2531|46
2532|32
2533|21
2534|31
2535|19
2536|11
2537|13
2538|3
2539|42
2540|30
2541|1
2542|4
2543|40
2544|23
2545|12
2546|40
2547|8
2548|31
2549|20
2550|34
2551|30
2552|45
2553|3
2554|35
2555|3
2556|36
2557|38
2558|18
2559|17
2560|22
2561|8
2562|19
2563|17
2564|34
2565|34
2566|46
2567|32
2568|23
2569|47
2570|46
2571|46
2572|17
2573|16
2574|24
2575|44
2576|47
2577|21
2578|37
2579|39
2580|20
2581|5
2582|12
2583|41
2584|32
2585|25
2586|27
2587|40
2588|21
2589|14
2590|43
2591|46
2592|9
2593|46
2594|35
2595|12
2596|8
2597|9
2598|35
2599|43
2600|21
2601|34
2602|19
2603|32
2604|7
2605|25
2606|24
2607|3
2608|1
2609|0
2610|45
2611|25
2612|41
2613|46
2614|47
2615|39
2616|19
2617|31
2618|37
2619|46
2620|16
2621|40
2622|45
2623|33
2624|7
2625|17
2626|7
2627|23
2628|15
2629|36
2630|3
2631|6
2632|41
2633|10
2634|2
2635|18
2636|32
2637|42
2638|16
2639|29
2640|13
2641|28
2642|19
2643|13
2644|32
2645|28
2646|24
2647|41
2648|18
2649|11
2650|7
2651|49
2652|30
2653|31
2654|23
2655|11
2656|48
2657|29
2658|46
2659|27
2660|22
2661|5
2662|38
2663|12
2664|15
2665|18
2666|30
2667|0
2668|28
2669|2
2670|36
2671|2
2672|35
2673|22
2674|26
2675|13
2676|16
2677|1
2678|36
2679|5
2680|23
2681|9
2682|5
2683|42
2684|16
2685|35
2686|44
2687|17
2688|17
2689|19
2690|2
2691|1
2692|44
2693|0
2694|22
2695|41
2696|3
2697|46
2698|26
2699|10
2700|12
2701|45
2702|22
2703|44
2704|49
2705|10
2706|42
2707|39
2708|7
2709|11
2710|41
2711|3
2712|32
2713|42
2714|16
2715|0
2716|15
2717|36
2718|34
2719|48
2720|33
2721|12
2722|39
2723|9
2724|12
2725|17
2726|28
2727|15
2728|22
2729|9
2730|23
2731|13
2732|14
2733|45
2734|31
2735|36
2736|17
2737|40
2738|34
2739|22
2740|40
2741|24
2742|45
2743|31
2744|48
2745|8
2746|47
2747|39
2748|16
2749|40
2750|19
2751|41
2752|49
2753|11
2754|34
2755|32
2756|35
2757|8
2758|23
2759|43
2760|45
2761|48
2762|31
2763|28
2764|13
2765|0
2766|12
2767|4
2768|37
2769|23
2770|29
2771|40
2772|31
2773|20
2774|47
2775|28
2776|46
2777|40
2778|46
2779|30
2780|30
2781|3
2782|7
2783|18
2784|48
2785|35
2786|16
2787|17
2788|46
2789|28
2790|19
2791|19
2792|38
2793|41
2794|34
2795|4
2796|6
2797|12
2798|48
2799|40
2800|47
2801|27
2802|15
2803|19
2804|27
2805|30
2806|45
2807|31
2808|10
2809|10
2810|42
2811|16
2812|12
2813|34
2814|15
2815|21
2816|34
2817|3
2818|45
2819|20
2820|16
2821|17
2822|24
2823|3
2824|2
2825|23
2826|21
2827|15
2828|46
2829|20
2830|38
2831|29
2832|38
2833|7
2834|28
2835|39
2836|16
2837|0
2838|42
2839|16
2840|5
2841|39
2842|40
2843|12
2844|15
2845|15
2846|46
2847|37
2848|5
2849|25
2850|4
2851|8
2852|32
2853|47
2854|45
2855|22
2856|36
2857|12
2858|15
2859|0
2860|8
2861|44
2862|45
2863|37
2864|10
2865|38
2866|25
2867|36
2868|37
2869|38
2870|46
2871|27
2872|29
2873|38
2874|48
2875|37
2876|34
2877|15
2878|2
2879|0
2880|15
2881|14
2882|14
2883|22
2884|27
2885|40
2886|40
2887|32
2888|28
2889|3
2890|25
2891|2
2892|21
2893|18
2894|9
2895|2
2896|40
2897|14
2898|33
2899|33
2900|5
2901|44
2902|39
2903|32
2904|10
2905|15
2906|4
2907|5
2908|25
2909|1
2910|41
2911|9
2912|29
2913|17
2914|23
2915|42
2916|17
2917|44
2918|22
2919|25
2920|17
2921|12
2922|35
2923|9
2924|37
2925|30
2926|39
2927|11
2928|42
2929|16
2930|0
2931|30
2932|31
2933|15
2934|10
2935|17
2936|15
2937|11
2938|27
2939|46
2940|29
2941|22
2942|30
2943|4
2944|21
2945|37
2946|23
2947|3
2948|1
2949|4
2950|12
2951|22
2952|15
2953|47
2954|9
2955|30
2956|10
2957|8
2958|47
2959|46
2960|30
2961|9
2962|7
2963|27
2964|4
2965|5
2966|45
2967|10
2968|20
2969|7
2970|40
2971|11
2972|10
2973|47
2974|49
2975|15
2976|44
2977|33
2978|19
2979|26
2980|37
2981|24
2982|35
2983|21
2984|6
2985|19
2986|34
2987|10
2988|2
2989|15
2990|9
2991|27
2992|43
2993|32
2994|40
2995|43
2996|15
2997|26
2998|33
2999|46
3000|36
