0|41
1|47
2|21
3|21
4|33
5|0
6|10
7|37
8|29
9|12
10|6
11|26
12|12
13|46
14|18
15|10
16|21
17|6
18|43
19|7
20|7
21|19
22|30
23|17
24|33
25|48
26|23
27|23
28|34
29|28
30|42
31|20
32|5
33|2
34|0
35|49
36|44
37|11
38|5
39|16
40|19
41|8
42|5
43|8
44|48
45|20
46|34
47|41
48|30
49|21
50|3
51|36
52|9
53|34
54|19
55|24
56|16
57|31
58|10
59|5
60|1
61|30
62|47
63|8
64|17
65|43
66|34
67|37
68|4
69|20
70|5
71|46
72|22
73|16
74|33
75|49
76|35
77|30
78|28
79|43
80|29
81|38
82|21
83|13
84|16
85|1
86|5
87|23
88|4
89|40
90|8
91|34
92|37
93|16
94|15
95|49
96|41
97|5
98|48
99|18
100|44
101|13
102|12
103|47
104|2
105|0
106|6
107|24
108|21
109|23
110|20
111|6
112|21
113|34
114|37
115|15
116|15
117|47
118|13
119|37
120|2
121|1
122|19
123|39
124|7
125|7
126|19
127|4
128|13
129|38
130|19
131|24
132|5
133|42
134|0
135|0
136|19
137|25
138|32
139|20
140|12
141|19
142|32
143|31
144|34
145|28
146|2
147|9
148|27
149|20
150|7
151|42
152|30
153|4
154|31
155|44
156|41
157|35
158|31
159|40
160|1
161|47
162|47
163|9
164|15
165|35
166|29
167|39
168|30
169|22
170|31
171|32
172|39
173|8
174|18
175|27
176|15
177|11
178|39
179|11
180|45
181|6
182|36
183|32
184|13
185|6
186|40
187|49
188|16
189|46
190|11
191|16
192|24
193|31
194|49
195|23
196|21
197|18
198|48
199|46
200|43
201|42
202|47
203|39
204|35
205|22
206|3
207|18
208|11
209|19
210|35
211|29
212|46
213|26
214|44
215|36
216|8
217|5
218|9
219|6
220|18
221|34
222|35
223|24
224|32
225|43
226|14
227|1
228|3
229|18
230|7
231|0
232|7
233|42
234|46
235|35
236|15
237|19
238|39
239|44
240|38
241|49
242|28
243|6
244|37
245|34
246|35
247|0
248|13
249|31
250|31
251|37
252|48
253|11
254|27
255|2
256|6
257|14
258|0
259|8
260|44
261|21
262|49
263|1
264|9
265|19
266|21
267|4
268|2
269|6
270|32
271|25
272|41
273|8
274|46
275|13
276|23
277|20
278|18
279|24
280|49
281|37
282|19
283|20
284|12
285|12
286|23
287|4
288|28
289|40
290|38
291|31
292|30
293|13
294|40
295|13
296|43
297|49
298|46
299|39
300|37
301|33
302|19
303|21
304|28
305|25
306|37
307|15
308|17
309|10
310|43
311|4
312|45
313|10
314|1
315|0
316|37
317|49
318|35
319|3
320|39
321|14
322|4
323|36
324|46
325|36
326|44
327|41
328|13
329|11
330|0
331|49
332|15
333|14
334|28
335|43
336|34
337|17
338|24
339|5
340|26
341|10
342|19
343|4
344|33
345|16
346|45
347|32
348|46
349|46
350|12
351|34
352|47
353|5
354|36
355|24
356|21
357|8
358|14
359|5
360|39
361|36
362|8
363|41
364|44
365|21
366|39
367|25
368|9
369|42
370|32
371|9
372|7
373|0
374|34
375|49
376|49
377|18
378|28
379|30
380|36
381|14
382|36
383|22
384|24
385|18
386|46
387|49
388|0
389|24
390|10
391|15
392|43
393|5
394|40
395|48
396|14
397|16
398|16
399|33
400|32
401|9
402|40
403|44
404|19
405|45
406|32
407|18
408|47
409|3
410|44
411|7
412|36
413|16
414|23
415|17
416|26
417|14
418|18
419|30
420|34
421|20
422|1
423|37
424|5
425|15
426|49
427|40
428|22
429|32
430|43
431|2
432|49
433|45
434|13
435|27
436|34
437|19
438|26
439|11
440|9
441|0
442|12
443|41
444|1
445|12
446|7
447|43
448|24
449|39
450|34
451|40
452|28
453|48
454|28
455|14
456|37
457|0
458|28
459|30
460|30
461|15
462|10
463|42
464|6
465|43
466|17
467|12
468|9
469|4
470|43
471|2
472|30
473|8
474|13
475|47
476|36
477|13
478|23
479|12
480|13
481|2
482|5
483|19
484|11
485|48
486|49
487|17
488|32
489|19
490|9
491|1
492|27
493|13
494|8
495|34
496|19
497|28
498|40
499|30
500|0
501|4
502|13
503|29
504|43
505|48
506|23
507|46
508|24
509|49
510|42
511|12
512|3
513|10
514|39
515|29
516|38
517|4
518|10
519|7
520|17
521|49
522|16
523|41
524|1
525|14
526|31
527|36
528|24
529|22
530|10
531|14
532|42
533|45
534|36
535|12
536|22
537|49
538|33
539|40
540|18
541|40
542|30
543|46
544|18
545|0
546|23
547|38
548|32
549|0
550|45
551|42
552|16
553|39
554|36
555|38
556|43
557|30
558|35
559|38
560|7
561|40
562|40
563|36
564|27
565|48
566|45
567|14
568|20
569|39
570|25
571|18
572|37
573|0
574|22
575|49
576|19
577|35
578|32
579|14
580|12
581|23
582|35
583|27
584|28
585|22
586|16
587|47
588|7
589|47
590|8
591|33
592|40
593|5
594|13
595|5
596|38
597|13
598|14
599|16
600|40
601|29
602|14
603|49
604|38
605|38
606|32
607|6
608|17
609|2
610|0
611|39
612|35
613|7
614|18
615|3
616|20
617|3
618|40
619|6
620|26
621|12
622|29
623|2
624|20
625|16
626|0
627|44
628|48
629|38
630|29
631|9
632|40
633|48
634|48
635|26
636|24
637|36
638|42
639|3
640|38
641|49
642|38
643|15
644|9
645|28
646|49
647|42
648|30
649|28
650|0
651|19
652|7
653|25
654|11
655|12
656|21
657|42
658|11
659|35
660|0
661|27
662|21
663|33
664|11
665|20
666|4
667|46
668|0
669|16
670|19
671|26
672|17
673|11
674|33
675|20
676|4
677|30
678|1
679|46
680|25
681|42
682|11
683|8
684|49
685|37
686|26
687|2
688|20
689|42
690|32
691|15
692|23
693|22
694|31
695|28
696|13
697|11
698|45
699|29
700|48
701|14
702|36
703|31
704|23
705|43
706|15
707|44
708|21
709|15
710|37
711|17
712|39
713|40
714|42
715|9
716|41
717|37
718|49
719|29
720|11
721|16
722|3
723|13
724|24
725|17
726|1
727|2
728|6
729|20
730|15
731|29
732|47
733|10
734|23
735|39
736|48
737|3
738|6
739|5
740|18
741|4
742|46
743|47
744|46
745|40
746|41
747|8
748|14
749|12
750|2
751|16
752|38
753|29
754|8
755|41
756|14
757|17
758|15
759|40
760|12
761|3
762|25
763|47
764|37
765|29
766|36
767|33
768|9
769|5
770|27
771|36
772|22
773|25
774|35
775|47
776|28
777|3
778|25
779|5
780|47
781|24
782|13
783|45
784|4
785|40
786|37
787|14
788|46
789|16
790|26
791|1
792|4
793|47
794|15
795|6
796|45
797|15
798|32
799|14
800|6
801|46
802|37
803|24
804|48
805|10
806|4
807|14
808|31
809|27
810|13
811|22
812|19
813|31
814|19
815|22
816|5
817|2
818|43
819|17
820|19
821|6
822|15
823|32
824|36
825|39
826|43
827|9
828|35
829|37
830|33
831|2
832|14
833|22
834|42
835|43
836|28
837|11
838|35
839|6
840|33
841|35
842|9
843|44
844|47
845|9
846|42
847|16
848|4
849|30
850|14
851|24
852|20
853|35
854|42
855|37
856|7
857|33
858|18
859|9
860|46
861|44
862|47
863|15
864|9
865|18
866|24
867|22
868|37
869|2
870|25
871|12
872|44
873|1
874|5
875|3
876|1
877|30
878|3
879|28
880|22
881|34
882|7
883|42
884|26
885|23
886|37
887|16
888|41
889|20
890|15
891|12
892|19
893|17
894|1
895|41
896|48
897|35
898|38
899|31
900|33
901|31
902|23
903|7
904|4
905|47
906|22
907|37
908|31
909|38
910|7
911|40
912|43
913|27
914|39
915|26
916|27
917|33
918|22
919|41
920|28
921|47
922|49
923|5
924|7
925|29
926|20
927|10
928|17
929|22
930|3
931|1
932|33
933|3
934|13
935|14
936|35
937|44
938|11
939|47
940|30
941|19
942|28
943|45
944|25
945|24
946|34
947|1
948|18
949|13
950|24
951|18
952|19
953|13
954|20
955|1
956|21
957|28
958|34
959|35
960|42
961|25
962|26
963|47
964|40
965|32
966|49
967|15
968|21
969|32
970|46
971|46
972|14
973|36
974|48
975|38
976|12
977|46
978|45
979|12
980|45
981|11
982|28
983|32
984|28
985|1
986|18
987|22
988|20
989|39
990|49
991|21
992|15
993|27
994|37
995|20
996|35
997|6
998|45
999|42
1000|4
1001|34
1002|4
1003|18
1004|20
1005|7
1006|11
1007|2
1008|38
1009|4
1010|6
1011|47
1012|3
1013|3
1014|20
1015|22
1016|46
1017|18
1018|44
1019|36
1020|21
1021|4
1022|45
1023|38
1024|36
1025|46
1026|22
1027|10
1028|15
1029|30
1030|4
1031|37
1032|16
1033|4
1034|40
1035|0
1036|47
1037|32
1038|22
1039|17
1040|45
1041|27
1042|31
1043|2
1044|34
1045|9
1046|2
1047|40
1048|17
1049|9
1050|7
1051|40
1052|11
1053|25
1054|27
1055|48
1056|11
1057|42
1058|38
1059|0
1060|1
1061|39
1062|9
1063|35
1064|45
1065|14
1066|36
1067|19
1068|45
1069|19
1070|19
1071|41
1072|47
1073|33
1074|42
1075|10
1076|47
1077|35
1078|16
1079|10
1080|5
1081|12
1082|18
1083|6
1084|39
1085|21
1086|26
1087|23
1088|30
1089|23
1090|0
1091|35
1092|10
1093|15
1094|4
1095|12
1096|21
1097|13
1098|36
1099|40
1100|5
1101|30
1102|27
1103|22
1104|42
1105|47
1106|13
1107|28
1108|18
1109|16
1110|43
1111|42
1112|42
1113|10
1114|19
1115|46
1116|40
1117|7
1118|20
1119|43
1120|41
1121|4
1122|31
1123|45
1124|14
1125|49
1126|39
1127|24
1128|29
1129|43
1130|39
1131|41
1132|39
1133|42
1134|47
1135|41
1136|36
1137|42
1138|46
1139|5
1140|25
1141|12
1142|42
1143|0
1144|7
1145|20
1146|18
1147|20
1148|5
1149|23
1150|30
1151|49
1152|2
1153|23
1154|45
1155|5
1156|30
1157|3
1158|47
1159|28
1160|19
1161|15
1162|4
1163|11
1164|24
1165|9
1166|26
1167|30
1168|8
1169|1
1170|20
1171|18
1172|3
1173|13
1174|25
1175|7
1176|48
1177|6
1178|40
1179|44
1180|30
1181|40
1182|36
1183|15
1184|42
1185|12
1186|4
1187|36
1188|24
1189|49
1190|36
1191|26
1192|24
1193|43
1194|35
1195|19
1196|29
1197|15
1198|47
1199|9
1200|35
1201|41
1202|36
1203|11
1204|37
1205|2
1206|26
1207|11
1208|22
1209|11
1210|42
1211|0
1212|40
1213|18
1214|2
1215|33
1216|31
1217|22
1218|25
1219|21
1220|29
1221|20
1222|22
1223|30
1224|9
1225|0
1226|13
1227|31
1228|3
1229|34
1230|29
1231|23
1232|15
1233|48
1234|33
1235|22
1236|32
1237|38
1238|0
1239|16
1240|32
1241|15
1242|4
1243|38
1244|37
1245|30
1246|29
1247|22
1248|30
1249|44
1250|44
1251|22
1252|39
1253|4
1254|23
1255|43
1256|16
1257|11
1258|19
1259|48
1260|3
1261|0
1262|24
1263|26
1264|37
1265|45
1266|9
1267|10
1268|19
1269|13
1270|20
1271|13
1272|38
1273|48
1274|28
1275|38
1276|30
1277|18
1278|27
1279|36
1280|33
1281|48
1282|18
1283|47
1284|13
1285|26
1286|37
1287|15
1288|30
1289|40
1290|27
1291|5
1292|24
1293|12
1294|14
1295|16
1296|14
1297|9
1298|4
1299|15
1300|25
1301|8
1302|44
1303|24
1304|49
1305|21
1306|47
1307|16
1308|7
1309|25
1310|47
1311|6
1312|1
1313|17
1314|24
1315|35
1316|39
1317|21
1318|38
1319|22
1320|42
1321|0
1322|41
1323|20
1324|31
1325|48
1326|46
1327|45
1328|10
1329|12
1330|38
1331|29
1332|45
1333|21
1334|40
1335|21
1336|16
1337|15
1338|12
1339|24
1340|41
1341|26
1342|49
1343|20
1344|22
1345|32
1346|10
1347|36
1348|46
1349|23
1350|8
1351|19
1352|12
1353|6
1354|36
1355|28
1356|29
1357|30
1358|25
1359|44
1360|18
1361|35
1362|18
1363|38
1364|23
1365|23
1366|36
1367|11
1368|29
1369|12
1370|37
1371|10
1372|25
1373|5
1374|13
1375|10
1376|35
1377|25
1378|45
1379|6
1380|40
1381|14
1382|26
1383|42
1384|34
1385|9
1386|13
1387|4
1388|1
1389|48
1390|19
1391|34
1392|44
1393|36
1394|31
1395|21
1396|21
1397|16
1398|5
1399|33
1400|26
1401|34
1402|19
1403|21
1404|18
1405|46
1406|44
1407|0
1408|15
1409|16
1410|1
1411|47
1412|42
1413|7
1414|9
1415|27
1416|20
1417|26
1418|30
1419|12
1420|13
1421|4
1422|10
1423|16
1424|42
1425|40
1426|42
1427|39
1428|32
1429|45
1430|12
1431|14
1432|7
1433|9
1434|3
1435|7
1436|39
1437|42
1438|33
1439|30
1440|20
1441|31
1442|9
1443|12
1444|29
1445|44
1446|46
1447|42
1448|28
1449|34
1450|26
1451|13
1452|12
1453|9
1454|16
1455|38
1456|44
1457|5
1458|38
1459|21
1460|44
1461|17
1462|5
1463|34
1464|16
1465|22
1466|39
1467|20
1468|31
1469|24
1470|46
1471|31
1472|14
1473|40
1474|25
1475|6
1476|42
1477|3
1478|38
1479|0
1480|24
1481|26
1482|7
1483|26
1484|22
1485|23
1486|6
1487|34
1488|8
1489|34
1490|3
1491|35
1492|6
1493|34
1494|42
1495|0
1496|18
1497|14
1498|39
1499|23
1500|37
