0|25
1|19
2|12
3|35
4|0
5|40
6|43
7|6
8|42
9|34
10|24
11|19
12|7
13|49
14|24
15|6
16|39
17|28
18|42
19|22
20|43
21|30
22|21
23|13
24|32
25|49
26|32
27|39
28|4
29|44
30|8
31|22
32|25
33|26
34|36
35|12
36|20
37|34
38|35
39|32
40|7
41|42
42|15
43|48
44|6
45|15
46|34
47|17
48|15
49|48
50|26
51|24
52|29
53|43
54|47
55|21
56|4
57|45
58|48
59|4
60|25
61|35
62|30
63|3
64|17
65|27
66|10
67|0
68|37
69|23
70|11
71|36
72|4
73|45
74|5
75|39
76|46
77|6
78|10
79|44
80|6
81|28
82|7
83|22
84|44
85|36
86|15
87|36
88|27
89|31
90|14
91|19
92|18
93|45
94|49
95|28
96|35
97|45
98|46
99|45
100|36
101|39
102|44
103|38
104|22
105|18
106|9
107|41
108|7
109|2
110|1
111|49
112|47
113|34
114|38
115|34
116|34
117|23
118|3
119|43
120|11
121|40
122|17
123|25
124|8
125|10
126|5
127|26
128|43
129|39
130|15
131|47
132|25
133|26
134|24
135|11
136|21
137|10
138|22
139|25
140|11
141|33
142|29
143|24
144|19
145|3
146|10
147|0
148|39
149|34
150|40
151|4
152|38
153|44
154|27
155|13
156|44
157|31
158|1
159|48
160|6
161|9
162|4
163|41
164|27
165|22
166|8
167|46
168|7
169|29
170|35
171|40
172|12
173|11
174|49
175|28
176|44
177|14
178|42
179|26
180|12
181|3
182|10
183|44
184|25
185|9
186|17
187|22
188|40
189|0
190|26
191|41
192|46
193|38
194|34
195|37
196|23
197|7
198|46
199|19
200|24
201|44
202|37
203|3
204|13
205|7
206|49
207|31
208|37
209|7
210|9
211|21
212|42
213|31
214|5
215|30
216|2
217|36
218|31
219|36
220|6
221|33
222|34
223|14
224|0
225|31
226|45
227|30
228|40
229|26
230|43
231|39
232|36
233|2
234|35
235|20
236|9
237|30
238|4
239|40
240|11
241|33
242|12
243|9
244|9
245|34
246|39
247|3
248|13
249|18
250|14
251|10
252|29
253|2
254|44
255|30
256|23
257|9
258|36
259|38
260|35
261|32
262|43
263|20
264|29
265|43
266|46
267|20
268|18
269|7
270|32
271|14
272|48
273|5
274|2
275|26
276|27
277|18
278|16
279|0
280|8
281|18
282|26
283|48
284|45
285|21
286|44
287|9
288|49
289|4
290|6
291|1
292|49
293|45
294|36
295|5
296|48
297|48
298|15
299|29
300|48
301|31
302|6
303|33
304|26
305|46
306|8
307|42
308|25
309|10
310|10
311|32
312|44
313|37
314|32
315|3
316|10
317|9
318|24
319|0
320|27
321|23
322|14
323|9
324|42
325|48
326|20
327|18
328|4
329|28
330|13
331|7
332|25
333|35
334|13
335|36
336|14
337|24
338|33
339|29
340|25
341|38
342|47
343|9
344|46
345|39
346|32
347|34
348|1
349|31
350|10
351|32
352|27
353|45
354|7
355|31
356|30
357|30
358|7
359|1
360|16
361|39
362|35
363|30
364|28
365|40
366|13
367|35
368|5
369|26
370|27
371|44
372|33
373|32
374|11
375|12
376|49
377|9
378|35
379|29
380|31
381|15
382|19
383|33
384|30
385|10
386|22
387|45
388|27
389|28
390|29
391|35
392|24
393|0
394|13
395|13
396|34
397|3
398|1
399|28
400|39
401|39
402|49
403|19
404|46
405|23
406|34
407|0
408|33
409|40
410|4
411|45
412|42
413|19
414|27
415|14
416|13
417|17
418|36
419|48
420|46
421|12
422|28
423|48
424|0
425|34
426|6
427|8
428|19
429|44
430|36
431|47
432|10
433|9
434|11
435|46
436|27
437|7
438|12
439|44
440|46
441|26
442|4
443|49
444|0
445|17
446|5
447|33
448|46
449|22
450|18
451|27
452|30
453|18
454|2
455|13
456|4
457|6
458|2
459|30
460|8
461|23
462|38
463|12
464|49
465|5
466|30
467|35
468|38
469|22
470|19
471|27
472|31
473|5
474|24
475|47
476|25
477|13
478|3
479|22
480|19
481|6
482|5
483|15
484|46
485|32
486|46
487|18
488|49
489|40
490|16
491|42
492|37
493|17
494|25
495|0
496|1
497|19
498|44
499|26
500|23
501|23
502|47
503|13
504|23
505|8
506|37
507|39
508|32
509|38
510|23
511|41
512|27
513|28
514|34
515|40
516|37
517|7
518|26
519|41
520|32
521|25
522|32
523|49
524|24
525|32
526|22
527|41
528|34
529|12
530|22
531|48
532|34
533|24
534|18
535|5
536|5
537|39
538|0
539|39
540|48
541|7
542|38
543|46
544|41
545|9
546|10
547|31
548|44
549|43
550|19
551|43
552|38
553|16
554|1
555|28
556|40
557|14
558|40
559|18
560|27
561|1
562|34
563|43
564|32
565|43
566|0
567|4
568|39
569|26
570|47
571|45
572|31
573|48
574|34
575|40
576|1
577|48
578|28
579|4
580|24
581|48
582|35
583|6
584|32
585|9
586|36
587|23
588|43
589|48
590|45
591|44
592|49
593|45
594|34
595|1
596|40
597|13
598|40
599|17
600|13
601|1
602|37
603|34
604|30
605|28
606|10
607|19
608|14
609|3
610|15
611|47
612|20
613|9
614|35
615|45
616|22
617|7
618|44
619|29
620|16
621|26
622|39
623|48
624|26
625|15
626|23
627|48
628|24
629|44
630|32
631|1
632|38
633|48
634|38
635|26
636|1
637|20
638|48
639|22
640|46
641|34
642|39
643|12
644|17
645|0
646|39
647|26
648|12
649|33
650|28
651|40
652|5
653|12
654|38
655|33
656|31
657|15
658|6
659|28
660|7
661|0
662|27
663|27
664|35
665|41
666|49
667|43
668|46
669|9
670|42
671|38
672|26
673|40
674|39
675|29
676|32
677|35
678|8
679|2
680|14
681|17
682|21
683|30
684|22
685|47
686|47
687|49
688|16
689|40
690|4
691|26
692|45
693|32
694|20
695|19
696|18
697|30
698|42
699|1
700|14
701|33
702|48
703|12
704|11
705|15
706|13
707|39
708|9
709|29
710|25
711|34
712|7
713|24
714|20
715|10
716|8
717|33
718|40
719|33
720|27
721|41
722|28
723|9
724|48
725|17
726|11
727|14
728|49
729|27
730|12
731|37
732|29
733|24
734|41
735|7
736|3
737|45
738|0
739|4
740|3
741|40
742|22
743|12
744|16
745|21
746|24
747|8
748|36
749|44
750|4
751|6
752|10
753|2
754|49
755|5
756|39
757|18
758|20
759|37
760|19
761|48
762|45
763|3
764|40
765|34
766|41
767|29
768|2
769|16
770|30
771|13
772|40
773|24
774|4
775|45
776|14
777|34
778|26
779|21
780|36
781|3
782|11
783|9
784|37
785|7
786|30
787|14
788|16
789|26
790|13
791|13
792|25
793|47
794|48
795|1
796|31
797|46
798|1
799|37
800|9
801|43
802|48
803|47
804|44
805|14
806|14
807|44
808|15
809|22
810|37
811|6
812|20
813|6
814|14
815|27
816|30
817|47
818|7
819|6
820|4
821|0
822|29
823|1
824|25
825|2
826|21
827|3
828|42
829|30
830|14
831|26
832|35
833|23
834|9
835|27
836|46
837|20
838|2
839|44
840|35
841|30
842|22
843|38
844|17
845|9
846|27
847|14
848|14
849|20
850|28
851|46
852|17
853|27
854|29
855|25
856|22
857|4
858|11
859|23
860|42
861|48
862|20
863|5
864|42
865|27
866|26
867|5
868|18
869|14
870|26
871|4
872|37
873|25
874|29
875|38
876|3
877|47
878|24
879|41
880|8
881|38
882|4
883|40
884|31
885|18
886|26
887|24
888|23
889|39
890|25
891|5
892|31
893|27
894|3
895|27
896|49
897|21
898|3
899|5
900|21
901|46
902|20
903|49
904|2
905|15
906|21
907|42
908|11
909|28
910|21
911|7
912|36
913|43
914|41
915|45
916|11
917|45
918|13
919|25
920|18
921|15
922|42
923|25
924|38
925|43
926|21
927|32
928|13
929|14
930|18
931|12
932|48
933|43
934|28
935|29
936|25
937|22
938|2
939|35
940|15
941|16
942|32
943|29
944|6
945|18
946|16
947|25
948|26
949|6
950|4
951|33
952|23
953|15
954|43
955|14
956|28
957|32
958|28
959|37
960|30
961|41
962|40
963|41
964|23
965|13
966|15
967|9
968|0
969|25
970|47
971|9
972|7
973|19
974|49
975|20
976|30
977|28
978|9
979|12
980|38
981|21
982|27
983|3
984|33
985|8
986|15
987|24
988|25
989|7
990|42
991|25
992|18
993|28
994|48
995|23
996|44
997|32
998|40
999|25
1000|19
1001|48
1002|20
1003|16
1004|46
1005|32
1006|6
1007|26
1008|12
1009|24
1010|43
1011|47
1012|45
1013|22
1014|36
1015|25
1016|1
1017|0
1018|31
1019|33
1020|13
1021|34
1022|37
1023|9
1024|0
1025|26
1026|34
1027|15
1028|23
1029|43
1030|17
1031|49
1032|9
1033|31
1034|4
1035|16
1036|36
1037|31
1038|13
1039|38
1040|8
1041|18
1042|32
1043|41
1044|2
1045|18
1046|10
1047|48
1048|23
1049|2
1050|40
1051|42
1052|0
1053|37
1054|43
1055|20
1056|41
1057|40
1058|48
1059|19
1060|41
1061|32
1062|21
1063|25
1064|47
1065|40
1066|21
1067|27
1068|4
1069|20
1070|16
1071|49
1072|23
1073|21
1074|17
1075|30
1076|31
1077|39
1078|36
1079|49
1080|46
1081|23
1082|21
1083|49
1084|45
1085|19
1086|18
1087|31
1088|21
1089|40
1090|1
1091|34
1092|35
1093|32
1094|39
1095|46
1096|1
1097|13
1098|8
1099|42
1100|33
1101|30
1102|45
1103|8
1104|35
1105|10
1106|25
1107|11
1108|21
1109|33
1110|36
1111|11
1112|35
1113|40
1114|28
1115|37
1116|23
1117|20
1118|18
1119|2
1120|9
1121|29
1122|32
1123|14
1124|1
1125|27
1126|27
1127|17
1128|43
1129|2
1130|29
1131|21
1132|1
1133|17
1134|20
1135|12
1136|17
1137|47
1138|33
1139|2
1140|18
1141|27
1142|49
1143|35
1144|20
1145|38
1146|38
1147|3
1148|36
1149|32
1150|9
1151|14
1152|45
1153|24
1154|2
1155|13
1156|37
1157|1
1158|40
1159|41
1160|8
1161|31
1162|43
1163|6
1164|30
1165|27
1166|5
1167|40
1168|32
1169|35
1170|19
1171|48
1172|38
1173|33
1174|27
1175|15
1176|27
1177|35
1178|9
1179|41
1180|14
1181|41
1182|14
1183|26
1184|4
1185|39
1186|41
1187|26
1188|31
1189|46
1190|30
1191|19
1192|9
1193|12
1194|35
1195|25
1196|38
1197|41
1198|23
1199|25
1200|20
1201|19
1202|41
1203|41
1204|46
1205|32
1206|38
1207|46
1208|27
1209|7
1210|42
1211|47
1212|10
1213|18
1214|45
1215|6
1216|9
1217|23
1218|30
1219|33
1220|26
1221|42
1222|29
1223|48
1224|1
1225|35
1226|12
1227|0
1228|48
1229|37
1230|48
1231|29
1232|10
1233|40
1234|47
1235|42
1236|40
1237|48
1238|28
1239|43
1240|41
1241|25
1242|23
1243|16
1244|44
1245|35
1246|31
1247|8
1248|4
1249|11
1250|35
1251|20
1252|49
1253|8
1254|33
1255|35
1256|4
1257|4
1258|33
1259|4
1260|7
1261|7
1262|39
1263|46
1264|37
1265|8
1266|11
1267|20
1268|47
1269|43
1270|41
1271|45
1272|11
1273|28
1274|9
1275|38
1276|40
1277|0
1278|40
1279|5
1280|5
1281|13
1282|23
1283|15
1284|16
1285|32
1286|18
1287|28
1288|22
1289|47
1290|12
1291|33
1292|9
1293|20
1294|37
1295|0
1296|11
1297|49
1298|16
1299|33
1300|44
1301|16
1302|36
1303|27
1304|4
1305|1
1306|28
1307|17
1308|1
1309|38
1310|21
1311|23
1312|21
1313|30
1314|24
1315|0
1316|31
1317|9
1318|24
1319|48
1320|32
1321|34
1322|37
1323|47
1324|14
1325|34
1326|34
1327|48
1328|8
1329|13
1330|35
1331|29
1332|31
1333|21
1334|39
1335|8
1336|0
1337|1
1338|49
1339|39
1340|32
1341|9
1342|6
1343|43
1344|45
1345|11
1346|35
1347|37
1348|25
1349|13
1350|9
1351|38
1352|47
1353|5
1354|25
1355|0
1356|1
1357|23
1358|39
1359|46
1360|9
1361|11
1362|25
1363|1
1364|8
1365|16
1366|19
1367|0
1368|29
1369|34
1370|6
1371|24
1372|11
1373|35
1374|43
1375|24
1376|13
1377|23
1378|27
1379|20
1380|11
1381|30
1382|23
1383|11
1384|15
1385|10
1386|30
1387|48
1388|46
1389|39
1390|1
1391|45
1392|9
1393|9
1394|27
1395|43
1396|43
1397|11
1398|49
1399|20
1400|7
1401|33
1402|24
1403|18
1404|46
1405|27
1406|14
1407|31
1408|6
1409|20
1410|21
1411|34
1412|31
1413|27
1414|6
1415|28
1416|42
1417|16
1418|6
1419|9
1420|25
1421|1
1422|18
1423|38
1424|30
1425|45
1426|12
1427|27
1428|21
1429|34
1430|5
1431|26
1432|36
1433|28
1434|36
1435|23
1436|30
1437|1
1438|1
1439|8
1440|44
1441|27
1442|30
1443|9
1444|45
1445|16
1446|48
1447|13
1448|46
1449|23
1450|10
1451|28
1452|17
1453|3
1454|26
1455|36
1456|34
1457|10
1458|42
1459|21
1460|29
1461|44
1462|46
1463|22
1464|22
1465|22
1466|23
1467|20
1468|44
1469|41
1470|32
1471|14
1472|28
1473|23
1474|25
1475|5
1476|45
1477|21
1478|35
1479|3
1480|39
1481|35
1482|6
1483|5
1484|21
1485|17
1486|49
1487|6
1488|26
1489|11
1490|32
1491|19
1492|39
1493|14
1494|28
1495|8
1496|23
1497|22
1498|44
1499|21
1500|42
1501|34
1502|29
1503|13
1504|31
1505|26
1506|21
1507|10
1508|32
1509|44
1510|45
1511|35
1512|35
1513|3
1514|17
1515|46
1516|21
1517|4
1518|1
1519|13
1520|21
1521|29
1522|9
1523|45
1524|15
1525|11
1526|41
1527|19
1528|35
1529|46
1530|15
1531|14
1532|46
1533|18
1534|24
1535|49
1536|35
1537|41
1538|5
1539|20
1540|41
1541|14
1542|34
1543|8
1544|33
1545|28
1546|29
1547|38
1548|3
1549|10
1550|38
1551|11
1552|19
1553|22
1554|46
1555|31
1556|21
1557|8
1558|47
1559|10
1560|22
1561|16
1562|44
1563|0
1564|17
1565|1
1566|41
1567|14
1568|19
1569|24
1570|20
1571|20
1572|10
1573|37
1574|28
1575|3
1576|48
1577|22
1578|48
1579|26
1580|48
1581|2
1582|6
1583|13
1584|1
1585|19
1586|23
1587|42
1588|0
1589|8
1590|34
1591|6
1592|39
1593|12
1594|46
1595|21
1596|45
1597|32
1598|46
1599|21
1600|39
1601|14
1602|34
1603|8
1604|7
1605|13
1606|46
1607|8
1608|30
1609|30
1610|35
1611|14
1612|8
1613|4
1614|9
1615|6
1616|8
1617|5
1618|21
1619|18
1620|17
1621|44
1622|19
1623|34
1624|40
1625|6
1626|1
1627|10
1628|44
1629|3
1630|47
1631|36
1632|3
1633|19
1634|45
1635|12
1636|3
1637|9
1638|30
1639|12
1640|17
1641|23
1642|12
1643|7
1644|8
1645|44
1646|1
1647|15
1648|14
1649|12
1650|48
1651|9
1652|8
1653|21
1654|8
1655|7
1656|40
1657|24
1658|25
1659|45
1660|41
1661|4
1662|28
1663|1
1664|9
1665|21
1666|48
1667|0
1668|44
1669|15
1670|21
1671|48
1672|11
1673|42
1674|17
1675|19
1676|40
1677|48
1678|7
1679|41
1680|26
1681|27
1682|37
1683|43
1684|45
1685|13
1686|30
1687|8
1688|42
1689|26
1690|15
1691|40
1692|10
1693|2
1694|29
1695|33
1696|45
1697|10
1698|13
1699|48
1700|34
1701|33
1702|22
1703|11
1704|18
1705|10
1706|29
1707|0
1708|24
1709|36
1710|27
1711|14
1712|22
1713|29
1714|39
1715|8
1716|9
1717|46
1718|10
1719|19
1720|38
1721|12
1722|41
1723|23
1724|37
1725|23
1726|5
1727|49
1728|37
1729|49
1730|38
1731|27
1732|43
1733|4
1734|7
1735|16
1736|6
1737|7
1738|33
1739|11
1740|17
1741|21
1742|2
1743|25
1744|26
1745|29
1746|19
1747|43
1748|43
1749|1
1750|8
1751|7
1752|18
1753|6
1754|4
1755|39
1756|2
1757|11
1758|32
1759|23
1760|44
1761|27
1762|29
1763|17
1764|3
1765|40
1766|37
1767|44
1768|40
1769|47
1770|43
1771|48
1772|36
1773|13
1774|28
1775|43
1776|4
1777|49
1778|18
1779|48
1780|43
1781|12
1782|17
1783|33
1784|1
1785|16
1786|8
1787|22
1788|35
1789|48
1790|3
1791|29
1792|35
1793|35
1794|11
1795|38
1796|12
1797|11
1798|13
1799|16
1800|42
1801|33
1802|11
1803|22
1804|29
1805|27
1806|20
1807|32
1808|18
1809|37
1810|12
1811|19
1812|29
1813|47
1814|20
1815|48
1816|28
1817|2
1818|48
1819|19
1820|24
1821|36
1822|11
1823|41
1824|44
1825|23
1826|10
1827|40
1828|30
1829|2
1830|17
1831|10
1832|43
1833|11
1834|2
1835|20
1836|12
1837|35
1838|28
1839|17
1840|42
1841|40
1842|22
1843|24
1844|19
1845|15
1846|1
1847|47
1848|23
1849|48
1850|36
1851|34
1852|14
1853|48
1854|10
1855|48
1856|31
1857|48
1858|2
1859|35
1860|28
1861|47
1862|21
1863|13
1864|38
1865|41
1866|44
1867|12
1868|6
1869|31
1870|18
1871|28
1872|27
1873|10
1874|42
1875|18
1876|26
1877|18
1878|14
1879|46
1880|17
1881|20
1882|19
1883|39
1884|15
1885|47
1886|47
1887|49
1888|38
1889|32
1890|14
1891|24
1892|45
1893|38
1894|11
1895|40
1896|7
1897|27
1898|5
1899|44
1900|31
1901|40
1902|24
1903|38
1904|44
1905|7
1906|7
1907|25
1908|9
1909|22
1910|11
1911|4
1912|37
1913|48
1914|36
1915|35
1916|13
1917|1
1918|39
1919|42
1920|33
1921|22
1922|21
1923|13
1924|36
1925|37
1926|39
1927|29
1928|21
1929|18
1930|36
1931|49
1932|10
1933|34
1934|43
1935|47
1936|5
1937|37
1938|24
1939|10
1940|38
1941|28
1942|38
1943|30
1944|19
1945|18
1946|42
1947|44
1948|37
1949|48
1950|28
1951|15
1952|26
1953|23
1954|24
1955|34
1956|16
1957|43
1958|41
1959|21
1960|13
1961|1
1962|1
1963|13
1964|21
1965|3
1966|41
1967|12
1968|48
1969|46
1970|10
1971|32
1972|25
1973|20
1974|18
1975|1
1976|30
1977|13
1978|6
1979|2
1980|11
1981|36
1982|8
1983|42
1984|0
1985|5
1986|38
1987|9
1988|22
1989|30
1990|23
1991|17
1992|3
1993|35
1994|13
1995|4
1996|20
1997|23
1998|43
1999|2
2000|13
2001|4
2002|31
2003|39
2004|15
2005|40
2006|6
2007|22
2008|48
2009|11
2010|41
2011|21
2012|35
2013|15
2014|33
2015|48
2016|16
2017|48
2018|2
2019|40
2020|8
2021|18
2022|32
2023|46
2024|17
2025|20
2026|6
2027|12
2028|6
2029|29
2030|49
2031|15
2032|32
2033|19
2034|40
2035|17
2036|41
2037|5
2038|14
2039|39
2040|31
2041|0
2042|30
2043|7
2044|43
2045|16
2046|41
2047|40
2048|40
2049|20
2050|49
2051|27
2052|0
2053|4
2054|15
2055|31
2056|22
2057|37
2058|35
2059|31
2060|2
2061|35
2062|30
2063|24
2064|3
2065|11
2066|38
2067|13
2068|45
2069|11
2070|5
2071|39
2072|30
2073|45
2074|34
2075|8
2076|29
2077|6
2078|36
2079|0
2080|46
2081|21
2082|4
2083|48
2084|41
2085|16
2086|2
2087|29
2088|0
2089|9
2090|32
2091|43
2092|34
2093|25
2094|44
2095|12
2096|35
2097|26
2098|12
2099|3
2100|45
2101|8
2102|44
2103|7
2104|24
2105|5
2106|32
2107|4
2108|21
2109|12
2110|30
2111|16
2112|46
2113|33
2114|40
2115|10
2116|2
2117|47
2118|38
2119|19
2120|44
2121|18
2122|0
2123|49
2124|26
2125|20
2126|30
2127|12
2128|36
2129|28
2130|16
2131|9
2132|47
2133|19
2134|15
2135|34
2136|22
2137|35
2138|4
2139|26
2140|11
2141|6
2142|20
2143|31
2144|14
2145|24
2146|9
2147|27
2148|27
2149|45
2150|15
2151|11
2152|29
2153|17
2154|30
2155|19
2156|43
2157|20
2158|34
2159|25
2160|37
2161|9
2162|10
2163|49
2164|30
2165|44
2166|27
2167|9
2168|38
2169|3
2170|45
2171|40
2172|9
2173|2
2174|43
2175|39
2176|26
2177|46
2178|30
2179|43
2180|38
2181|46
2182|1
2183|16
2184|25
2185|41
2186|29
2187|9
2188|49
2189|35
2190|16
2191|39
2192|39
2193|21
2194|49
2195|13
2196|31
2197|37
2198|6
2199|24
2200|16
2201|48
2202|17
2203|22
2204|13
2205|18
2206|47
2207|33
2208|27
2209|21
2210|7
2211|21
2212|38
2213|46
2214|47
2215|11
2216|19
2217|42
2218|42
2219|21
2220|10
2221|24
2222|8
2223|35
2224|18
2225|10
2226|46
2227|29
2228|16
2229|28
2230|4
2231|18
2232|35
2233|3
2234|41
2235|30
2236|11
2237|17
2238|15
2239|20
2240|11
2241|38
2242|9
2243|43
2244|13
2245|39
2246|25
2247|26
2248|37
2249|7
2250|26
2251|27
2252|13
2253|35
2254|35
2255|31
2256|33
2257|44
2258|4
2259|4
2260|29
2261|28
2262|25
2263|20
2264|26
2265|30
2266|19
2267|14
2268|21
2269|42
2270|11
2271|18
2272|43
2273|47
2274|6
2275|41
2276|33
2277|24
2278|14
2279|4
2280|26
2281|37
2282|20
2283|18
2284|41
2285|2
2286|33
2287|29
2288|3
2289|33
2290|0
2291|44
2292|37
2293|49
2294|40
2295|41
2296|45
2297|6
2298|36
2299|45
2300|44
2301|26
2302|42
2303|32
2304|12
2305|32
2306|49
2307|37
2308|13
2309|29
2310|32
2311|37
2312|17
2313|26
2314|9
2315|42
2316|2
2317|36
2318|17
2319|43
2320|30
2321|38
2322|20
2323|27
2324|18
2325|47
2326|25
2327|16
2328|33
2329|10
2330|24
2331|17
2332|32
2333|27
2334|28
2335|15
2336|14
2337|44
2338|38
2339|13
2340|48
2341|35
2342|15
2343|48
2344|34
2345|19
2346|2
2347|45
2348|8
2349|25
2350|4
2351|21
2352|48
2353|32
2354|6
2355|26
2356|22
2357|49
2358|49
2359|38
2360|11
2361|49
2362|29
2363|48
2364|39
2365|5
2366|40
2367|46
2368|0
2369|8
2370|29
2371|39
2372|46
2373|14
2374|35
2375|9
2376|3
2377|15
2378|36
2379|23
2380|20
2381|33
2382|24
2383|12
2384|26
2385|43
2386|3
2387|46
2388|29
2389|13
2390|26
2391|44
2392|31
2393|47
2394|42
2395|12
2396|22
2397|38
2398|4
2399|44
2400|40
2401|10
2402|45
2403|35
2404|45
2405|10
2406|28
2407|38
2408|21
2409|46
2410|4
2411|2
2412|0
2413|10
2414|18
2415|24
2416|15
2417|4
2418|12
2419|19
2420|3
2421|29
2422|20
2423|4
2424|49
2425|20
2426|41
2427|13
2428|30
2429|35
2430|12
2431|18
2432|33
2433|1
2434|12
2435|40
2436|4
2437|20
2438|46
2439|36
2440|17
2441|7
2442|8
2443|46
2444|14
2445|41
2446|39
2447|16
2448|33
2449|29
2450|46
2451|48
2452|6
2453|38
2454|12
2455|45
2456|4
2457|19
2458|46
2459|40
2460|45
2461|26
2462|10
2463|29
2464|46
2465|20
2466|12
2467|4
2468|25
2469|12
2470|33
2471|3
2472|29
2473|3
2474|27
2475|0
2476|37
2477|5
2478|47
2479|47
2480|28
2481|47
2482|45
2483|21
2484|36
2485|6
2486|18
2487|32
2488|29
2489|38
2490|34
2491|35
2492|3
2493|9
2494|36
2495|1
2496|31
2497|40
2498|46
2499|11
2500|31
2501|4
2502|7
2503|2
2504|26
2505|14
2506|27
2507|32
2508|30
2509|37
2510|28
2511|48
2512|39
2513|25
2514|44
2515|16
2516|23
2517|11
2518|23
2519|47
2520|2
2521|31
2522|12
2523|8
2524|25
2525|17
2526|26
2527|43
2528|0
2529|9
2530|25
2531|49
2532|6
2533|24
2534|38
2535|43
2536|39
2537|1
2538|19
2539|40
2540|7
2541|43
2542|38
2543|49
2544|19
2545|28
2546|43
2547|29
2548|25
2549|38
2550|25
2551|13
2552|3
2553|44
2554|10
2555|33
2556|35
2557|0
2558|2
2559|14
2560|2
2561|12
2562|21
2563|26
2564|6
2565|27
2566|17
2567|12
2568|40
2569|7
2570|21
2571|44
2572|20
2573|18
2574|21
2575|45
2576|16
2577|33
2578|39
2579|1
2580|20
2581|19
2582|24
2583|11
2584|35
2585|44
2586|20
2587|48
2588|21
2589|16
2590|38
2591|7
2592|22
2593|10
2594|36
2595|31
2596|10
2597|47
2598|20
2599|38
2600|25
2601|37
2602|8
2603|40
2604|40
2605|7
2606|8
2607|2
2608|23
2609|20
2610|0
2611|8
2612|16
2613|10
2614|30
2615|12
2616|15
2617|0
2618|15
2619|26
2620|30
2621|43
2622|30
2623|20
2624|6
2625|29
2626|41
2627|38
2628|33
2629|16
2630|28
2631|33
2632|11
2633|20
2634|27
2635|1
2636|9
2637|32
2638|38
2639|48
2640|13
2641|31
2642|13
2643|36
2644|14
2645|0
2646|28
2647|33
2648|26
2649|1
2650|15
2651|1
2652|45
2653|12
2654|0
2655|6
2656|25
2657|6
2658|34
2659|7
2660|19
2661|3
2662|25
2663|28
2664|11
2665|24
2666|41
2667|27
2668|32
2669|15
2670|21
2671|21
2672|30
2673|41
2674|15
2675|11
2676|2
2677|37
2678|46
2679|9
2680|46
2681|3
2682|16
2683|9
2684|42
2685|30
2686|34
2687|31
2688|15
2689|26
2690|7
2691|22
2692|6
2693|20
2694|12
2695|43
2696|49
2697|41
2698|41
2699|4
2700|36
2701|3
2702|46
2703|46
2704|27
2705|3
2706|1
2707|27
2708|42
2709|25
2710|33
2711|11
2712|29
2713|29
2714|41
2715|4
2716|13
2717|8
2718|19
2719|7
2720|3
2721|48
2722|41
2723|43
2724|31
2725|9
2726|41
2727|33
2728|40
2729|24
2730|38
2731|0
2732|36
2733|45
2734|4
2735|9
2736|22
2737|12
2738|18
2739|29
2740|37
2741|14
2742|4
2743|45
2744|8
2745|22
2746|30
2747|14
2748|17
2749|14
2750|5
2751|48
2752|34
2753|48
2754|10
2755|25
2756|28
2757|47
2758|25
2759|43
2760|1
2761|42
2762|25
2763|23
2764|47
2765|31
2766|11
2767|12
2768|23
2769|29
2770|21
2771|27
2772|44
2773|2
2774|21
2775|28
2776|14
2777|42
2778|18
2779|43
2780|32
2781|17
2782|33
2783|7
2784|44
2785|42
2786|11
2787|10
2788|43
2789|12
2790|15
2791|11
2792|2
2793|44
2794|9
2795|34
2796|16
2797|15
2798|14
2799|0
2800|44
2801|32
2802|43
2803|31
2804|21
2805|5
2806|13
2807|31
2808|9
2809|24
2810|7
2811|48
2812|1
2813|32
2814|11
2815|46
2816|35
2817|9
2818|48
2819|40
2820|35
2821|38
2822|45
2823|46
2824|33
2825|47
2826|29
2827|45
2828|0
2829|7
2830|33
2831|32
2832|43
2833|32
2834|1
2835|27
2836|0
2837|17
2838|23
2839|47
2840|45
2841|19
2842|2
2843|19
2844|18
2845|43
2846|24
2847|28
2848|38
2849|21
2850|49
2851|31
2852|35
2853|26
2854|3
2855|7
2856|45
2857|7
2858|34
2859|28
2860|8
2861|15
2862|11
2863|38
2864|10
2865|6
2866|28
2867|33
2868|33
2869|11
2870|35
2871|29
2872|20
2873|42
2874|9
2875|38
2876|11
2877|28
2878|48
2879|47
2880|24
2881|26
2882|37
2883|33
2884|1
2885|38
2886|19
2887|3
2888|41
2889|41
2890|37
2891|35
2892|43
2893|27
2894|18
2895|48
2896|38
2897|46
2898|40
2899|41
2900|23
2901|8
2902|43
2903|9
2904|12
2905|31
2906|45
2907|27
2908|19
2909|12
2910|25
2911|27
2912|25
2913|28
2914|32
2915|37
2916|25
2917|48
2918|23
2919|33
2920|19
2921|21
2922|4
2923|42
2924|5
2925|17
2926|3
2927|3
2928|10
2929|38
2930|18
2931|29
2932|43
2933|39
2934|49
2935|32
2936|27
2937|28
2938|9
2939|44
2940|11
2941|10
2942|13
2943|17
2944|38
2945|44
2946|4
2947|31
2948|42
2949|38
2950|25
2951|14
2952|9
2953|14
2954|48
2955|18
2956|45
2957|32
2958|44
2959|27
2960|48
2961|37
2962|4
2963|20
2964|15
2965|44
2966|45
2967|9
2968|18
2969|41
2970|16
2971|0
2972|1
2973|33
2974|45
2975|33
2976|24
2977|1
2978|6
2979|43
2980|32
2981|31
2982|15
2983|43
2984|48
2985|13
2986|19
2987|43
2988|39
2989|44
2990|5
2991|38
2992|30
2993|41
2994|31
2995|16
2996|31
2997|45
2998|18
2999|13
3000|6
