0|39
1|18
2|34
3|36
4|26
5|34
6|26
7|38
8|48
9|33
10|35
11|15
12|18
13|16
14|23
15|24
16|15
17|30
18|31
19|5
20|43
21|9
22|33
23|4
24|39
25|29
26|30
27|13
28|34
29|27
30|24
31|27
32|22
33|14
34|4
35|30
36|39
37|25
38|3
39|18
40|26
41|19
42|34
43|48
44|18
45|43
46|13
47|38
48|42
49|23
50|8
51|29
52|17
53|32
54|40
55|1
56|29
57|32
58|22
59|34
60|4
61|12
62|14
63|18
64|12
65|42
66|24
67|10
68|31
69|11
70|12
71|45
72|20
73|9
74|46
75|9
76|36
77|29
78|15
79|3
80|17
81|29
82|24
83|0
84|5
85|1
86|22
87|4
88|6
89|28
90|30
91|18
92|3
93|18
94|48
95|19
96|22
97|45
98|0
99|35
100|0
101|42
102|0
103|3
104|30
105|48
106|24
107|20
108|12
109|33
110|22
111|16
112|27
113|0
114|27
115|25
116|9
117|12
118|23
119|25
120|15
121|43
122|28
123|3
124|19
125|38
126|7
127|4
128|26
129|22
130|6
131|17
132|9
133|37
134|29
135|3
136|7
137|17
138|40
139|8
140|18
141|42
142|48
143|7
144|25
145|15
146|11
147|32
148|42
149|38
150|15
151|9
152|1
153|9
154|10
155|11
156|30
157|4
158|1
159|12
160|21
161|37
162|34
163|12
164|0
165|4
166|15
167|49
168|17
169|18
170|0
171|26
172|32
173|44
174|36
175|45
176|8
177|10
178|11
179|6
180|31
181|13
182|34
183|35
184|46
185|39
186|2
187|10
188|43
189|34
190|3
191|11
192|14
193|34
194|20
195|49
196|8
197|10
198|3
199|42
200|22
201|4
202|3
203|18
204|45
205|16
206|29
207|1
208|48
209|12
210|20
211|36
212|42
213|23
214|32
215|29
216|15
217|26
218|4
219|3
220|2
221|41
222|35
223|31
224|12
225|38
226|45
227|4
228|39
229|3
230|15
231|3
232|43
233|31
234|28
235|22
236|6
237|37
238|45
239|43
240|35
241|7
242|24
243|7
244|31
245|12
246|32
247|30
248|31
249|9
250|1
251|5
252|47
253|27
254|49
255|45
256|9
257|48
258|27
259|46
260|9
261|9
262|10
263|24
264|41
265|24
266|17
267|37
268|48
269|15
270|47
271|24
272|15
273|4
274|20
275|20
276|12
277|15
278|48
279|1
280|32
281|23
282|13
283|38
284|19
285|13
286|47
287|6
288|3
289|38
290|40
291|44
292|23
293|22
294|29
295|30
296|33
297|41
298|1
299|7
300|25
301|3
302|33
303|34
304|49
305|46
306|34
307|22
308|35
309|16
310|19
311|4
312|27
313|12
314|0
315|30
316|16
317|19
318|39
319|15
320|24
321|14
322|18
323|38
324|3
325|10
326|0
327|44
328|12
329|5
330|6
331|24
332|15
333|25
334|7
335|5
336|5
337|2
338|21
339|2
340|13
341|14
342|38
343|29
344|27
345|16
346|16
347|17
348|20
349|48
350|44
351|20
352|35
353|23
354|39
355|8
356|23
357|23
358|40
359|36
360|20
361|13
362|40
363|5
364|44
365|17
366|33
367|6
368|35
369|16
370|33
371|19
372|38
373|21
374|16
375|7
376|17
377|2
378|25
379|48
380|45
381|22
382|38
383|43
384|48
385|20
386|42
387|44
388|49
389|17
390|38
391|28
392|16
393|16
394|46
395|27
396|5
397|23
398|21
399|24
400|26
401|34
402|3
403|18
404|46
405|26
406|24
407|9
408|21
409|36
410|45
411|20
412|22
413|33
414|38
415|21
416|13
417|40
418|29
419|19
420|9
421|26
422|13
423|23
424|45
425|9
426|12
427|2
428|20
429|27
430|18
431|25
432|37
433|29
434|4
435|41
436|32
437|21
438|34
439|13
440|41
441|3
442|17
443|33
444|6
445|17
446|25
447|35
448|9
449|17
450|42
451|46
452|32
453|6
454|46
455|26
456|3
457|41
458|41
459|34
460|43
461|13
462|18
463|24
464|16
465|32
466|24
467|49
468|0
469|27
470|39
471|6
472|49
473|41
474|15
475|26
476|8
477|4
478|26
479|20
480|33
481|20
482|33
483|23
484|47
485|15
486|22
487|23
488|7
489|19
490|44
491|45
492|43
493|37
494|16
495|32
496|40
497|24
498|7
499|35
500|33
501|42
502|40
503|7
504|48
505|5
506|49
507|17
508|24
509|16
510|2
511|14
512|28
513|38
514|8
515|14
516|33
517|31
518|16
519|30
520|17
521|38
522|46
523|18
524|44
525|15
526|15
527|19
528|2
529|6
530|34
531|0
532|21
533|10
534|10
535|32
536|40
537|43
538|36
539|46
540|49
541|3
542|27
543|1
544|48
545|12
546|3
547|25
548|44
549|49
550|34
551|44
552|42
553|13
554|42
555|2
556|34
557|11
558|34
559|16
560|9
561|28
562|33
563|49
564|34
565|25
566|46
567|23
568|11
569|10
570|7
571|16
572|26
573|47
574|2
575|20
576|20
577|44
578|43
579|49
580|22
581|1
582|39
583|36
584|15
585|33
586|28
587|11
588|39
589|21
590|40
591|23
592|24
593|48
594|12
595|37
596|37
597|26
598|45
599|13
600|12
601|42
602|22
603|13
604|15
605|14
606|20
607|9
608|15
609|33
610|48
611|33
612|29
613|34
614|34
615|23
616|2
617|7
618|5
619|45
620|10
621|33
622|5
623|40
624|41
625|37
626|7
627|17
628|7
629|41
630|37
631|17
632|40
633|15
634|30
635|48
636|38
637|47
638|21
639|15
640|29
641|39
642|40
643|37
644|46
645|42
646|37
647|47
648|21
649|49
650|15
651|39
652|25
653|29
654|40
655|31
656|23
657|26
658|2
659|14
660|47
661|37
662|29
663|45
664|26
665|18
666|3
667|5
668|11
669|23
670|20
671|39
672|39
673|35
674|10
675|26
676|16
677|12
678|21
679|36
680|4
681|36
682|30
683|22
684|14
685|37
686|22
687|48
688|40
689|4
690|19
691|39
692|28
693|44
694|8
695|18
696|40
697|14
698|23
699|32
700|46
701|10
702|11
703|13
704|32
705|26
706|13
707|16
708|4
709|14
710|18
711|5
712|9
713|28
714|22
715|6
716|24
717|12
718|27
719|35
720|31
721|33
722|20
723|18
724|19
725|49
726|4
727|21
728|5
729|48
730|29
731|0
732|34
733|19
734|33
735|28
736|43
737|19
738|23
739|27
740|12
741|15
742|7
743|47
744|36
745|42
746|10
747|25
748|41
749|0
750|22
751|3
752|39
753|44
754|48
755|48
756|7
757|10
758|11
759|30
760|36
761|19
762|17
763|26
764|40
765|12
766|36
767|12
768|16
769|45
770|7
771|6
772|10
773|48
774|26
775|20
776|39
777|38
778|30
779|11
780|38
781|16
782|3
783|17
784|38
785|32
786|17
787|23
788|16
789|39
790|28
791|23
792|15
793|27
794|18
795|28
796|16
797|16
798|48
799|42
800|35
801|34
802|45
803|23
804|14
805|23
806|43
807|24
808|36
809|25
810|47
811|33
812|5
813|33
814|39
815|25
816|41
817|40
818|29
819|1
820|34
821|18
822|49
823|15
824|3
825|38
826|9
827|12
828|36
829|33
830|26
831|35
832|11
833|8
834|8
835|1
836|33
837|26
838|25
839|21
840|17
841|18
842|44
843|2
844|46
845|25
846|34
847|39
848|17
849|38
850|15
851|23
852|12
853|7
854|25
855|23
856|3
857|47
858|4
859|47
860|12
861|0
862|44
863|29
864|8
865|16
866|8
867|38
868|23
869|41
870|42
871|23
872|13
873|12
874|30
875|2
876|35
877|3
878|17
879|5
880|27
881|38
882|44
883|33
884|38
885|8
886|19
887|7
888|34
889|17
890|1
891|13
892|44
893|7
894|27
895|46
896|24
897|18
898|24
899|20
900|48
901|10
902|34
903|16
904|48
905|8
906|42
907|27
908|40
909|26
910|9
911|21
912|1
913|3
914|44
915|42
916|31
917|25
918|39
919|48
920|18
921|5
922|27
923|27
924|29
925|16
926|33
927|41
928|33
929|2
930|27
931|20
932|39
933|33
934|28
935|31
936|6
937|23
938|28
939|48
940|12
941|12
942|30
943|17
944|24
945|15
946|10
947|11
948|5
949|2
950|24
951|32
952|28
953|43
954|2
955|27
956|27
957|23
958|16
959|27
960|11
961|23
962|17
963|27
964|38
965|34
966|25
967|27
968|28
969|24
970|43
971|4
972|36
973|37
974|29
975|8
976|39
977|4
978|2
979|8
980|8
981|25
982|41
983|3
984|8
985|6
986|18
987|45
988|18
989|34
990|44
991|4
992|26
993|15
994|12
995|31
996|29
997|30
998|31
999|11
1000|33
1001|16
1002|45
1003|43
1004|0
1005|25
1006|35
1007|11
1008|30
1009|2
1010|5
1011|27
1012|19
1013|19
1014|37
1015|41
1016|35
1017|6
1018|7
1019|46
1020|29
1021|39
1022|32
1023|1
1024|34
1025|3
1026|6
1027|14
1028|35
1029|12
1030|34
1031|6
1032|21
1033|4
1034|12
1035|47
1036|32
1037|14
1038|47
1039|6
1040|48
1041|9
1042|11
1043|26
1044|44
1045|23
1046|13
1047|22
1048|16
1049|40
1050|39
1051|38
1052|41
1053|26
1054|4
1055|14
1056|16
1057|32
1058|13
1059|23
1060|12
1061|34
1062|25
1063|41
1064|23
1065|41
1066|28
1067|28
1068|48
1069|34
1070|2
1071|39
1072|4
1073|32
1074|21
1075|22
1076|47
1077|29
1078|48
1079|6
1080|25
1081|38
1082|22
1083|6
1084|19
1085|19
1086|17
1087|34
1088|3
1089|17
1090|38
1091|34
1092|34
1093|7
1094|34
1095|1
1096|20
1097|18
1098|28
1099|23
1100|8
1101|49
1102|26
1103|36
1104|48
1105|41
1106|12
1107|35
1108|36
1109|14
1110|35
1111|4
1112|20
1113|11
1114|5
1115|37
1116|35
1117|42
1118|40
1119|40
1120|0
1121|46
1122|49
1123|41
1124|46
1125|49
1126|31
1127|14
1128|37
1129|40
1130|2
1131|41
1132|7
1133|14
1134|46
1135|33
1136|27
1137|28
1138|28
1139|40
1140|49
1141|0
1142|36
1143|25
1144|9
1145|46
1146|0
1147|23
1148|44
1149|18
1150|16
1151|2
1152|12
1153|47
1154|4
1155|9
1156|12
1157|5
1158|21
1159|13
1160|7
1161|34
1162|18
1163|36
1164|5
1165|46
1166|3
1167|46
1168|34
1169|18
1170|43
1171|4
1172|21
1173|36
1174|34
1175|40
1176|34
1177|44
1178|9
1179|44
1180|11
1181|23
1182|29
1183|41
1184|29
1185|29
1186|33
1187|31
1188|34
1189|11
1190|38
1191|15
1192|22
1193|40
1194|10
1195|0
1196|49
1197|5
1198|38
1199|2
1200|15
1201|45
1202|38
1203|48
1204|11
1205|10
1206|8
1207|47
1208|21
1209|18
1210|14
1211|36
1212|44
1213|42
1214|2
1215|3
1216|3
1217|27
1218|35
1219|3
1220|24
1221|24
1222|23
1223|16
1224|38
1225|3
1226|18
1227|22
1228|35
1229|0
1230|40
1231|39
1232|33
1233|0
1234|2
1235|17
1236|19
1237|47
1238|5
1239|36
1240|32
1241|33
1242|3
1243|30
1244|31
1245|41
1246|34
1247|40
1248|26
1249|48
1250|28
1251|15
1252|47
1253|2
1254|30
1255|42
1256|24
1257|27
1258|9
1259|8
1260|7
1261|47
1262|4
1263|36
1264|45
1265|5
1266|1
1267|6
1268|7
1269|33
1270|40
1271|6
1272|31
1273|44
1274|11
1275|45
1276|26
1277|13
1278|42
1279|49
1280|34
1281|21
1282|2
1283|44
1284|39
1285|5
1286|48
1287|45
1288|23
1289|48
1290|1
1291|0
1292|2
1293|45
1294|37
1295|8
1296|13
1297|37
1298|12
1299|33
1300|3
1301|48
1302|35
1303|48
1304|24
1305|28
1306|2
1307|37
1308|37
1309|0
1310|27
1311|23
1312|16
1313|5
1314|39
1315|21
1316|40
1317|45
1318|36
1319|7
1320|48
1321|5
1322|46
1323|11
1324|27
1325|28
1326|19
1327|33
1328|2
1329|34
1330|43
1331|8
1332|15
1333|24
1334|39
1335|10
1336|43
1337|36
1338|4
1339|48
1340|15
1341|49
1342|4
1343|9
1344|11
1345|9
1346|29
1347|14
1348|17
1349|42
1350|10
1351|44
1352|36
1353|32
1354|38
1355|44
1356|35
1357|11
1358|23
1359|36
1360|1
1361|5
1362|47
1363|4
1364|28
1365|35
1366|41
1367|40
1368|5
1369|10
1370|47
1371|16
1372|8
1373|43
1374|44
1375|31
1376|11
1377|45
1378|3
1379|45
1380|16
1381|44
1382|23
1383|33
1384|49
1385|7
1386|27
1387|21
1388|29
1389|14
1390|24
1391|12
1392|29
1393|25
1394|36
1395|34
1396|10
1397|29
1398|10
1399|9
1400|25
1401|29
1402|5
1403|48
1404|47
1405|4
1406|41
1407|19
1408|31
1409|7
1410|18
1411|14
1412|9
1413|5
1414|28
1415|34
1416|26
1417|15
1418|47
1419|22
1420|24
1421|45
1422|42
1423|9
1424|23
1425|27
1426|33
1427|18
1428|11
1429|12
1430|25
1431|2
1432|3
1433|37
1434|28
1435|41
1436|4
1437|25
1438|40
1439|42
1440|5
1441|0
1442|0
1443|44
1444|7
1445|13
1446|26
1447|26
1448|30
1449|21
1450|12
1451|10
1452|31
1453|4
1454|0
1455|35
1456|47
1457|34
1458|17
1459|12
1460|46
1461|38
1462|42
1463|5
1464|0
1465|27
1466|37
1467|9
1468|41
1469|31
1470|30
1471|9
1472|42
1473|16
1474|42
1475|20
1476|26
1477|38
1478|14
1479|32
1480|1
1481|46
1482|17
1483|18
1484|41
1485|41
1486|19
1487|45
1488|3
1489|29
1490|38
1491|26
1492|45
1493|11
1494|38
1495|11
1496|6
1497|17
1498|18
1499|21
1500|13
1501|10
1502|15
1503|33
1504|5
1505|28
1506|19
1507|18
1508|16
1509|26
1510|23
1511|4
1512|49
1513|25
1514|16
1515|2
1516|41
1517|36
1518|2
1519|35
1520|36
1521|29
1522|26
1523|47
1524|29
1525|27
1526|4
1527|49
1528|36
1529|28
1530|5
1531|49
1532|28
1533|36
1534|30
1535|32
1536|9
1537|18
1538|43
1539|18
1540|0
1541|15
1542|30
1543|33
1544|7
1545|1
1546|45
1547|12
1548|41
1549|41
1550|24
1551|28
1552|17
1553|41
1554|6
1555|18
1556|2
1557|21
1558|9
1559|41
1560|31
1561|16
1562|32
1563|5
1564|4
1565|47
1566|1
1567|30
1568|33
1569|43
1570|45
1571|0
1572|18
1573|39
1574|27
1575|43
1576|31
1577|47
1578|27
1579|41
1580|7
1581|32
1582|20
1583|11
1584|15
1585|10
1586|0
1587|5
1588|20
1589|41
1590|4
1591|15
1592|18
1593|42
1594|23
1595|8
1596|33
1597|19
1598|42
1599|16
1600|3
1601|17
1602|47
1603|43
1604|30
1605|13
1606|29
1607|12
1608|41
1609|43
1610|27
1611|31
1612|11
1613|37
1614|1
1615|10
1616|26
1617|21
1618|24
1619|26
1620|20
1621|42
1622|25
1623|0
1624|33
1625|2
1626|33
1627|44
1628|49
1629|9
1630|2
1631|12
1632|43
1633|23
1634|2
1635|44
1636|34
1637|3
1638|43
1639|30
1640|21
1641|15
1642|31
1643|10
1644|17
1645|10
1646|33
1647|32
1648|13
1649|27
1650|36
1651|18
1652|37
1653|48
1654|5
1655|37
1656|15
1657|41
1658|4
1659|28
1660|41
1661|12
1662|42
1663|19
1664|40
1665|32
1666|39
1667|37
1668|31
1669|28
1670|23
1671|43
1672|11
1673|40
1674|26
1675|39
1676|49
1677|43
1678|17
1679|25
1680|1
1681|40
1682|18
1683|25
1684|30
1685|40
1686|49
1687|0
1688|45
1689|40
1690|6
1691|42
1692|24
1693|34
1694|12
1695|28
1696|39
1697|7
1698|13
1699|44
1700|10
1701|3
1702|34
1703|23
1704|11
1705|48
1706|6
1707|28
1708|47
1709|15
1710|34
1711|14
1712|22
1713|33
1714|16
1715|49
1716|34
1717|8
1718|18
1719|6
1720|19
1721|14
1722|29
1723|44
1724|8
1725|34
1726|18
1727|5
1728|39
1729|31
1730|8
1731|12
1732|36
1733|42
1734|48
1735|13
1736|15
1737|1
1738|34
1739|27
1740|28
1741|32
1742|23
1743|12
1744|25
1745|24
1746|10
1747|2
1748|22
1749|23
1750|25
1751|35
1752|8
1753|4
1754|47
1755|37
1756|31
1757|0
1758|30
1759|17
1760|21
1761|29
1762|13
1763|48
1764|1
1765|20
1766|6
1767|44
1768|13
1769|30
1770|20
1771|34
1772|26
1773|7
1774|31
1775|43
1776|33
1777|22
1778|43
1779|12
1780|23
1781|44
1782|38
1783|10
1784|49
1785|25
1786|3
1787|30
1788|31
1789|5
1790|31
1791|28
1792|43
1793|2
1794|38
1795|30
1796|29
1797|6
1798|12
1799|13
1800|33
1801|19
1802|13
1803|19
1804|19
1805|25
1806|8
1807|1
1808|7
1809|23
1810|31
1811|1
1812|1
1813|21
1814|2
1815|18
1816|44
1817|46
1818|17
1819|19
1820|26
1821|33
1822|4
1823|7
1824|36
1825|7
1826|41
1827|8
1828|38
1829|28
1830|42
1831|18
1832|25
1833|21
1834|0
1835|16
1836|6
1837|8
1838|27
1839|23
1840|25
1841|6
1842|34
1843|17
1844|28
1845|44
1846|8
1847|39
1848|8
1849|49
1850|37
1851|22
1852|1
1853|33
1854|23
1855|29
1856|1
1857|1
1858|28
1859|0
1860|25
1861|28
1862|31
1863|31
1864|19
1865|19
1866|37
1867|40
1868|15
1869|3
1870|3
1871|26
1872|48
1873|16
1874|3
1875|49
1876|11
1877|37
1878|33
1879|34
1880|2
1881|36
1882|45
1883|2
1884|36
1885|3
1886|22
1887|16
1888|36
1889|34
1890|33
1891|13
1892|37
1893|34
1894|21
1895|17
1896|9
1897|12
1898|14
1899|23
1900|8
1901|27
1902|1
1903|34
1904|19
1905|36
1906|38
1907|16
1908|44
1909|0
1910|38
1911|29
1912|6
1913|8
1914|1
1915|39
1916|1
1917|1
1918|5
1919|48
1920|15
1921|3
1922|25
1923|22
1924|25
1925|40
1926|4
1927|24
1928|38
1929|45
1930|8
1931|5
1932|24
1933|28
1934|6
1935|18
1936|34
1937|11
1938|30
1939|31
1940|34
1941|1
1942|20
1943|6
1944|17
1945|5
1946|12
1947|0
1948|41
1949|21
1950|19
1951|22
1952|7
1953|46
1954|20
1955|9
1956|34
1957|48
1958|19
1959|43
1960|47
1961|13
1962|47
1963|11
1964|9
1965|21
1966|26
1967|1
1968|1
1969|46
1970|5
1971|27
1972|47
1973|40
1974|40
1975|44
1976|2
1977|33
1978|22
1979|31
1980|22
1981|21
1982|37
1983|41
1984|38
1985|20
1986|46
1987|16
1988|23
1989|0
1990|25
1991|33
1992|18
1993|27
1994|22
1995|45
1996|35
1997|23
1998|46
1999|45
2000|29
2001|26
2002|6
2003|45
2004|31
2005|47
2006|34
2007|20
2008|20
2009|9
2010|33
2011|34
2012|25
2013|45
2014|9
2015|33
2016|6
2017|47
2018|13
2019|16
2020|23
2021|1
2022|4
2023|2
2024|48
2025|28
2026|27
2027|37
2028|21
2029|3
2030|11
2031|18
2032|40
2033|46
2034|22
2035|47
2036|43
2037|38
2038|21
2039|2
2040|3
2041|25
2042|5
2043|24
2044|42
2045|5
2046|41
2047|19
2048|13
2049|40
2050|49
2051|40
2052|25
2053|0
2054|32
2055|25
2056|7
2057|31
2058|2
2059|29
2060|27
2061|14
2062|6
2063|1
2064|32
2065|9
2066|21
2067|47
2068|17
2069|48
2070|38
2071|13
2072|32
2073|48
2074|12
2075|28
2076|31
2077|9
2078|14
2079|37
2080|19
2081|35
2082|27
2083|20
2084|12
2085|45
2086|20
2087|44
2088|12
2089|13
2090|11
2091|21
2092|49
2093|22
2094|44
2095|7
2096|39
2097|0
2098|12
2099|44
2100|43
2101|22
2102|49
2103|24
2104|18
2105|31
2106|12
2107|40
2108|15
2109|43
2110|12
2111|44
2112|30
2113|9
2114|29
2115|44
2116|48
2117|25
2118|36
2119|32
2120|22
2121|19
2122|49
2123|29
2124|6
2125|1
2126|48
2127|42
2128|9
2129|8
2130|8
2131|37
2132|25
2133|6
2134|25
2135|29
2136|39
2137|5
2138|47
2139|46
2140|39
2141|5
2142|14
2143|49
2144|16
2145|20
2146|27
2147|18
2148|43
2149|33
2150|44
2151|19
2152|20
2153|38
2154|45
2155|27
2156|2
2157|47
2158|10
2159|11
2160|34
2161|44
2162|45
2163|16
2164|43
2165|17
2166|12
2167|45
2168|44
2169|43
2170|8
2171|29
2172|28
2173|43
2174|3
2175|40
2176|41
2177|43
2178|7
2179|9
2180|8
2181|39
2182|13
2183|30
2184|9
2185|15
2186|3
2187|43
2188|47
2189|11
2190|15
2191|16
2192|24
2193|47
2194|23
2195|23
2196|10
2197|21
2198|28
2199|34
2200|16
2201|44
2202|7
2203|13
2204|47
2205|35
2206|1
2207|32
2208|29
2209|17
2210|33
2211|24
2212|23
2213|8
2214|9
2215|48
2216|33
2217|12
2218|27
2219|39
2220|9
2221|32
2222|20
2223|18
2224|11
2225|33
2226|11
2227|47
2228|31
2229|8
2230|12
2231|24
2232|47
2233|45
2234|20
2235|44
2236|11
2237|40
2238|9
2239|13
2240|12
2241|43
2242|17
2243|27
2244|31
2245|38
2246|47
2247|43
2248|30
2249|38
2250|3
2251|45
2252|5
2253|46
2254|33
2255|26
2256|32
2257|33
2258|45
2259|38
2260|42
2261|4
2262|29
2263|35
2264|30
2265|11
2266|26
2267|23
2268|13
2269|24
2270|12
2271|21
2272|42
2273|34
2274|0
2275|2
2276|8
2277|1
2278|27
2279|2
2280|45
2281|24
2282|31
2283|23
2284|25
2285|8
2286|46
2287|48
2288|39
2289|33
2290|8
2291|38
2292|19
2293|30
2294|3
2295|45
2296|8
2297|35
2298|49
2299|11
2300|25
2301|10
2302|21
2303|41
2304|34
2305|27
2306|48
2307|28
2308|34
2309|43
2310|38
2311|45
2312|41
2313|43
2314|40
2315|44
2316|23
2317|20
2318|28
2319|27
2320|0
2321|1
2322|12
2323|18
2324|16
2325|16
2326|35
2327|32
2328|35
2329|22
2330|45
2331|34
2332|29
2333|31
2334|3
2335|18
2336|46
2337|49
2338|39
2339|39
2340|20
2341|40
2342|35
2343|42
2344|5
2345|41
2346|6
2347|34
2348|12
2349|35
2350|17
2351|37
2352|10
2353|48
2354|31
2355|41
2356|1
2357|47
2358|8
2359|45
2360|44
2361|49
2362|6
2363|34
2364|42
2365|3
2366|1
2367|15
2368|18
2369|26
2370|23
2371|15
2372|3
2373|22
2374|38
2375|0
2376|4
2377|35
2378|37
2379|45
2380|26
2381|17
2382|16
2383|18
2384|18
2385|48
2386|27
2387|7
2388|43
2389|17
2390|25
2391|5
2392|0
2393|37
2394|32
2395|0
2396|33
2397|49
2398|5
2399|44
2400|41
2401|15
2402|22
2403|8
2404|4
2405|33
2406|2
2407|24
2408|2
2409|21
2410|15
2411|36
2412|12
2413|17
2414|40
2415|3
2416|40
2417|37
2418|1
2419|14
2420|46
2421|16
2422|33
2423|33
2424|27
2425|7
2426|1
2427|30
2428|4
2429|28
2430|2
2431|49
2432|30
2433|30
2434|9
2435|26
2436|6
2437|25
2438|24
2439|29
2440|2
2441|36
2442|14
2443|32
2444|8
2445|17
2446|35
2447|9
2448|45
2449|12
2450|19
2451|5
2452|24
2453|20
2454|39
2455|45
2456|30
2457|11
2458|43
2459|10
2460|34
2461|0
2462|30
2463|3
2464|27
2465|22
2466|28
2467|19
2468|10
2469|46
2470|45
2471|25
2472|16
2473|43
2474|19
2475|45
2476|22
2477|27
2478|22
2479|8
2480|38
2481|14
2482|16
2483|32
2484|28
2485|37
2486|1
2487|5
2488|16
2489|18
2490|3
2491|7
2492|42
2493|19
2494|11
2495|9
2496|7
2497|19
2498|23
2499|45
2500|31
2501|30
2502|8
2503|24
2504|9
2505|15
2506|14
2507|15
2508|40
2509|19
2510|21
2511|1
2512|0
2513|14
2514|39
2515|44
2516|14
2517|20
2518|8
2519|16
2520|22
2521|2
2522|27
2523|12
2524|37
2525|41
2526|41
2527|16
2528|27
2529|18
2530|28
2531|40
2532|45
2533|13
2534|10
2535|7
2536|18
2537|41
2538|35
2539|27
2540|32
2541|45
2542|8
2543|45
2544|36
2545|39
2546|7
2547|15
2548|9
2549|1
2550|1
2551|30
2552|16
2553|32
2554|13
2555|33
2556|47
2557|40
2558|3
2559|40
2560|16
2561|31
2562|17
2563|38
2564|28
2565|43
2566|44
2567|1
2568|37
2569|30
2570|32
2571|37
2572|41
2573|47
2574|4
2575|16
2576|24
2577|26
2578|30
2579|21
2580|25
2581|15
2582|23
2583|5
2584|2
2585|0
2586|13
2587|2
2588|20
2589|44
2590|44
2591|5
2592|3
2593|43
2594|3
2595|37
2596|15
2597|44
2598|10
2599|29
2600|46
2601|1
2602|47
2603|15
2604|19
2605|13
2606|30
2607|31
2608|28
2609|42
2610|19
2611|19
2612|26
2613|12
2614|49
2615|3
2616|36
2617|45
2618|31
2619|38
2620|14
2621|23
2622|13
2623|22
2624|46
2625|16
2626|4
2627|37
2628|45
2629|15
2630|49
2631|29
2632|39
2633|46
2634|9
2635|28
2636|3
2637|3
2638|6
2639|2
2640|5
2641|29
2642|0
2643|34
2644|16
2645|20
2646|22
2647|19
2648|15
2649|2
2650|26
2651|19
2652|36
2653|27
2654|31
2655|1
2656|7
2657|45
2658|4
2659|25
2660|0
2661|46
2662|42
2663|35
2664|44
2665|42
2666|38
2667|19
2668|19
2669|48
2670|24
2671|9
2672|30
2673|48
2674|39
2675|30
2676|11
2677|6
2678|48
2679|35
2680|13
2681|14
2682|14
2683|0
2684|48
2685|12
2686|7
2687|17
2688|1
2689|33
2690|31
2691|49
2692|13
2693|34
2694|48
2695|12
2696|16
2697|43
2698|6
2699|10
2700|45
2701|40
2702|36
2703|44
2704|12
2705|11
2706|20
2707|49
2708|20
2709|18
2710|0
2711|49
2712|38
2713|22
2714|17
2715|48
2716|20
2717|3
2718|40
2719|15
2720|17
2721|15
2722|43
2723|25
2724|27
2725|18
2726|41
2727|33
2728|46
2729|14
2730|27
2731|31
2732|44
2733|14
2734|4
2735|23
2736|36
2737|13
2738|3
2739|34
2740|4
2741|3
2742|33
2743|41
2744|49
2745|31
2746|27
2747|32
2748|27
2749|8
2750|22
2751|5
2752|2
2753|24
2754|13
2755|26
2756|21
2757|8
2758|8
2759|44
2760|3
2761|0
2762|3
2763|17
2764|8
2765|32
2766|36
2767|40
2768|40
2769|2
2770|33
2771|19
2772|3
2773|30
2774|13
2775|2
2776|35
2777|42
2778|44
2779|7
2780|9
2781|42
2782|26
2783|0
2784|15
2785|33
2786|27
2787|31
2788|27
2789|43
2790|21
2791|17
2792|44
2793|15
2794|26
2795|14
2796|23
2797|20
2798|49
2799|2
2800|12
2801|33
2802|44
2803|46
2804|37
2805|47
2806|10
2807|13
2808|7
2809|22
2810|5
2811|30
2812|30
2813|45
2814|33
2815|12
2816|8
2817|39
2818|40
2819|36
2820|33
2821|28
2822|22
2823|7
2824|7
2825|48
2826|3
2827|15
2828|37
2829|43
2830|9
2831|40
2832|29
2833|36
2834|8
2835|10
2836|24
2837|2
2838|25
2839|35
2840|0
2841|34
2842|22
2843|6
2844|40
2845|0
2846|4
2847|14
2848|0
2849|49
2850|33
2851|11
2852|19
2853|9
2854|11
2855|21
2856|12
2857|21
2858|0
2859|16
2860|7
2861|17
2862|3
2863|40
2864|19
2865|4
2866|31
2867|36
2868|28
2869|35
2870|20
2871|26
2872|34
2873|45
2874|48
2875|2
2876|32
2877|15
2878|0
2879|7
2880|6
2881|32
2882|41
2883|10
2884|24
2885|34
2886|13
2887|17
2888|7
2889|18
2890|21
2891|21
2892|49
2893|13
2894|44
2895|44
2896|22
2897|31
2898|33
2899|4
2900|18
2901|0
2902|20
2903|8
2904|44
2905|6
2906|36
2907|23
2908|21
2909|42
2910|33
2911|3
2912|44
2913|24
2914|11
2915|40
2916|48
2917|31
2918|14
2919|10
2920|28
2921|10
2922|48
2923|47
2924|21
2925|6
2926|43
2927|24
2928|40
2929|48
2930|37
2931|44
2932|48
2933|33
2934|2
2935|35
2936|21
2937|16
2938|1
2939|29
2940|0
2941|13
2942|14
2943|10
2944|45
2945|21
2946|7
2947|48
2948|35
2949|44
2950|29
2951|39
2952|25
2953|14
2954|41
2955|19
2956|40
2957|42
2958|21
2959|22
2960|18
2961|4
2962|47
2963|1
2964|27
2965|26
2966|26
2967|3
2968|5
2969|38
2970|21
2971|33
2972|23
2973|5
2974|40
2975|33
2976|14
2977|6
2978|30
2979|18
2980|0
2981|31
2982|24
2983|8
2984|30
2985|35
2986|45
2987|13
2988|0
2989|25
2990|47
2991|32
2992|21
2993|12
2994|11
2995|37
2996|29
2997|31
2998|37
2999|46
3000|2
