0|35
1|43
2|32
3|21
4|36
5|38
6|26
7|33
8|5
9|37
10|42
11|32
12|8
13|15
14|38
15|23
16|34
17|34
18|47
19|43
20|15
21|26
22|40
23|20
24|17
25|29
26|45
27|16
28|28
29|35
30|41
31|41
32|9
33|8
34|27
35|14
36|8
37|19
38|45
39|23
40|46
41|9
42|39
43|47
44|34
45|33
46|31
47|17
48|33
49|30
50|32
51|25
52|30
53|12
54|17
55|8
56|29
57|4
58|33
59|35
60|42
61|1
62|31
63|11
64|1
65|13
66|30
67|42
68|14
69|6
70|12
71|27
72|8
73|16
74|8
75|37
76|34
77|36
78|26
79|27
80|38
81|41
82|34
83|49
84|16
85|41
86|4
87|31
88|2
89|45
90|22
91|38
92|16
93|46
94|1
95|11
96|35
97|32
98|26
99|28
100|46
101|2
102|10
103|1
104|40
105|20
106|31
107|21
108|2
109|36
110|11
111|17
112|34
113|12
114|4
115|47
116|22
117|49
118|1
119|44
120|20
121|25
122|29
123|34
124|13
125|15
126|19
127|44
128|27
129|44
130|16
131|31
132|21
133|2
134|31
135|6
136|49
137|45
138|41
139|3
140|3
141|22
142|17
143|17
144|48
145|17
146|19
147|41
148|46
149|11
150|8
151|45
152|35
153|40
154|8
155|6
156|33
157|37
158|44
159|0
160|0
161|27
162|15
163|25
164|28
165|31
166|11
167|31
168|2
169|45
170|17
171|35
172|26
173|10
174|18
175|3
176|40
177|21
178|17
179|43
180|13
181|18
182|25
183|14
184|45
185|32
186|32
187|10
188|33
189|47
190|12
191|29
192|12
193|46
194|0
195|30
196|34
197|19
198|26
199|10
200|37
201|48
202|7
203|8
204|36
205|9
206|16
207|23
208|19
209|18
210|47
211|17
212|22
213|13
214|40
215|22
216|40
217|3
218|32
219|35
220|8
221|38
222|19
223|32
224|15
225|4
226|32
227|7
228|23
229|0
230|44
231|17
232|30
233|40
234|28
235|35
236|35
237|2
238|29
239|3
240|6
241|21
242|48
243|25
244|15
245|10
246|13
247|16
248|8
249|29
250|15
251|47
252|33
253|23
254|15
255|7
256|29
257|13
258|49
259|11
260|32
261|11
262|44
263|12
264|23
265|19
266|5
267|27
268|41
269|22
270|1
271|25
272|31
273|18
274|16
275|38
276|9
277|15
278|11
279|26
280|17
281|18
282|26
283|24
284|16
285|44
286|41
287|36
288|23
289|21
290|14
291|12
292|30
293|38
294|24
295|2
296|11
297|7
298|39
299|10
300|13
301|10
302|9
303|15
304|34
305|5
306|42
307|16
308|15
309|23
310|30
311|12
312|34
313|14
314|21
315|0
316|5
317|28
318|23
319|48
320|32
321|22
322|38
323|6
324|43
325|21
326|32
327|26
328|26
329|14
330|45
331|36
332|27
333|13
334|3
335|49
336|33
337|20
338|27
339|16
340|26
341|27
342|14
343|4
344|35
345|41
346|5
347|43
348|34
349|39
350|1
351|30
352|47
353|40
354|21
355|6
356|14
357|31
358|2
359|34
360|2
361|10
362|0
363|27
364|49
365|14
366|1
367|49
368|18
369|43
370|46
371|23
372|9
373|2
374|22
375|7
376|18
377|3
378|41
379|27
380|40
381|30
382|37
383|42
384|38
385|49
386|48
387|33
388|19
389|12
390|36
391|42
392|34
393|13
394|31
395|15
396|5
397|4
398|37
399|19
400|30
401|18
402|6
403|45
404|48
405|1
406|37
407|2
408|6
409|25
410|38
411|7
412|33
413|7
414|47
415|42
416|48
417|49
418|23
419|17
420|7
421|21
422|5
423|2
424|44
425|26
426|18
427|24
428|8
429|28
430|49
431|12
432|45
433|27
434|20
435|37
436|49
437|18
438|13
439|35
440|4
441|27
442|39
443|44
444|47
445|9
446|48
447|17
448|20
449|48
450|34
451|5
452|15
453|47
454|9
455|17
456|10
457|33
458|20
459|41
460|31
461|41
462|46
463|28
464|44
465|46
466|33
467|49
468|37
469|15
470|39
471|26
472|49
473|22
474|34
475|42
476|17
477|25
478|7
479|21
480|46
481|44
482|38
483|40
484|26
485|43
486|29
487|42
488|14
489|15
490|26
491|20
492|21
493|18
494|26
495|13
496|7
497|41
498|39
499|37
500|35
501|33
502|13
503|8
504|1
505|28
506|12
507|25
508|20
509|36
510|30
511|15
512|4
513|4
514|0
515|30
516|37
517|12
518|0
519|27
520|31
521|8
522|20
523|46
524|30
525|25
526|17
527|26
528|22
529|7
530|35
531|3
532|16
533|45
534|3
535|40
536|39
537|48
538|0
539|36
540|23
541|7
542|12
543|27
544|6
545|41
546|6
547|49
548|46
549|45
550|37
551|39
552|27
553|27
554|41
555|20
556|25
557|17
558|21
559|0
560|18
561|36
562|28
563|9
564|41
565|0
566|0
567|36
568|0
569|32
570|29
571|22
572|37
573|41
574|38
575|39
576|44
577|19
578|46
579|34
580|0
581|19
582|26
583|36
584|46
585|44
586|33
587|46
588|21
589|26
590|42
591|45
592|39
593|41
594|1
595|1
596|28
597|16
598|28
599|38
600|8
601|41
602|2
603|32
604|0
605|17
606|28
607|24
608|37
609|21
610|48
611|36
612|35
613|3
614|48
615|6
616|9
617|33
618|49
619|6
620|30
621|27
622|46
623|27
624|15
625|10
626|41
627|28
628|42
629|8
630|42
631|48
632|12
633|16
634|27
635|8
636|0
637|30
638|41
639|47
640|40
641|49
642|13
643|2
644|44
645|0
646|43
647|22
648|12
649|10
650|13
651|25
652|3
653|46
654|18
655|26
656|14
657|40
658|44
659|49
660|39
661|13
662|9
663|33
664|5
665|11
666|49
667|0
668|30
669|37
670|18
671|48
672|45
673|10
674|12
675|40
676|12
677|21
678|2
679|12
680|10
681|44
682|49
683|28
684|27
685|8
686|48
687|49
688|47
689|27
690|19
691|2
692|6
693|2
694|8
695|28
696|8
697|16
698|14
699|9
700|45
701|47
702|43
703|23
704|38
705|18
706|13
707|20
708|19
709|41
710|40
711|25
712|19
713|16
714|48
715|37
716|10
717|11
718|24
719|21
720|46
721|38
722|37
723|9
724|18
725|45
726|2
727|39
728|29
729|27
730|20
731|4
732|28
733|7
734|40
735|15
736|13
737|24
738|16
739|9
740|8
741|19
742|11
743|41
744|23
745|42
746|0
747|5
748|35
749|47
750|40
751|0
752|47
753|18
754|1
755|32
756|43
757|6
758|21
759|30
760|34
761|12
762|47
763|23
764|24
765|39
766|29
767|4
768|28
769|24
770|47
771|38
772|28
773|34
774|34
775|48
776|44
777|48
778|46
779|9
780|31
781|49
782|4
783|36
784|3
785|41
786|2
787|23
788|11
789|38
790|28
791|41
792|8
793|25
794|31
795|7
796|43
797|22
798|30
799|13
800|30
801|0
802|49
803|11
804|38
805|2
806|26
807|41
808|12
809|11
810|2
811|47
812|39
813|36
814|37
815|36
816|48
817|9
818|48
819|26
820|30
821|15
822|37
823|23
824|21
825|6
826|13
827|40
828|44
829|36
830|20
831|18
832|13
833|26
834|47
835|38
836|34
837|12
838|45
839|19
840|8
841|48
842|22
843|23
844|29
845|23
846|11
847|16
848|34
849|12
850|26
851|24
852|6
853|19
854|22
855|7
856|15
857|40
858|35
859|3
860|28
861|36
862|39
863|1
864|43
865|18
866|13
867|16
868|43
869|24
870|39
871|6
872|1
873|33
874|11
875|32
876|6
877|3
878|14
879|34
880|30
881|14
882|33
883|32
884|34
885|0
886|25
887|33
888|26
889|46
890|18
891|19
892|1
893|38
894|47
895|37
896|31
897|32
898|33
899|26
900|34
901|7
902|1
903|30
904|3
905|36
906|29
907|5
908|37
909|21
910|18
911|0
912|36
913|3
914|16
915|36
916|25
917|42
918|2
919|24
920|18
921|32
922|13
923|4
924|24
925|47
926|30
927|9
928|12
929|26
930|42
931|37
932|43
933|39
934|34
935|8
936|33
937|13
938|49
939|48
940|0
941|22
942|21
943|46
944|10
945|39
946|42
947|34
948|6
949|18
950|18
951|20
952|31
953|15
954|8
955|32
956|11
957|33
958|21
959|49
960|7
961|14
962|28
963|21
964|35
965|11
966|12
967|20
968|32
969|17
970|13
971|12
972|8
973|14
974|44
975|2
976|29
977|32
978|2
979|22
980|9
981|38
982|43
983|43
984|19
985|30
986|4
987|40
988|49
989|18
990|44
991|19
992|32
993|20
994|4
995|30
996|49
997|40
998|18
999|48
1000|43
1001|44
1002|41
1003|4
1004|15
1005|19
1006|5
1007|32
1008|19
1009|34
1010|36
1011|12
1012|35
1013|40
1014|27
1015|38
1016|39
1017|37
1018|33
1019|41
1020|21
1021|39
1022|42
1023|22
1024|48
1025|2
1026|39
1027|21
1028|3
1029|25
1030|26
1031|35
1032|0
1033|19
1034|17
1035|2
1036|30
1037|24
1038|29
1039|29
1040|12
1041|38
1042|5
1043|38
1044|49
1045|17
1046|32
1047|35
1048|32
1049|9
1050|11
1051|35
1052|1
1053|36
1054|22
1055|42
1056|24
1057|47
1058|15
1059|13
1060|34
1061|25
1062|35
1063|6
1064|21
1065|48
1066|48
1067|40
1068|28
1069|1
1070|9
1071|42
1072|8
1073|35
1074|22
1075|1
1076|12
1077|47
1078|8
1079|43
1080|5
1081|42
1082|27
1083|41
1084|1
1085|13
1086|39
1087|11
1088|8
1089|47
1090|43
1091|22
1092|23
1093|25
1094|35
1095|43
1096|24
1097|32
1098|12
1099|7
1100|8
1101|15
1102|42
1103|26
1104|10
1105|17
1106|19
1107|21
1108|38
1109|7
1110|6
1111|12
1112|47
1113|36
1114|16
1115|13
1116|35
1117|17
1118|42
1119|20
1120|26
1121|11
1122|4
1123|45
1124|29
1125|18
1126|43
1127|32
1128|24
1129|25
1130|42
1131|14
1132|5
1133|40
1134|16
1135|24
1136|6
1137|43
1138|2
1139|33
1140|19
1141|25
1142|0
1143|24
1144|12
1145|41
1146|12
1147|18
1148|45
1149|7
1150|3
1151|46
1152|20
1153|29
1154|47
1155|7
1156|8
1157|41
1158|26
1159|14
1160|20
1161|19
1162|27
1163|21
1164|49
1165|27
1166|28
1167|35
1168|48
1169|25
1170|18
1171|20
1172|19
1173|4
1174|34
1175|10
1176|32
1177|27
1178|5
1179|9
1180|37
1181|29
1182|21
1183|29
1184|2
1185|0
1186|7
1187|14
1188|22
1189|11
1190|28
1191|14
1192|15
1193|16
1194|44
1195|39
1196|19
1197|34
1198|28
1199|25
1200|7
1201|29
1202|15
1203|22
1204|5
1205|36
1206|30
1207|37
1208|27
1209|23
1210|1
1211|26
1212|30
1213|15
1214|6
1215|7
1216|39
1217|42
1218|47
1219|32
1220|43
1221|11
1222|35
1223|11
1224|21
1225|32
1226|5
1227|39
1228|13
1229|34
1230|41
1231|19
1232|29
1233|26
1234|32
1235|0
1236|31
1237|12
1238|34
1239|29
1240|21
1241|31
1242|8
1243|9
1244|18
1245|26
1246|28
1247|7
1248|19
1249|24
1250|5
1251|44
1252|16
1253|4
1254|18
1255|38
1256|43
1257|31
1258|37
1259|39
1260|38
1261|10
1262|26
1263|21
1264|32
1265|44
1266|2
1267|32
1268|1
1269|37
1270|11
1271|6
1272|46
1273|2
1274|20
1275|11
1276|41
1277|44
1278|5
1279|49
1280|43
1281|35
1282|16
1283|5
1284|27
1285|24
1286|28
1287|42
1288|44
1289|45
1290|10
1291|33
1292|35
1293|25
1294|17
1295|29
1296|31
1297|22
1298|6
1299|44
1300|16
1301|10
1302|25
1303|49
1304|44
1305|47
1306|8
1307|17
1308|20
1309|1
1310|4
1311|37
1312|31
1313|9
1314|44
1315|11
1316|12
1317|34
1318|33
1319|43
1320|12
1321|30
1322|26
1323|20
1324|20
1325|4
1326|23
1327|4
1328|16
1329|4
1330|34
1331|38
1332|37
1333|30
1334|29
1335|44
1336|22
1337|40
1338|42
1339|17
1340|8
1341|32
1342|37
1343|36
1344|41
1345|12
1346|37
1347|36
1348|22
1349|42
1350|42
1351|31
1352|37
1353|46
1354|1
1355|17
1356|0
1357|22
1358|37
1359|12
1360|11
1361|24
1362|47
1363|0
1364|42
1365|6
1366|28
1367|46
1368|34
1369|34
1370|45
1371|30
1372|41
1373|43
1374|5
1375|33
1376|20
1377|10
1378|45
1379|17
1380|48
1381|25
1382|2
1383|47
1384|35
1385|29
1386|31
1387|2
1388|20
1389|0
1390|15
1391|34
1392|35
1393|22
1394|47
1395|4
1396|14
1397|7
1398|15
1399|23
1400|44
1401|11
1402|33
1403|31
1404|10
1405|9
1406|49
1407|8
1408|18
1409|9
1410|9
1411|45
1412|33
1413|37
1414|33
1415|46
1416|6
1417|43
1418|19
1419|29
1420|27
1421|29
1422|13
1423|6
1424|28
1425|10
1426|46
1427|48
1428|48
1429|44
1430|27
1431|19
1432|43
1433|17
1434|46
1435|34
1436|0
1437|3
1438|48
1439|19
1440|11
1441|35
1442|5
1443|36
1444|41
1445|49
1446|0
1447|27
1448|25
1449|11
1450|9
1451|49
1452|13
1453|28
1454|45
1455|48
1456|8
1457|14
1458|44
1459|40
1460|1
1461|16
1462|6
1463|9
1464|43
1465|12
1466|10
1467|25
1468|26
1469|28
1470|23
1471|33
1472|11
1473|18
1474|19
1475|39
1476|39
1477|22
1478|46
1479|43
1480|8
1481|35
1482|44
1483|45
1484|29
1485|44
1486|39
1487|11
1488|18
1489|23
1490|8
1491|6
1492|20
1493|24
1494|9
1495|46
1496|10
1497|7
1498|25
1499|49
1500|48
1501|42
1502|30
1503|30
1504|44
1505|31
1506|29
1507|17
1508|10
1509|5
1510|43
1511|25
1512|26
1513|48
1514|35
1515|43
1516|30
1517|32
1518|28
1519|32
1520|14
1521|7
1522|10
1523|49
1524|41
1525|45
1526|0
1527|24
1528|35
1529|46
1530|11
1531|9
1532|23
1533|2
1534|18
1535|37
1536|19
1537|27
1538|11
1539|32
1540|28
1541|16
1542|33
1543|15
1544|41
1545|42
1546|37
1547|26
1548|30
1549|28
1550|40
1551|25
1552|44
1553|47
1554|2
1555|3
1556|31
1557|41
1558|49
1559|31
1560|10
1561|32
1562|19
1563|49
1564|10
1565|22
1566|37
1567|7
1568|9
1569|30
1570|0
1571|45
1572|48
1573|49
1574|44
1575|5
1576|35
1577|44
1578|48
1579|33
1580|0
1581|43
1582|1
1583|20
1584|15
1585|23
1586|31
1587|47
1588|10
1589|5
1590|23
1591|2
1592|1
1593|6
1594|32
1595|10
1596|35
1597|15
1598|31
1599|5
1600|20
1601|27
1602|32
1603|16
1604|19
1605|11
1606|48
1607|8
1608|13
1609|2
1610|37
1611|46
1612|29
1613|25
1614|7
1615|34
1616|0
1617|35
1618|12
1619|42
1620|37
1621|17
1622|16
1623|29
1624|5
1625|2
1626|12
1627|31
1628|13
1629|10
1630|1
1631|46
1632|36
1633|11
1634|46
1635|27
1636|10
1637|1
1638|36
1639|21
1640|47
1641|29
1642|42
1643|28
1644|11
1645|13
1646|11
1647|23
1648|40
1649|14
1650|43
1651|48
1652|5
1653|28
1654|31
1655|16
1656|18
1657|33
1658|19
1659|0
1660|9
1661|35
1662|11
1663|15
1664|43
1665|32
1666|43
1667|0
1668|19
1669|49
1670|46
1671|14
1672|3
1673|16
1674|31
1675|35
1676|7
1677|23
1678|21
1679|16
1680|28
1681|14
1682|5
1683|45
1684|34
1685|32
1686|45
1687|32
1688|48
1689|36
1690|18
1691|13
1692|10
1693|18
1694|40
1695|1
1696|19
1697|33
1698|30
1699|31
1700|20
1701|47
1702|0
1703|15
1704|5
1705|27
1706|8
1707|35
1708|34
1709|26
1710|49
1711|13
1712|41
1713|12
1714|25
1715|4
1716|29
1717|46
1718|41
1719|20
1720|6
1721|29
1722|29
1723|41
1724|26
1725|38
1726|43
1727|25
1728|17
1729|6
1730|20
1731|44
1732|12
1733|14
1734|48
1735|44
1736|17
1737|34
1738|16
1739|16
1740|22
1741|1
1742|3
1743|12
1744|4
1745|29
1746|27
1747|48
1748|33
1749|23
1750|8
1751|4
1752|22
1753|20
1754|5
1755|37
1756|29
1757|17
1758|17
1759|2
1760|21
1761|49
1762|45
1763|32
1764|19
1765|25
1766|14
1767|2
1768|30
1769|29
1770|39
1771|16
1772|2
1773|49
1774|11
1775|36
1776|4
1777|49
1778|11
1779|17
1780|47
1781|8
1782|4
1783|44
1784|32
1785|43
1786|49
1787|3
1788|22
1789|9
1790|45
1791|30
1792|19
1793|4
1794|44
1795|34
1796|5
1797|41
1798|13
1799|44
1800|17
1801|22
1802|44
1803|25
1804|17
1805|2
1806|27
1807|6
1808|31
1809|25
1810|21
1811|24
1812|47
1813|34
1814|8
1815|47
1816|27
1817|12
1818|11
1819|19
1820|18
1821|1
1822|23
1823|0
1824|22
1825|27
1826|18
1827|40
1828|12
1829|48
1830|9
1831|38
1832|34
1833|25
1834|41
1835|48
1836|6
1837|22
1838|45
1839|0
1840|23
1841|28
1842|21
1843|8
1844|4
1845|18
1846|20
1847|19
1848|35
1849|43
1850|28
1851|16
1852|20
1853|41
1854|12
1855|15
1856|42
1857|30
1858|42
1859|44
1860|26
1861|37
1862|38
1863|12
1864|43
1865|12
1866|16
1867|34
1868|11
1869|18
1870|32
1871|18
1872|40
1873|26
1874|13
1875|43
1876|35
1877|49
1878|42
1879|22
1880|20
1881|10
1882|0
1883|49
1884|29
1885|38
1886|8
1887|8
1888|12
1889|49
1890|49
1891|22
1892|41
1893|18
1894|42
1895|41
1896|28
1897|18
1898|26
1899|17
1900|12
1901|31
1902|12
1903|25
1904|36
1905|15
1906|44
1907|37
1908|8
1909|0
1910|28
1911|36
1912|4
1913|46
1914|33
1915|27
1916|39
1917|46
1918|49
1919|13
1920|22
1921|0
1922|34
1923|30
1924|9
1925|4
1926|47
1927|18
1928|37
1929|10
1930|47
1931|35
1932|31
1933|23
1934|21
1935|9
1936|18
1937|27
1938|13
1939|25
1940|18
1941|12
1942|8
1943|19
1944|49
1945|42
1946|45
1947|6
1948|33
1949|48
1950|35
1951|6
1952|44
1953|37
1954|23
1955|38
1956|45
1957|25
1958|20
1959|25
1960|17
1961|18
1962|48
1963|0
1964|21
1965|22
1966|34
1967|9
1968|33
1969|40
1970|44
1971|14
1972|8
1973|46
1974|9
1975|3
1976|32
1977|4
1978|42
1979|20
1980|48
1981|46
1982|44
1983|47
1984|27
1985|24
1986|5
1987|19
1988|12
1989|38
1990|11
1991|12
1992|23
1993|11
1994|39
1995|40
1996|14
1997|45
1998|39
1999|5
2000|28
2001|7
2002|1
2003|30
2004|48
2005|41
2006|37
2007|18
2008|14
2009|15
2010|19
2011|28
2012|30
2013|39
2014|41
2015|20
2016|16
2017|41
2018|31
2019|5
2020|13
2021|36
2022|10
2023|7
2024|20
2025|37
2026|1
2027|17
2028|12
2029|7
2030|41
2031|47
2032|7
2033|7
2034|19
2035|48
2036|15
2037|6
2038|32
2039|36
2040|13
2041|9
2042|24
2043|49
2044|40
2045|6
2046|10
2047|36
2048|18
2049|6
2050|33
2051|17
2052|15
2053|28
2054|23
2055|11
2056|10
2057|29
2058|17
2059|42
2060|30
2061|27
2062|3
2063|22
2064|18
2065|46
2066|24
2067|30
2068|42
2069|16
2070|37
2071|39
2072|13
2073|15
2074|34
2075|22
2076|33
2077|46
2078|9
2079|49
2080|6
2081|35
2082|11
2083|12
2084|24
2085|7
2086|32
2087|49
2088|1
2089|7
2090|3
2091|16
2092|35
2093|45
2094|47
2095|22
2096|41
2097|31
2098|25
2099|10
2100|7
2101|27
2102|47
2103|23
2104|24
2105|13
2106|24
2107|41
2108|27
2109|40
2110|0
2111|14
2112|5
2113|31
2114|26
2115|44
2116|38
2117|32
2118|39
2119|25
2120|3
2121|46
2122|30
2123|37
2124|46
2125|8
2126|7
2127|8
2128|11
2129|9
2130|49
2131|24
2132|35
2133|20
2134|4
2135|8
2136|40
2137|36
2138|25
2139|30
2140|9
2141|49
2142|11
2143|17
2144|4
2145|30
2146|30
2147|38
2148|23
2149|14
2150|39
2151|1
2152|11
2153|46
2154|11
2155|31
2156|16
2157|16
2158|8
2159|3
2160|35
2161|16
2162|24
2163|26
2164|13
2165|47
2166|3
2167|1
2168|46
2169|2
2170|6
2171|36
2172|32
2173|26
2174|13
2175|46
2176|33
2177|49
2178|36
2179|7
2180|45
2181|4
2182|26
2183|36
2184|24
2185|17
2186|11
2187|19
2188|31
2189|22
2190|12
2191|5
2192|38
2193|41
2194|35
2195|32
2196|39
2197|4
2198|22
2199|48
2200|7
2201|13
2202|11
2203|41
2204|44
2205|46
2206|0
2207|30
2208|42
2209|42
2210|23
2211|3
2212|29
2213|37
2214|40
2215|30
2216|43
2217|11
2218|25
2219|42
2220|39
2221|48
2222|45
2223|10
2224|18
2225|12
2226|19
2227|18
2228|2
2229|16
2230|9
2231|49
2232|21
2233|33
2234|11
2235|34
2236|6
2237|36
2238|42
2239|33
2240|22
2241|44
2242|7
2243|2
2244|36
2245|32
2246|31
2247|41
2248|4
2249|32
2250|47
2251|15
2252|47
2253|9
2254|45
2255|14
2256|13
2257|29
2258|19
2259|0
2260|7
2261|49
2262|8
2263|17
2264|9
2265|20
2266|47
2267|20
2268|43
2269|37
2270|33
2271|48
2272|0
2273|37
2274|25
2275|21
2276|0
2277|4
2278|11
2279|5
2280|49
2281|26
2282|36
2283|22
2284|11
2285|4
2286|8
2287|32
2288|47
2289|30
2290|36
2291|0
2292|43
2293|25
2294|34
2295|34
2296|4
2297|46
2298|24
2299|49
2300|45
2301|32
2302|49
2303|2
2304|12
2305|35
2306|29
2307|23
2308|42
2309|7
2310|49
2311|46
2312|24
2313|9
2314|26
2315|7
2316|23
2317|18
2318|6
2319|27
2320|22
2321|10
2322|1
2323|1
2324|33
2325|13
2326|45
2327|18
2328|27
2329|25
2330|15
2331|34
2332|35
2333|15
2334|36
2335|18
2336|49
2337|20
2338|3
2339|6
2340|0
2341|12
2342|33
2343|34
2344|19
2345|21
2346|45
2347|5
2348|35
2349|24
2350|23
2351|23
2352|45
2353|13
2354|29
2355|13
2356|13
2357|42
2358|43
2359|25
2360|30
2361|23
2362|18
2363|33
2364|38
2365|11
2366|31
2367|31
2368|42
2369|23
2370|3
2371|32
2372|25
2373|21
2374|21
2375|49
2376|33
2377|26
2378|25
2379|5
2380|22
2381|9
2382|40
2383|20
2384|45
2385|24
2386|4
2387|23
2388|41
2389|17
2390|44
2391|19
2392|15
2393|18
2394|46
2395|31
2396|35
2397|38
2398|46
2399|18
2400|0
2401|7
2402|5
2403|18
2404|46
2405|43
2406|27
2407|13
2408|29
2409|30
2410|2
2411|17
2412|43
2413|6
2414|1
2415|44
2416|34
2417|37
2418|35
2419|48
2420|36
2421|17
2422|20
2423|22
2424|10
2425|16
2426|42
2427|15
2428|4
2429|27
2430|41
2431|17
2432|17
2433|12
2434|14
2435|1
2436|6
2437|18
2438|29
2439|8
2440|17
2441|39
2442|29
2443|24
2444|43
2445|36
2446|24
2447|6
2448|6
2449|39
2450|49
2451|46
2452|45
2453|1
2454|2
2455|37
2456|32
2457|44
2458|47
2459|21
2460|36
2461|42
2462|11
2463|26
2464|5
2465|38
2466|12
2467|39
2468|8
2469|7
2470|30
2471|18
2472|35
2473|4
2474|32
2475|18
2476|32
2477|12
2478|42
2479|31
2480|27
2481|46
2482|15
2483|44
2484|9
2485|42
2486|25
2487|46
2488|9
2489|46
2490|32
2491|27
2492|14
2493|24
2494|15
2495|33
2496|4
2497|40
2498|40
2499|49
2500|44
2501|24
2502|18
2503|39
2504|37
2505|39
2506|4
2507|45
2508|19
2509|5
2510|3
2511|7
2512|17
2513|19
2514|33
2515|0
2516|26
2517|8
2518|47
2519|33
2520|47
2521|41
2522|39
2523|38
2524|44
2525|30
2526|3
2527|26
2528|33
2529|15
2530|29
2531|32
2532|20
2533|35
2534|43
2535|12
2536|49
2537|35
2538|8
2539|15
2540|45
2541|24
2542|24
2543|12
2544|9
2545|28
2546|24
2547|34
2548|29
2549|38
2550|1
2551|33
2552|23
2553|45
2554|29
2555|37
2556|13
2557|17
2558|10
2559|1
2560|38
2561|13
2562|28
2563|14
2564|27
2565|5
2566|7
2567|13
2568|28
2569|42
2570|25
2571|24
2572|22
2573|49
2574|19
2575|37
2576|19
2577|45
2578|22
2579|26
2580|17
2581|4
2582|4
2583|12
2584|49
2585|17
2586|3
2587|42
2588|38
2589|22
2590|36
2591|10
2592|11
2593|11
2594|0
2595|8
2596|4
2597|48
2598|38
2599|48
2600|22
2601|49
2602|4
2603|12
2604|13
2605|31
2606|34
2607|5
2608|41
2609|38
2610|29
2611|34
2612|38
2613|31
2614|46
2615|8
2616|29
2617|29
2618|18
2619|4
2620|3
2621|4
2622|25
2623|44
2624|35
2625|26
2626|39
2627|14
2628|38
2629|38
2630|49
2631|30
2632|9
2633|28
2634|41
2635|6
2636|11
2637|2
2638|7
2639|40
2640|40
2641|45
2642|9
2643|0
2644|43
2645|37
2646|30
2647|6
2648|38
2649|2
2650|13
2651|13
2652|33
2653|12
2654|13
2655|7
2656|10
2657|12
2658|16
2659|2
2660|16
2661|27
2662|26
2663|40
2664|26
2665|44
2666|37
2667|9
2668|24
2669|1
2670|27
2671|10
2672|18
2673|41
2674|3
2675|7
2676|17
2677|23
2678|5
2679|49
2680|36
2681|21
2682|14
2683|13
2684|47
2685|29
2686|5
2687|35
2688|12
2689|12
2690|6
2691|36
2692|14
2693|43
2694|11
2695|42
2696|11
2697|2
2698|23
2699|24
2700|3
2701|0
2702|10
2703|47
2704|6
2705|42
2706|35
2707|24
2708|45
2709|29
2710|9
2711|45
2712|39
2713|0
2714|36
2715|22
2716|15
2717|38
2718|21
2719|3
2720|13
2721|8
2722|24
2723|18
2724|39
2725|45
2726|42
2727|8
2728|13
2729|20
2730|5
2731|31
2732|31
2733|2
2734|41
2735|22
2736|2
2737|5
2738|26
2739|13
2740|17
2741|38
2742|14
2743|36
2744|22
2745|47
2746|39
2747|31
2748|28
2749|12
2750|29
2751|7
2752|46
2753|34
2754|41
2755|34
2756|40
2757|17
2758|3
2759|8
2760|4
2761|6
2762|42
2763|40
2764|38
2765|40
2766|42
2767|48
2768|36
2769|7
2770|16
2771|18
2772|40
2773|14
2774|38
2775|9
2776|33
2777|22
2778|3
2779|45
2780|33
2781|24
2782|43
2783|15
2784|36
2785|23
2786|49
2787|25
2788|1
2789|27
2790|40
2791|15
2792|40
2793|36
2794|38
2795|44
2796|45
2797|49
2798|23
2799|5
2800|46
2801|24
2802|39
2803|19
2804|19
2805|8
2806|9
2807|1
2808|42
2809|39
2810|18
2811|47
2812|23
2813|44
2814|5
2815|33
2816|13
2817|23
2818|15
2819|44
2820|34
2821|48
2822|3
2823|26
2824|3
2825|6
2826|10
2827|9
2828|35
2829|37
2830|25
2831|21
2832|22
2833|36
2834|46
2835|48
2836|18
2837|17
2838|22
2839|28
2840|43
2841|8
2842|30
2843|26
2844|4
2845|27
2846|34
2847|11
2848|6
2849|7
2850|24
2851|37
2852|0
2853|7
2854|47
2855|35
2856|35
2857|14
2858|24
2859|10
2860|29
2861|34
2862|18
2863|35
2864|13
2865|37
2866|35
2867|11
2868|5
2869|20
2870|49
2871|34
2872|1
2873|43
2874|36
2875|10
2876|48
2877|29
2878|18
2879|19
2880|8
2881|33
2882|11
2883|42
2884|5
2885|29
2886|34
2887|24
2888|31
2889|34
2890|20
2891|2
2892|25
2893|23
2894|48
2895|22
2896|48
2897|25
2898|45
2899|37
2900|31
2901|38
2902|26
2903|14
2904|41
2905|36
2906|8
2907|0
2908|38
2909|39
2910|9
2911|22
2912|18
2913|9
2914|49
2915|25
2916|45
2917|48
2918|40
2919|20
2920|3
2921|23
2922|35
2923|31
2924|9
2925|21
2926|25
2927|42
2928|21
2929|26
2930|32
2931|37
2932|24
2933|0
2934|9
2935|20
2936|36
2937|7
2938|17
2939|4
2940|44
2941|21
2942|13
2943|8
2944|21
2945|7
2946|12
2947|44
2948|34
2949|45
2950|30
2951|18
2952|38
2953|46
2954|19
2955|46
2956|45
2957|30
2958|1
2959|47
2960|48
2961|22
2962|31
2963|9
2964|0
2965|29
2966|43
2967|32
2968|2
2969|19
2970|16
2971|35
2972|2
2973|18
2974|42
2975|41
2976|36
2977|37
2978|37
2979|19
2980|48
2981|33
2982|26
2983|46
2984|22
2985|5
2986|17
2987|33
2988|40
2989|38
2990|18
2991|27
2992|31
2993|7
2994|35
2995|37
2996|49
2997|0
2998|20
2999|15
3000|12
