0|30
1|9
2|4
3|42
4|13
5|36
6|42
7|16
8|10
9|21
10|12
11|7
12|0
13|47
14|22
15|33
16|32
17|35
18|19
19|29
20|5
21|14
22|6
23|30
24|27
25|10
26|10
27|45
28|9
29|29
30|41
31|39
32|17
33|8
34|1
35|40
36|37
37|9
38|12
39|30
40|22
41|27
42|18
43|27
44|46
45|41
46|47
47|42
48|29
49|13
50|34
51|26
52|41
53|36
54|28
55|8
56|11
57|7
58|12
59|22
60|28
61|17
62|17
63|23
64|47
65|8
66|8
67|38
68|19
69|38
70|6
71|28
72|34
73|31
74|25
75|38
76|12
77|49
78|23
79|7
80|19
81|8
82|46
83|12
84|17
85|45
86|37
87|19
88|27
89|19
90|15
91|26
92|45
93|6
94|2
95|37
96|30
97|18
98|11
99|26
100|28
101|41
102|1
103|28
104|12
105|35
106|47
107|2
108|49
109|45
110|22
111|24
112|30
113|47
114|24
115|22
116|2
117|12
118|17
119|26
120|13
121|44
122|9
123|31
124|24
125|38
126|3
127|31
128|14
129|7
130|33
131|34
132|42
133|39
134|18
135|25
136|46
137|28
138|24
139|3
140|48
141|1
142|37
143|17
144|6
145|43
146|8
147|44
148|26
149|5
150|15
151|5
152|16
153|22
154|2
155|9
156|23
157|23
158|5
159|45
160|49
161|10
162|18
163|39
164|6
165|1
166|25
167|6
168|46
169|28
170|8
171|5
172|26
173|5
174|47
175|5
176|35
177|1
178|41
179|14
180|15
181|39
182|31
183|23
184|18
185|30
186|6
187|25
188|34
189|47
190|24
191|27
192|29
193|40
194|7
195|42
196|33
197|1
198|33
199|21
200|30
201|17
202|12
203|5
204|27
205|30
206|47
207|42
208|7
209|9
210|15
211|16
212|36
213|12
214|10
215|10
216|13
217|25
218|40
219|14
220|30
221|6
222|15
223|3
224|34
225|41
226|5
227|21
228|5
229|48
230|30
231|29
232|22
233|26
234|6
235|30
236|9
237|6
238|0
239|13
240|30
241|41
242|8
243|5
244|41
245|17
246|35
247|48
248|28
249|30
250|4
251|18
252|23
253|34
254|25
255|39
256|23
257|36
258|7
259|48
260|18
261|34
262|37
263|36
264|36
265|40
266|30
267|22
268|48
269|2
270|49
271|35
272|32
273|10
274|4
275|38
276|28
277|8
278|48
279|3
280|48
281|41
282|38
283|45
284|46
285|16
286|17
287|20
288|37
289|5
290|46
291|5
292|18
293|1
294|20
295|28
296|2
297|8
298|26
299|38
300|38
301|44
302|1
303|32
304|49
305|39
306|36
307|13
308|13
309|14
310|4
311|46
312|42
313|25
314|40
315|48
316|39
317|0
318|30
319|38
320|12
321|21
322|14
323|3
324|47
325|41
326|13
327|11
328|44
329|3
330|6
331|0
332|40
333|2
334|26
335|1
336|27
337|5
338|20
339|30
340|1
341|21
342|30
343|29
344|27
345|22
346|42
347|31
348|22
349|33
350|7
351|20
352|25
353|24
354|46
355|43
356|24
357|5
358|3
359|33
360|4
361|32
362|49
363|10
364|43
365|9
366|19
367|1
368|43
369|43
370|19
371|48
372|20
373|15
374|29
375|28
376|49
377|49
378|11
379|48
380|42
381|3
382|16
383|17
384|46
385|27
386|30
387|33
388|22
389|29
390|24
391|4
392|4
393|38
394|3
395|11
396|17
397|49
398|35
399|42
400|35
401|41
402|35
403|35
404|20
405|16
406|34
407|5
408|44
409|28
410|3
411|2
412|38
413|9
414|38
415|21
416|22
417|24
418|34
419|49
420|43
421|40
422|4
423|7
424|2
425|13
426|44
427|15
428|26
429|45
430|34
431|46
432|17
433|39
434|0
435|45
436|24
437|0
438|49
439|31
440|21
441|4
442|32
443|44
444|25
445|17
446|46
447|49
448|46
449|1
450|6
451|10
452|48
453|34
454|44
455|39
456|22
457|39
458|30
459|23
460|46
461|34
462|1
463|8
464|44
465|4
466|9
467|37
468|40
469|33
470|15
471|29
472|19
473|16
474|8
475|2
476|16
477|25
478|41
479|1
480|12
481|7
482|31
483|41
484|26
485|11
486|25
487|17
488|24
489|13
490|3
491|30
492|21
493|10
494|21
495|9
496|13
497|37
498|48
499|34
500|29
501|19
502|32
503|26
504|39
505|21
506|33
507|8
508|10
509|43
510|4
511|46
512|33
513|7
514|35
515|32
516|2
517|47
518|15
519|27
520|21
521|20
522|11
523|40
524|44
525|13
526|35
527|13
528|20
529|41
530|33
531|12
532|35
533|10
534|26
535|36
536|48
537|38
538|16
539|29
540|36
541|29
542|39
543|17
544|12
545|40
546|22
547|13
548|2
549|21
550|42
551|45
552|19
553|5
554|47
555|41
556|11
557|17
558|40
559|48
560|32
561|2
562|48
563|41
564|28
565|44
566|21
567|39
568|12
569|48
570|41
571|31
572|15
573|5
574|19
575|39
576|24
577|7
578|12
579|22
580|10
581|25
582|16
583|33
584|6
585|8
586|33
587|41
588|14
589|26
590|43
591|15
592|48
593|17
594|9
595|0
596|38
597|45
598|45
599|40
600|4
601|12
602|14
603|37
604|36
605|21
606|47
607|31
608|44
609|11
610|31
611|10
612|32
613|40
614|38
615|26
616|15
617|22
618|3
619|41
620|0
621|10
622|35
623|43
624|45
625|28
626|4
627|32
628|31
629|15
630|3
631|42
632|25
633|43
634|7
635|40
636|7
637|41
638|14
639|15
640|46
641|29
642|36
643|24
644|31
645|30
646|29
647|25
648|43
649|30
650|41
651|45
652|11
653|15
654|22
655|8
656|30
657|15
658|29
659|45
660|0
661|0
662|23
663|26
664|15
665|38
666|30
667|46
668|6
669|47
670|13
671|13
672|34
673|41
674|36
675|12
676|33
677|7
678|19
679|47
680|32
681|5
682|23
683|41
684|7
685|43
686|1
687|25
688|27
689|35
690|41
691|41
692|5
693|11
694|30
695|2
696|33
697|32
698|8
699|21
700|49
701|5
702|5
703|9
704|5
705|33
706|9
707|46
708|18
709|25
710|42
711|23
712|9
713|41
714|46
715|25
716|9
717|16
718|7
719|23
720|0
721|28
722|16
723|41
724|1
725|38
726|33
727|38
728|48
729|46
730|17
731|21
732|45
733|29
734|40
735|36
736|4
737|12
738|16
739|39
740|13
741|27
742|39
743|48
744|1
745|24
746|34
747|3
748|23
749|17
750|23
751|2
752|0
753|20
754|2
755|37
756|20
757|40
758|1
759|33
760|34
761|24
762|1
763|37
764|31
765|43
766|37
767|28
768|28
769|45
770|10
771|12
772|18
773|35
774|38
775|3
776|39
777|29
778|9
779|7
780|41
781|49
782|22
783|41
784|2
785|28
786|45
787|43
788|36
789|42
790|43
791|23
792|0
793|37
794|34
795|3
796|0
797|23
798|5
799|6
800|4
801|9
802|33
803|13
804|1
805|36
806|17
807|47
808|6
809|1
810|1
811|28
812|20
813|38
814|2
815|18
816|45
817|29
818|15
819|30
820|8
821|24
822|21
823|37
824|39
825|1
826|2
827|29
828|32
829|28
830|39
831|21
832|4
833|10
834|16
835|36
836|17
837|15
838|18
839|46
840|4
841|11
842|22
843|48
844|42
845|35
846|12
847|31
848|18
849|30
850|45
851|40
852|4
853|33
854|42
855|40
856|11
857|9
858|5
859|7
860|43
861|24
862|48
863|37
864|31
865|21
866|14
867|39
868|34
869|32
870|8
871|25
872|33
873|16
874|29
875|15
876|37
877|34
878|21
879|46
880|19
881|36
882|13
883|7
884|34
885|4
886|3
887|22
888|21
889|7
890|12
891|23
892|43
893|46
894|2
895|18
896|47
897|37
898|3
899|7
900|8
901|41
902|27
903|5
904|30
905|22
906|4
907|6
908|10
909|20
910|26
911|33
912|33
913|39
914|47
915|39
916|18
917|23
918|36
919|16
920|30
921|12
922|35
923|47
924|23
925|5
926|26
927|1
928|21
929|1
930|49
931|33
932|46
933|12
934|34
935|14
936|25
937|39
938|11
939|15
940|15
941|37
942|4
943|32
944|35
945|37
946|33
947|22
948|44
949|18
950|48
951|16
952|12
953|7
954|18
955|44
956|41
957|15
958|3
959|31
960|20
961|33
962|42
963|27
964|20
965|47
966|46
967|22
968|2
969|40
970|26
971|14
972|30
973|4
974|9
975|14
976|43
977|43
978|20
979|18
980|13
981|41
982|5
983|39
984|10
985|17
986|37
987|48
988|33
989|41
990|24
991|28
992|10
993|2
994|6
995|37
996|28
997|30
998|26
999|14
1000|19
1001|18
1002|9
1003|15
1004|2
1005|23
1006|0
1007|8
1008|12
1009|5
1010|2
1011|0
1012|4
1013|24
1014|28
1015|16
1016|11
1017|1
1018|6
1019|3
1020|38
1021|0
1022|0
1023|13
1024|18
1025|34
1026|22
1027|25
1028|48
1029|45
1030|36
1031|35
1032|11
1033|38
1034|25
1035|0
1036|7
1037|0
1038|22
1039|36
1040|29
1041|25
1042|34
1043|30
1044|37
1045|25
1046|15
1047|37
1048|43
1049|34
1050|18
1051|34
1052|32
1053|32
1054|27
1055|27
1056|43
1057|14
1058|42
1059|24
1060|49
1061|12
1062|47
1063|12
1064|23
1065|40
1066|20
1067|31
1068|17
1069|15
1070|20
1071|8
1072|30
1073|2
1074|27
1075|6
1076|10
1077|48
1078|38
1079|22
1080|31
1081|19
1082|23
1083|31
1084|35
1085|43
1086|46
1087|42
1088|18
1089|43
1090|26
1091|23
1092|20
1093|43
1094|11
1095|9
1096|32
1097|41
1098|44
1099|1
1100|8
1101|36
1102|3
1103|30
1104|43
1105|44
1106|28
1107|29
1108|31
1109|14
1110|2
1111|0
1112|22
1113|1
1114|39
1115|38
1116|30
1117|41
1118|16
1119|26
1120|3
1121|15
1122|8
1123|24
1124|36
1125|27
1126|40
1127|10
1128|16
1129|39
1130|35
1131|8
1132|33
1133|1
1134|41
1135|10
1136|43
1137|24
1138|36
1139|21
1140|18
1141|40
1142|3
1143|16
1144|21
1145|1
1146|20
1147|42
1148|43
1149|12
1150|46
1151|0
1152|41
1153|0
1154|29
1155|20
1156|41
1157|23
1158|10
1159|22
1160|44
1161|3
1162|35
1163|12
1164|34
1165|32
1166|9
1167|42
1168|18
1169|10
1170|39
1171|10
1172|0
1173|20
1174|18
1175|30
1176|15
1177|42
1178|30
1179|2
1180|46
1181|42
1182|15
1183|1
1184|15
1185|29
1186|33
1187|15
1188|32
1189|37
1190|43
1191|24
1192|17
1193|31
1194|28
1195|32
1196|17
1197|19
1198|24
1199|29
1200|24
1201|30
1202|0
1203|32
1204|30
1205|37
1206|11
1207|17
1208|24
1209|13
1210|42
1211|4
1212|14
1213|13
1214|5
1215|27
1216|21
1217|44
1218|41
1219|39
1220|44
1221|0
1222|42
1223|22
1224|35
1225|38
1226|16
1227|10
1228|27
1229|38
1230|15
1231|33
1232|27
1233|47
1234|5
1235|47
1236|11
1237|46
1238|27
1239|40
1240|2
1241|21
1242|6
1243|6
1244|13
1245|48
1246|47
1247|47
1248|32
1249|19
1250|38
1251|27
1252|33
1253|45
1254|43
1255|46
1256|3
1257|5
1258|48
1259|14
1260|28
1261|41
1262|47
1263|25
1264|47
1265|1
1266|12
1267|49
1268|31
1269|5
1270|37
1271|37
1272|46
1273|15
1274|49
1275|13
1276|31
1277|46
1278|9
1279|37
1280|39
1281|3
1282|39
1283|31
1284|5
1285|22
1286|29
1287|33
1288|40
1289|21
1290|2
1291|31
1292|20
1293|27
1294|20
1295|48
1296|1
1297|40
1298|17
1299|17
1300|42
1301|27
1302|31
1303|22
1304|7
1305|25
1306|28
1307|8
1308|4
1309|15
1310|27
1311|37
1312|15
1313|16
1314|11
1315|46
1316|28
1317|14
1318|33
1319|12
1320|48
1321|23
1322|18
1323|24
1324|38
1325|34
1326|33
1327|34
1328|9
1329|15
1330|15
1331|3
1332|18
1333|22
1334|4
1335|8
1336|32
1337|44
1338|18
1339|37
1340|23
1341|10
1342|31
1343|37
1344|26
1345|35
1346|30
1347|42
1348|12
1349|45
1350|32
1351|43
1352|32
1353|42
1354|35
1355|33
1356|22
1357|13
1358|18
1359|42
1360|37
1361|25
1362|40
1363|9
1364|10
1365|26
1366|49
1367|32
1368|25
1369|48
1370|35
1371|46
1372|30
1373|7
1374|29
1375|12
1376|8
1377|22
1378|43
1379|7
1380|18
1381|39
1382|35
1383|27
1384|17
1385|39
1386|15
1387|0
1388|12
1389|24
1390|23
1391|43
1392|36
1393|20
1394|19
1395|41
1396|11
1397|45
1398|39
1399|14
1400|1
1401|2
1402|0
1403|26
1404|25
1405|27
1406|18
1407|19
1408|25
1409|42
1410|12
1411|3
1412|25
1413|18
1414|24
1415|35
1416|33
1417|43
1418|43
1419|38
1420|33
1421|18
1422|38
1423|21
1424|25
1425|8
1426|45
1427|18
1428|36
1429|5
1430|9
1431|25
1432|31
1433|46
1434|29
1435|37
1436|27
1437|26
1438|0
1439|19
1440|27
1441|29
1442|21
1443|14
1444|27
1445|46
1446|24
1447|27
1448|45
1449|31
1450|44
1451|8
1452|41
1453|29
1454|21
1455|40
1456|18
1457|26
1458|45
1459|7
1460|47
1461|18
1462|41
1463|3
1464|3
1465|23
1466|45
1467|31
1468|14
1469|9
1470|0
1471|13
1472|7
1473|36
1474|5
1475|29
1476|47
1477|25
1478|22
1479|42
1480|20
1481|33
1482|41
1483|12
1484|14
1485|12
1486|41
1487|1
1488|32
1489|36
1490|10
1491|46
1492|2
1493|40
1494|48
1495|18
1496|16
1497|42
1498|35
1499|17
1500|25
