0|34
1|43
2|21
3|23
4|16
5|4
6|28
7|48
8|17
9|42
10|43
11|47
12|16
13|26
14|16
15|42
16|11
17|3
18|21
19|16
20|27
21|15
22|46
23|21
24|30
25|20
26|12
27|22
28|0
29|16
30|12
31|39
32|17
33|24
34|35
35|30
36|22
37|30
38|20
39|28
40|3
41|42
42|24
43|13
44|5
45|45
46|47
47|30
48|40
49|19
50|22
51|9
52|0
53|31
54|20
55|49
56|13
57|32
58|36
59|33
60|29
61|33
62|2
63|46
64|24
65|39
66|10
67|28
68|47
69|10
70|27
71|9
72|13
73|23
74|35
75|35
76|49
77|2
78|0
79|33
80|6
81|3
82|45
83|18
84|22
85|4
86|34
87|34
88|0
89|29
90|24
91|41
92|6
93|40
94|40
95|17
96|26
97|6
98|16
99|13
100|11
101|34
102|39
103|14
104|8
105|5
106|25
107|9
108|14
109|8
110|48
111|44
112|28
113|31
114|43
115|48
116|29
117|33
118|9
119|22
120|40
121|27
122|45
123|21
124|5
125|17
126|19
127|43
128|22
129|44
130|30
131|28
132|24
133|11
134|8
135|9
136|0
137|26
138|36
139|24
140|31
141|37
142|21
143|38
144|29
145|3
146|4
147|45
148|39
149|39
150|1
151|16
152|30
153|43
154|27
155|5
156|48
157|49
158|25
159|43
160|21
161|5
162|44
163|29
164|8
165|29
166|30
167|34
168|34
169|33
170|24
171|45
172|7
173|29
174|41
175|1
176|25
177|41
178|40
179|17
180|8
181|33
182|30
183|35
184|29
185|37
186|40
187|35
188|33
189|16
190|23
191|18
192|22
193|23
194|47
195|2
196|29
197|13
198|41
199|19
200|16
201|30
202|9
203|23
204|48
205|10
206|43
207|38
208|1
209|41
210|18
211|12
212|18
213|38
214|19
215|4
216|22
217|42
218|4
219|8
220|44
221|21
222|6
223|17
224|22
225|10
226|43
227|17
228|11
229|1
230|19
231|35
232|39
233|1
234|0
235|4
236|40
237|9
238|24
239|33
240|5
241|1
242|20
243|4
244|49
245|1
246|43
247|10
248|8
249|37
250|8
251|12
252|13
253|33
254|16
255|8
256|36
257|34
258|28
259|48
260|7
261|25
262|31
263|32
264|13
265|31
266|13
267|40
268|24
269|18
270|35
271|7
272|5
273|29
274|43
275|40
276|30
277|28
278|34
279|45
280|30
281|5
282|9
283|11
284|6
285|37
286|0
287|11
288|37
289|46
290|9
291|6
292|3
293|8
294|34
295|14
296|45
297|23
298|10
299|1
300|17
301|35
302|10
303|5
304|16
305|30
306|45
307|44
308|25
309|22
310|41
311|0
312|44
313|34
314|41
315|43
316|9
317|28
318|20
319|13
320|10
321|12
322|33
323|10
324|20
325|12
326|34
327|0
328|7
329|11
330|21
331|36
332|9
333|12
334|17
335|34
336|38
337|46
338|16
339|27
340|3
341|16
342|2
343|22
344|15
345|44
346|47
347|3
348|48
349|8
350|0
351|29
352|32
353|24
354|6
355|10
356|36
357|2
358|47
359|29
360|2
361|46
362|12
363|39
364|28
365|41
366|11
367|5
368|35
369|39
370|43
371|15
372|38
373|24
374|24
375|1
376|13
377|25
378|27
379|15
380|6
381|12
382|42
383|24
384|7
385|18
386|22
387|4
388|4
389|28
390|15
391|40
392|9
393|2
394|7
395|32
396|36
397|17
398|43
399|44
400|26
401|3
402|15
403|22
404|5
405|49
406|12
407|12
408|31
409|39
410|11
411|37
412|17
413|41
414|0
415|29
416|30
417|24
418|32
419|4
420|20
421|3
422|12
423|48
424|21
425|13
426|19
427|20
428|6
429|12
430|45
431|14
432|38
433|16
434|14
435|47
436|30
437|39
438|10
439|24
440|44
441|28
442|36
443|22
444|8
445|8
446|4
447|32
448|5
449|33
450|28
451|38
452|39
453|48
454|26
455|3
456|47
457|30
458|42
459|29
460|20
461|37
462|9
463|33
464|42
465|7
466|38
467|20
468|6
469|44
470|19
471|31
472|10
473|48
474|22
475|4
476|29
477|28
478|23
479|46
480|1
481|25
482|2
483|13
484|30
485|3
486|26
487|39
488|2
489|19
490|40
491|27
492|45
493|33
494|31
495|12
496|29
497|34
498|20
499|3
500|20
501|7
502|25
503|0
504|48
505|7
506|28
507|36
508|21
509|17
510|28
511|25
512|2
513|34
514|37
515|14
516|35
517|35
518|42
519|7
520|41
521|13
522|4
523|5
524|41
525|13
526|11
527|24
528|46
529|1
530|32
531|18
532|24
533|29
534|36
535|14
536|12
537|16
538|8
539|48
540|24
541|2
542|12
543|32
544|43
545|8
546|22
547|1
548|10
549|21
550|43
551|42
552|10
553|7
554|0
555|9
556|31
557|0
558|25
559|19
560|34
561|12
562|19
563|10
564|36
565|0
566|6
567|19
568|38
569|17
570|20
571|28
572|19
573|8
574|37
575|22
576|45
577|17
578|35
579|8
580|31
581|32
582|22
583|25
584|24
585|25
586|44
587|33
588|25
589|48
590|38
591|32
592|31
593|48
594|40
595|35
596|14
597|7
598|37
599|0
600|37
601|6
602|11
603|9
604|25
605|44
606|47
607|17
608|43
609|8
610|10
611|29
612|22
613|29
614|27
615|31
616|15
617|3
618|14
619|44
620|31
621|10
622|43
623|38
624|10
625|37
626|26
627|5
628|40
629|13
630|5
631|46
632|34
633|28
634|19
635|22
636|10
637|45
638|16
639|3
640|4
641|43
642|16
643|8
644|3
645|19
646|13
647|2
648|4
649|16
650|30
651|32
652|41
653|39
654|44
655|36
656|41
657|0
658|26
659|37
660|48
661|11
662|27
663|20
664|8
665|39
666|37
667|22
668|22
669|11
670|5
671|20
672|31
673|46
674|37
675|28
676|10
677|24
678|21
679|17
680|0
681|20
682|34
683|47
684|49
685|44
686|19
687|6
688|3
689|16
690|19
691|7
692|26
693|4
694|24
695|10
696|14
697|27
698|14
699|4
700|23
701|13
702|43
703|10
704|25
705|39
706|45
707|23
708|33
709|15
710|35
711|5
712|16
713|9
714|33
715|47
716|21
717|30
718|22
719|17
720|42
721|6
722|28
723|29
724|17
725|47
726|20
727|13
728|47
729|46
730|0
731|31
732|3
733|30
734|45
735|32
736|23
737|16
738|24
739|31
740|30
741|38
742|27
743|30
744|22
745|31
746|45
747|48
748|41
749|24
750|3
751|24
752|41
753|9
754|36
755|25
756|24
757|21
758|37
759|32
760|40
761|18
762|35
763|26
764|48
765|23
766|21
767|5
768|36
769|23
770|2
771|39
772|0
773|23
774|14
775|22
776|1
777|40
778|46
779|21
780|23
781|6
782|46
783|13
784|2
785|13
786|2
787|16
788|45
789|26
790|31
791|49
792|40
793|39
794|35
795|11
796|16
797|35
798|49
799|2
800|37
801|24
802|20
803|23
804|41
805|36
806|11
807|44
808|48
809|4
810|35
811|43
812|3
813|25
814|0
815|33
816|19
817|9
818|46
819|11
820|21
821|9
822|2
823|31
824|28
825|11
826|15
827|2
828|47
829|6
830|29
831|43
832|21
833|20
834|17
835|47
836|16
837|4
838|42
839|42
840|32
841|22
842|46
843|10
844|19
845|46
846|34
847|31
848|7
849|41
850|27
851|15
852|8
853|31
854|34
855|4
856|36
857|29
858|20
859|16
860|19
861|45
862|37
863|49
864|26
865|5
866|2
867|38
868|3
869|42
870|1
871|44
872|38
873|32
874|19
875|34
876|1
877|11
878|36
879|13
880|2
881|9
882|21
883|42
884|35
885|8
886|16
887|45
888|13
889|33
890|28
891|47
892|25
893|47
894|37
895|7
896|44
897|17
898|32
899|34
900|1
901|41
902|31
903|22
904|23
905|26
906|35
907|17
908|49
909|20
910|46
911|20
912|2
913|1
914|8
915|36
916|32
917|22
918|26
919|15
920|33
921|25
922|23
923|8
924|18
925|27
926|26
927|22
928|14
929|45
930|43
931|43
932|8
933|20
934|21
935|20
936|6
937|6
938|35
939|2
940|36
941|20
942|19
943|29
944|6
945|46
946|41
947|47
948|20
949|48
950|37
951|47
952|31
953|49
954|30
955|31
956|12
957|46
958|36
959|8
960|12
961|13
962|23
963|38
964|38
965|42
966|3
967|44
968|28
969|12
970|31
971|47
972|30
973|21
974|28
975|11
976|33
977|14
978|49
979|26
980|37
981|24
982|14
983|30
984|19
985|31
986|37
987|46
988|4
989|45
990|22
991|37
992|45
993|21
994|39
995|9
996|34
997|26
998|8
999|6
1000|32
1001|21
1002|37
1003|38
1004|6
1005|20
1006|42
1007|18
1008|15
1009|46
1010|32
1011|20
1012|11
1013|13
1014|23
1015|46
1016|10
1017|46
1018|10
1019|4
1020|6
1021|39
1022|13
1023|43
1024|18
1025|29
1026|23
1027|4
1028|20
1029|30
1030|15
1031|0
1032|23
1033|33
1034|34
1035|10
1036|25
1037|46
1038|47
1039|26
1040|22
1041|49
1042|42
1043|24
1044|46
1045|20
1046|1
1047|44
1048|6
1049|20
1050|3
1051|39
1052|0
1053|4
1054|49
1055|1
1056|5
1057|39
1058|43
1059|18
1060|9
1061|3
1062|20
1063|5
1064|44
1065|14
1066|21
1067|25
1068|37
1069|25
1070|9
1071|9
1072|27
1073|48
1074|2
1075|8
1076|2
1077|7
1078|37
1079|36
1080|34
1081|33
1082|14
1083|19
1084|37
1085|29
1086|17
1087|23
1088|17
1089|3
1090|34
1091|21
1092|43
1093|22
1094|25
1095|39
1096|36
1097|42
1098|44
1099|43
1100|29
1101|0
1102|47
1103|24
1104|24
1105|4
1106|14
1107|26
1108|15
1109|3
1110|39
1111|15
1112|14
1113|1
1114|32
1115|48
1116|27
1117|13
1118|28
1119|45
1120|46
1121|5
1122|24
1123|9
1124|0
1125|16
1126|35
1127|0
1128|10
1129|5
1130|49
1131|0
1132|26
1133|27
1134|14
1135|19
1136|15
1137|21
1138|46
1139|12
1140|25
1141|5
1142|43
1143|6
1144|13
1145|45
1146|28
1147|36
1148|29
1149|26
1150|8
1151|0
1152|15
1153|14
1154|15
1155|5
1156|16
1157|34
1158|45
1159|23
1160|48
1161|27
1162|37
1163|47
1164|32
1165|44
1166|6
1167|48
1168|35
1169|26
1170|31
1171|15
1172|20
1173|46
1174|6
1175|23
1176|34
1177|15
1178|43
1179|28
1180|41
1181|15
1182|21
1183|11
1184|21
1185|46
1186|15
1187|9
1188|34
1189|30
1190|35
1191|5
1192|35
1193|47
1194|32
1195|16
1196|45
1197|31
1198|1
1199|18
1200|42
1201|5
1202|14
1203|49
1204|36
1205|37
1206|47
1207|27
1208|2
1209|22
1210|14
1211|19
1212|39
1213|14
1214|42
1215|20
1216|9
1217|3
1218|14
1219|49
1220|26
1221|3
1222|26
1223|36
1224|49
1225|35
1226|30
1227|31
1228|5
1229|28
1230|30
1231|46
1232|15
1233|30
1234|35
1235|8
1236|9
1237|33
1238|28
1239|25
1240|18
1241|43
1242|5
1243|48
1244|1
1245|19
1246|32
1247|0
1248|48
1249|39
1250|12
1251|9
1252|25
1253|6
1254|25
1255|49
1256|37
1257|11
1258|46
1259|21
1260|6
1261|16
1262|2
1263|37
1264|40
1265|18
1266|46
1267|25
1268|37
1269|13
1270|23
1271|32
1272|13
1273|36
1274|20
1275|10
1276|3
1277|8
1278|7
1279|36
1280|49
1281|30
1282|0
1283|39
1284|35
1285|4
1286|42
1287|23
1288|13
1289|31
1290|23
1291|30
1292|46
1293|21
1294|34
1295|29
1296|26
1297|27
1298|18
1299|4
1300|8
1301|47
1302|25
1303|24
1304|34
1305|13
1306|14
1307|10
1308|37
1309|11
1310|45
1311|7
1312|15
1313|21
1314|42
1315|16
1316|12
1317|6
1318|37
1319|3
1320|20
1321|1
1322|37
1323|46
1324|45
1325|42
1326|40
1327|9
1328|3
1329|16
1330|49
1331|13
1332|27
1333|32
1334|11
1335|30
1336|13
1337|37
1338|1
1339|13
1340|37
1341|45
1342|17
1343|24
1344|4
1345|2
1346|4
1347|43
1348|16
1349|42
1350|45
1351|33
1352|33
1353|8
1354|24
1355|14
1356|3
1357|14
1358|44
1359|40
1360|36
1361|18
1362|25
1363|10
1364|2
1365|35
1366|20
1367|5
1368|27
1369|28
1370|3
1371|42
1372|16
1373|0
1374|28
1375|25
1376|9
1377|37
1378|27
1379|6
1380|22
1381|19
1382|35
1383|42
1384|17
1385|2
1386|2
1387|17
1388|14
1389|36
1390|29
1391|16
1392|46
1393|15
1394|17
1395|16
1396|44
1397|34
1398|40
1399|11
1400|42
1401|22
1402|43
1403|33
1404|18
1405|25
1406|36
1407|25
1408|2
1409|26
1410|27
1411|23
1412|20
1413|14
1414|31
1415|15
1416|21
1417|15
1418|44
1419|36
1420|29
1421|19
1422|20
1423|22
1424|24
1425|11
1426|12
1427|11
1428|20
1429|14
1430|41
1431|35
1432|41
1433|15
1434|35
1435|34
1436|0
1437|15
1438|2
1439|18
1440|8
1441|27
1442|46
1443|42
1444|19
1445|46
1446|36
1447|42
1448|44
1449|43
1450|29
1451|7
1452|30
1453|35
1454|3
1455|31
1456|17
1457|37
1458|38
1459|17
1460|12
1461|41
1462|34
1463|26
1464|48
1465|47
1466|15
1467|34
1468|2
1469|17
1470|45
1471|39
1472|23
1473|3
1474|11
1475|17
1476|40
1477|6
1478|11
1479|8
1480|15
1481|34
1482|27
1483|19
1484|38
1485|5
1486|28
1487|4
1488|4
1489|31
1490|21
1491|21
1492|37
1493|9
1494|26
1495|12
1496|16
1497|22
1498|9
1499|31
1500|6
1501|24
1502|31
1503|37
1504|34
1505|44
1506|47
1507|17
1508|1
1509|39
1510|48
1511|22
1512|15
1513|7
1514|4
1515|30
1516|49
1517|32
1518|49
1519|11
1520|34
1521|9
1522|30
1523|13
1524|34
1525|15
1526|16
1527|30
1528|31
1529|15
1530|15
1531|5
1532|37
1533|32
1534|30
1535|36
1536|11
1537|48
1538|24
1539|35
1540|6
1541|40
1542|7
1543|41
1544|3
1545|44
1546|23
1547|21
1548|36
1549|21
1550|38
1551|18
1552|20
1553|9
1554|17
1555|34
1556|33
1557|44
1558|40
1559|47
1560|28
1561|30
1562|7
1563|19
1564|47
1565|46
1566|3
1567|25
1568|15
1569|23
1570|14
1571|39
1572|23
1573|13
1574|7
1575|11
1576|26
1577|13
1578|17
1579|18
1580|41
1581|47
1582|3
1583|6
1584|27
1585|25
1586|27
1587|36
1588|22
1589|42
1590|44
1591|35
1592|7
1593|25
1594|0
1595|3
1596|5
1597|49
1598|41
1599|31
1600|36
1601|21
1602|0
1603|35
1604|20
1605|43
1606|3
1607|8
1608|7
1609|20
1610|2
1611|5
1612|44
1613|2
1614|21
1615|41
1616|37
1617|21
1618|30
1619|39
1620|25
1621|49
1622|0
1623|41
1624|17
1625|42
1626|38
1627|1
1628|0
1629|10
1630|48
1631|13
1632|17
1633|25
1634|37
1635|45
1636|17
1637|19
1638|43
1639|19
1640|40
1641|21
1642|2
1643|37
1644|37
1645|5
1646|15
1647|21
1648|39
1649|25
1650|38
1651|15
1652|28
1653|13
1654|29
1655|18
1656|9
1657|23
1658|7
1659|32
1660|6
1661|14
1662|41
1663|13
1664|39
1665|21
1666|1
1667|23
1668|24
1669|19
1670|6
1671|49
1672|31
1673|21
1674|41
1675|22
1676|8
1677|27
1678|17
1679|38
1680|3
1681|4
1682|22
1683|8
1684|41
1685|25
1686|34
1687|35
1688|44
1689|9
1690|6
1691|14
1692|25
1693|31
1694|5
1695|40
1696|27
1697|21
1698|2
1699|24
1700|41
1701|22
1702|48
1703|23
1704|43
1705|16
1706|16
1707|38
1708|26
1709|31
1710|13
1711|13
1712|44
1713|32
1714|7
1715|33
1716|30
1717|20
1718|8
1719|10
1720|43
1721|34
1722|49
1723|9
1724|27
1725|0
1726|46
1727|3
1728|22
1729|33
1730|33
1731|2
1732|22
1733|1
1734|19
1735|28
1736|26
1737|18
1738|14
1739|15
1740|11
1741|38
1742|17
1743|41
1744|34
1745|21
1746|11
1747|27
1748|38
1749|20
1750|8
1751|19
1752|43
1753|48
1754|22
1755|20
1756|16
1757|2
1758|46
1759|36
1760|15
1761|21
1762|46
1763|39
1764|24
1765|7
1766|7
1767|26
1768|15
1769|1
1770|45
1771|2
1772|33
1773|46
1774|45
1775|15
1776|36
1777|4
1778|6
1779|2
1780|44
1781|25
1782|30
1783|26
1784|15
1785|41
1786|25
1787|27
1788|0
1789|16
1790|2
1791|6
1792|7
1793|5
1794|33
1795|28
1796|8
1797|33
1798|0
1799|18
1800|5
1801|43
1802|13
1803|19
1804|38
1805|28
1806|1
1807|7
1808|34
1809|41
1810|47
1811|13
1812|0
1813|37
1814|24
1815|46
1816|22
1817|45
1818|14
1819|6
1820|43
1821|39
1822|31
1823|2
1824|35
1825|24
1826|11
1827|35
1828|40
1829|24
1830|48
1831|1
1832|0
1833|12
1834|23
1835|20
1836|39
1837|37
1838|22
1839|22
1840|13
1841|2
1842|8
1843|41
1844|47
1845|23
1846|0
1847|21
1848|41
1849|31
1850|33
1851|46
1852|4
1853|48
1854|43
1855|42
1856|6
1857|18
1858|7
1859|42
1860|19
1861|9
1862|39
1863|39
1864|31
1865|10
1866|11
1867|42
1868|12
1869|40
1870|39
1871|23
1872|7
1873|43
1874|22
1875|23
1876|22
1877|22
1878|25
1879|29
1880|20
1881|39
1882|0
1883|47
1884|18
1885|41
1886|5
1887|27
1888|18
1889|31
1890|37
1891|42
1892|22
1893|20
1894|49
1895|39
1896|6
1897|14
1898|11
1899|45
1900|29
1901|42
1902|32
1903|23
1904|35
1905|8
1906|9
1907|41
1908|45
1909|46
1910|2
1911|9
1912|24
1913|5
1914|8
1915|23
1916|29
1917|1
1918|48
1919|16
1920|14
1921|37
1922|45
1923|17
1924|37
1925|18
1926|36
1927|10
1928|20
1929|30
1930|47
1931|45
1932|4
1933|20
1934|13
1935|42
1936|14
1937|15
1938|27
1939|33
1940|39
1941|43
1942|10
1943|24
1944|31
1945|17
1946|20
1947|28
1948|28
1949|31
1950|26
1951|43
1952|48
1953|20
1954|33
1955|41
1956|31
1957|18
1958|1
1959|12
1960|6
1961|16
1962|27
1963|17
1964|43
1965|29
1966|7
1967|28
1968|49
1969|20
1970|33
1971|5
1972|32
1973|44
1974|11
1975|31
1976|32
1977|7
1978|5
1979|33
1980|24
1981|2
1982|19
1983|39
1984|35
1985|5
1986|40
1987|47
1988|24
1989|26
1990|28
1991|26
1992|43
1993|5
1994|27
1995|37
1996|33
1997|1
1998|43
1999|11
2000|1
2001|27
2002|12
2003|42
2004|38
2005|15
2006|15
2007|47
2008|5
2009|2
2010|0
2011|39
2012|15
2013|29
2014|38
2015|17
2016|29
2017|22
2018|39
2019|7
2020|18
2021|9
2022|8
2023|37
2024|2
2025|27
2026|9
2027|33
2028|46
2029|7
2030|12
2031|15
2032|3
2033|3
2034|14
2035|45
2036|33
2037|5
2038|34
2039|8
2040|37
2041|41
2042|10
2043|29
2044|32
2045|26
2046|22
2047|15
2048|17
2049|21
2050|14
2051|15
2052|45
2053|39
2054|30
2055|31
2056|3
2057|26
2058|25
2059|40
2060|41
2061|28
2062|26
2063|32
2064|26
2065|13
2066|47
2067|13
2068|7
2069|43
2070|8
2071|44
2072|30
2073|36
2074|1
2075|15
2076|35
2077|4
2078|25
2079|30
2080|36
2081|34
2082|37
2083|46
2084|33
2085|23
2086|16
2087|39
2088|6
2089|46
2090|27
2091|46
2092|9
2093|46
2094|39
2095|32
2096|8
2097|0
2098|44
2099|46
2100|36
2101|31
2102|9
2103|34
2104|31
2105|34
2106|18
2107|24
2108|46
2109|24
2110|29
2111|29
2112|49
2113|15
2114|17
2115|28
2116|14
2117|41
2118|22
2119|18
2120|22
2121|39
2122|7
2123|7
2124|34
2125|8
2126|40
2127|18
2128|23
2129|24
2130|45
2131|47
2132|20
2133|34
2134|42
2135|22
2136|16
2137|46
2138|45
2139|13
2140|14
2141|49
2142|9
2143|41
2144|48
2145|12
2146|25
2147|7
2148|16
2149|33
2150|27
2151|18
2152|37
2153|5
2154|11
2155|7
2156|45
2157|45
2158|24
2159|30
2160|30
2161|12
2162|24
2163|33
2164|11
2165|21
2166|19
2167|38
2168|42
2169|40
2170|46
2171|40
2172|35
2173|16
2174|42
2175|30
2176|11
2177|36
2178|37
2179|46
2180|13
2181|6
2182|38
2183|30
2184|31
2185|8
2186|28
2187|11
2188|25
2189|24
2190|13
2191|26
2192|49
2193|18
2194|42
2195|14
2196|19
2197|5
2198|17
2199|0
2200|4
2201|41
2202|10
2203|17
2204|38
2205|44
2206|22
2207|49
2208|41
2209|15
2210|9
2211|49
2212|17
2213|2
2214|29
2215|37
2216|9
2217|15
2218|38
2219|42
2220|20
2221|36
2222|5
2223|25
2224|14
2225|34
2226|20
2227|18
2228|12
2229|21
2230|13
2231|29
2232|13
2233|8
2234|37
2235|6
2236|29
2237|3
2238|8
2239|21
2240|11
2241|13
2242|21
2243|40
2244|8
2245|12
2246|21
2247|28
2248|43
2249|14
2250|7
2251|35
2252|48
2253|2
2254|1
2255|34
2256|20
2257|2
2258|4
2259|41
2260|22
2261|18
2262|25
2263|12
2264|14
2265|11
2266|22
2267|47
2268|24
2269|48
2270|39
2271|18
2272|36
2273|22
2274|6
2275|29
2276|24
2277|22
2278|15
2279|25
2280|16
2281|3
2282|40
2283|22
2284|17
2285|29
2286|26
2287|14
2288|19
2289|8
2290|12
2291|35
2292|27
2293|33
2294|40
2295|14
2296|0
2297|24
2298|19
2299|39
2300|5
2301|30
2302|17
2303|33
2304|49
2305|16
2306|47
2307|48
2308|31
2309|6
2310|25
2311|23
2312|12
2313|6
2314|0
2315|40
2316|33
2317|49
2318|27
2319|4
2320|40
2321|48
2322|26
2323|23
2324|23
2325|26
2326|26
2327|33
2328|44
2329|45
2330|20
2331|46
2332|38
2333|49
2334|23
2335|31
2336|14
2337|40
2338|46
2339|46
2340|6
2341|27
2342|31
2343|39
2344|3
2345|25
2346|17
2347|14
2348|21
2349|25
2350|16
2351|18
2352|44
2353|37
2354|19
2355|15
2356|7
2357|46
2358|2
2359|16
2360|32
2361|2
2362|14
2363|15
2364|6
2365|22
2366|43
2367|34
2368|33
2369|44
2370|31
2371|20
2372|37
2373|7
2374|12
2375|21
2376|30
2377|1
2378|21
2379|30
2380|38
2381|0
2382|33
2383|46
2384|2
2385|45
2386|22
2387|36
2388|27
2389|22
2390|15
2391|12
2392|27
2393|4
2394|34
2395|48
2396|1
2397|37
2398|27
2399|29
2400|47
2401|14
2402|19
2403|0
2404|9
2405|9
2406|49
2407|34
2408|49
2409|20
2410|16
2411|20
2412|0
2413|7
2414|9
2415|7
2416|5
2417|10
2418|15
2419|0
2420|32
2421|14
2422|10
2423|35
2424|19
2425|37
2426|24
2427|15
2428|46
2429|30
2430|13
2431|21
2432|21
2433|6
2434|25
2435|32
2436|47
2437|5
2438|20
2439|30
2440|12
2441|22
2442|21
2443|40
2444|48
2445|33
2446|3
2447|30
2448|6
2449|3
2450|35
2451|15
2452|33
2453|9
2454|34
2455|18
2456|15
2457|23
2458|16
2459|49
2460|13
2461|10
2462|19
2463|44
2464|34
2465|1
2466|35
2467|4
2468|31
2469|2
2470|18
2471|6
2472|40
2473|13
2474|15
2475|6
2476|23
2477|22
2478|19
2479|28
2480|40
2481|45
2482|38
2483|34
2484|20
2485|15
2486|21
2487|24
2488|1
2489|46
2490|27
2491|36
2492|14
2493|30
2494|27
2495|23
2496|6
2497|37
2498|49
2499|10
2500|36
2501|21
2502|38
2503|14
2504|20
2505|25
2506|36
2507|35
2508|39
2509|27
2510|33
2511|38
2512|22
2513|32
2514|22
2515|5
2516|38
2517|38
2518|1
2519|47
2520|14
2521|49
2522|39
2523|0
2524|4
2525|28
2526|10
2527|9
2528|6
2529|1
2530|13
2531|31
2532|43
2533|36
2534|8
2535|34
2536|20
2537|33
2538|36
2539|26
2540|15
2541|37
2542|17
2543|14
2544|37
2545|31
2546|22
2547|4
2548|24
2549|47
2550|8
2551|26
2552|28
2553|32
2554|25
2555|7
2556|1
2557|6
2558|7
2559|47
2560|33
2561|4
2562|10
2563|34
2564|10
2565|38
2566|40
2567|2
2568|26
2569|11
2570|48
2571|15
2572|49
2573|17
2574|27
2575|9
2576|38
2577|10
2578|20
2579|3
2580|46
2581|35
2582|9
2583|42
2584|38
2585|19
2586|19
2587|2
2588|18
2589|14
2590|49
2591|17
2592|42
2593|10
2594|1
2595|46
2596|33
2597|34
2598|5
2599|5
2600|19
2601|48
2602|1
2603|8
2604|0
2605|8
2606|25
2607|13
2608|42
2609|3
2610|43
2611|18
2612|4
2613|22
2614|14
2615|35
2616|26
2617|40
2618|25
2619|21
2620|14
2621|13
2622|30
2623|16
2624|17
2625|45
2626|6
2627|10
2628|2
2629|39
2630|48
2631|48
2632|1
2633|21
2634|5
2635|39
2636|16
2637|20
2638|4
2639|7
2640|0
2641|45
2642|11
2643|42
2644|40
2645|24
2646|26
2647|38
2648|15
2649|29
2650|30
2651|22
2652|45
2653|2
2654|28
2655|15
2656|40
2657|26
2658|45
2659|31
2660|7
2661|40
2662|21
2663|18
2664|10
2665|1
2666|20
2667|14
2668|28
2669|4
2670|43
2671|46
2672|49
2673|12
2674|14
2675|8
2676|6
2677|39
2678|22
2679|4
2680|10
2681|21
2682|5
2683|28
2684|0
2685|39
2686|9
2687|48
2688|28
2689|5
2690|28
2691|26
2692|34
2693|14
2694|42
2695|13
2696|11
2697|30
2698|8
2699|14
2700|26
2701|17
2702|6
2703|42
2704|33
2705|20
2706|25
2707|4
2708|32
2709|26
2710|10
2711|43
2712|18
2713|33
2714|44
2715|21
2716|36
2717|32
2718|8
2719|29
2720|12
2721|30
2722|40
2723|31
2724|7
2725|2
2726|4
2727|41
2728|48
2729|27
2730|18
2731|1
2732|46
2733|0
2734|5
2735|47
2736|23
2737|19
2738|9
2739|36
2740|12
2741|34
2742|18
2743|30
2744|20
2745|41
2746|17
2747|39
2748|29
2749|5
2750|10
2751|3
2752|37
2753|43
2754|34
2755|33
2756|38
2757|14
2758|30
2759|21
2760|30
2761|22
2762|49
2763|31
2764|18
2765|8
2766|28
2767|11
2768|3
2769|17
2770|12
2771|22
2772|45
2773|11
2774|47
2775|4
2776|5
2777|34
2778|33
2779|35
2780|47
2781|21
2782|40
2783|30
2784|38
2785|18
2786|14
2787|13
2788|41
2789|15
2790|37
2791|49
2792|39
2793|10
2794|47
2795|7
2796|48
2797|31
2798|19
2799|0
2800|36
2801|36
2802|44
2803|20
2804|36
2805|47
2806|36
2807|30
2808|18
2809|24
2810|40
2811|5
2812|29
2813|35
2814|32
2815|42
2816|22
2817|49
2818|29
2819|27
2820|39
2821|42
2822|49
2823|39
2824|10
2825|38
2826|32
2827|44
2828|18
2829|6
2830|16
2831|48
2832|18
2833|2
2834|36
2835|35
2836|43
2837|20
2838|39
2839|31
2840|18
2841|16
2842|27
2843|31
2844|34
2845|27
2846|16
2847|39
2848|28
2849|39
2850|11
2851|43
2852|17
2853|27
2854|20
2855|43
2856|29
2857|18
2858|3
2859|31
2860|22
2861|12
2862|14
2863|7
2864|4
2865|4
2866|10
2867|24
2868|3
2869|41
2870|43
2871|9
2872|40
2873|0
2874|2
2875|36
2876|6
2877|29
2878|28
2879|7
2880|44
2881|22
2882|14
2883|15
2884|7
2885|31
2886|7
2887|25
2888|15
2889|3
2890|34
2891|14
2892|19
2893|30
2894|16
2895|39
2896|17
2897|16
2898|11
2899|4
2900|43
2901|35
2902|8
2903|30
2904|40
2905|7
2906|43
2907|14
2908|31
2909|4
2910|30
2911|24
2912|48
2913|28
2914|49
2915|6
2916|0
2917|26
2918|41
2919|13
2920|29
2921|6
2922|45
2923|44
2924|29
2925|9
2926|4
2927|44
2928|40
2929|8
2930|39
2931|45
2932|23
2933|42
2934|21
2935|23
2936|17
2937|10
2938|5
2939|3
2940|5
2941|26
2942|42
2943|46
2944|23
2945|13
2946|36
2947|6
2948|12
2949|4
2950|7
2951|33
2952|26
2953|35
2954|48
2955|22
2956|29
2957|19
2958|34
2959|48
2960|34
2961|36
2962|20
2963|39
2964|12
2965|40
2966|19
2967|39
2968|31
2969|25
2970|18
2971|7
2972|13
2973|30
2974|37
2975|17
2976|15
2977|9
2978|26
2979|13
2980|31
2981|45
2982|31
2983|39
2984|33
2985|6
2986|45
2987|6
2988|11
2989|39
2990|5
2991|11
2992|32
2993|21
2994|9
2995|44
2996|42
2997|38
2998|24
2999|41
3000|7
