0|5
1|27
2|18
3|20
4|26
5|31
6|31
7|26
8|32
9|3
10|16
11|10
12|22
13|11
14|0
15|44
16|16
17|45
18|47
19|19
20|14
21|25
22|37
23|1
24|9
25|0
26|19
27|44
28|18
29|4
30|9
31|35
32|16
33|40
34|20
35|31
36|35
37|42
38|29
39|9
40|24
41|15
42|47
43|0
44|43
45|9
46|31
47|32
48|41
49|45
50|25
51|8
52|16
53|33
54|7
55|37
56|33
57|49
58|8
59|48
60|25
61|31
62|42
63|43
64|1
65|47
66|16
67|21
68|14
69|8
70|7
71|46
72|44
73|10
74|34
75|12
76|40
77|26
78|26
79|34
80|1
81|4
82|16
83|39
84|15
85|12
86|20
87|36
88|17
89|20
90|7
91|17
92|10
93|7
94|32
95|34
96|4
97|12
98|31
99|34
100|37
101|9
102|40
103|15
104|48
105|26
106|40
107|31
108|34
109|10
110|19
111|0
112|30
113|16
114|36
115|0
116|8
117|14
118|9
119|47
120|35
121|0
122|4
123|11
124|29
125|6
126|3
127|45
128|13
129|5
130|36
131|28
132|19
133|32
134|21
135|45
136|13
137|11
138|30
139|16
140|38
141|45
142|48
143|45
144|42
145|38
146|30
147|12
148|40
149|30
150|11
151|40
152|18
153|38
154|30
155|49
156|15
157|34
158|41
159|2
160|1
161|39
162|40
163|43
164|4
165|26
166|37
167|6
168|16
169|31
170|16
171|7
172|37
173|30
174|7
175|10
176|21
177|21
178|21
179|16
180|2
181|0
182|38
183|9
184|49
185|49
186|36
187|25
188|12
189|13
190|45
191|45
192|34
193|20
194|3
195|49
196|21
197|17
198|19
199|36
200|47
201|27
202|11
203|26
204|46
205|23
206|2
207|4
208|47
209|41
210|25
211|24
212|19
213|27
214|48
215|42
216|36
217|30
218|16
219|48
220|36
221|12
222|43
223|1
224|9
225|11
226|45
227|0
228|21
229|28
230|18
231|2
232|43
233|46
234|2
235|41
236|25
237|5
238|25
239|5
240|20
241|41
242|43
243|3
244|42
245|19
246|12
247|13
248|42
249|19
250|44
251|27
252|48
253|21
254|39
255|6
256|34
257|3
258|35
259|18
260|9
261|13
262|6
263|42
264|22
265|46
266|27
267|19
268|35
269|41
270|2
271|35
272|21
273|12
274|7
275|34
276|12
277|0
278|42
279|49
280|37
281|7
282|9
283|48
284|27
285|36
286|6
287|40
288|3
289|20
290|16
291|31
292|30
293|27
294|32
295|44
296|24
297|39
298|44
299|28
300|42
301|27
302|15
303|35
304|39
305|3
306|35
307|25
308|43
309|33
310|3
311|9
312|33
313|45
314|6
315|19
316|30
317|43
318|1
319|12
320|28
321|29
322|14
323|49
324|13
325|42
326|8
327|8
328|22
329|18
330|38
331|40
332|41
333|27
334|28
335|25
336|46
337|7
338|17
339|15
340|8
341|36
342|44
343|43
344|25
345|35
346|13
347|32
348|10
349|48
350|6
351|34
352|32
353|19
354|28
355|36
356|15
357|27
358|32
359|39
360|26
361|13
362|6
363|38
364|30
365|42
366|47
367|3
368|27
369|24
370|47
371|3
372|26
373|28
374|14
375|23
376|17
377|18
378|17
379|19
380|34
381|12
382|15
383|14
384|27
385|1
386|19
387|15
388|25
389|13
390|6
391|23
392|1
393|13
394|6
395|18
396|12
397|34
398|35
399|37
400|34
401|13
402|27
403|16
404|24
405|38
406|36
407|41
408|0
409|16
410|23
411|4
412|39
413|41
414|33
415|1
416|6
417|18
418|7
419|36
420|28
421|8
422|25
423|4
424|5
425|5
426|32
427|46
428|38
429|19
430|16
431|3
432|19
433|10
434|27
435|0
436|0
437|3
438|23
439|23
440|18
441|0
442|43
443|20
444|3
445|13
446|31
447|11
448|32
449|19
450|30
451|19
452|1
453|16
454|28
455|13
456|0
457|1
458|39
459|44
460|23
461|5
462|22
463|48
464|31
465|35
466|37
467|41
468|37
469|0
470|14
471|30
472|41
473|8
474|22
475|39
476|40
477|22
478|11
479|42
480|23
481|19
482|21
483|47
484|49
485|20
486|9
487|4
488|26
489|26
490|36
491|11
492|25
493|26
494|28
495|3
496|6
497|21
498|31
499|23
500|35
501|43
502|30
503|10
504|23
505|32
506|20
507|19
508|33
509|16
510|9
511|3
512|10
513|48
514|27
515|49
516|10
517|12
518|47
519|25
520|23
521|33
522|6
523|12
524|34
525|10
526|3
527|36
528|35
529|31
530|42
531|21
532|15
533|47
534|8
535|49
536|18
537|1
538|3
539|41
540|11
541|33
542|38
543|26
544|20
545|39
546|8
547|37
548|41
549|43
550|42
551|9
552|11
553|41
554|37
555|30
556|1
557|25
558|27
559|45
560|16
561|39
562|40
563|1
564|44
565|28
566|16
567|4
568|18
569|39
570|31
571|0
572|33
573|42
574|46
575|9
576|23
577|17
578|22
579|24
580|46
581|18
582|10
583|6
584|36
585|47
586|9
587|15
588|29
589|32
590|20
591|38
592|27
593|18
594|48
595|31
596|11
597|44
598|39
599|1
600|20
601|21
602|0
603|2
604|25
605|37
606|25
607|28
608|35
609|20
610|48
611|35
612|22
613|8
614|10
615|2
616|22
617|0
618|12
619|34
620|1
621|17
622|5
623|5
624|42
625|17
626|1
627|48
628|45
629|35
630|32
631|15
632|2
633|1
634|38
635|34
636|42
637|28
638|32
639|45
640|16
641|23
642|39
643|25
644|31
645|10
646|6
647|16
648|24
649|21
650|18
651|25
652|6
653|0
654|30
655|29
656|29
657|7
658|19
659|29
660|21
661|11
662|16
663|4
664|31
665|47
666|14
667|37
668|11
669|28
670|10
671|8
672|26
673|32
674|9
675|19
676|12
677|24
678|15
679|30
680|44
681|20
682|29
683|25
684|42
685|12
686|9
687|33
688|0
689|21
690|8
691|15
692|20
693|25
694|29
695|40
696|29
697|30
698|27
699|44
700|45
701|8
702|23
703|19
704|21
705|45
706|13
707|21
708|27
709|31
710|10
711|14
712|7
713|4
714|26
715|47
716|45
717|29
718|33
719|35
720|44
721|14
722|23
723|45
724|10
725|3
726|17
727|25
728|28
729|26
730|25
731|31
732|30
733|34
734|33
735|3
736|17
737|44
738|46
739|37
740|20
741|29
742|25
743|16
744|41
745|0
746|3
747|47
748|38
749|14
750|9
751|12
752|45
753|48
754|19
755|45
756|44
757|5
758|4
759|25
760|23
761|32
762|12
763|27
764|32
765|11
766|10
767|23
768|39
769|25
770|48
771|16
772|18
773|28
774|42
775|11
776|19
777|2
778|3
779|39
780|14
781|37
782|49
783|43
784|40
785|18
786|1
787|15
788|38
789|49
790|8
791|23
792|4
793|46
794|7
795|39
796|34
797|39
798|9
799|46
800|34
801|13
802|17
803|23
804|14
805|46
806|29
807|49
808|5
809|37
810|17
811|35
812|18
813|42
814|49
815|45
816|37
817|49
818|21
819|34
820|29
821|5
822|26
823|42
824|24
825|45
826|17
827|39
828|41
829|6
830|7
831|15
832|38
833|0
834|38
835|1
836|17
837|29
838|33
839|30
840|12
841|21
842|21
843|37
844|6
845|7
846|18
847|0
848|28
849|18
850|31
851|15
852|13
853|12
854|4
855|44
856|16
857|28
858|1
859|10
860|14
861|36
862|36
863|33
864|26
865|33
866|16
867|45
868|46
869|2
870|12
871|19
872|7
873|4
874|47
875|31
876|29
877|9
878|40
879|28
880|46
881|18
882|12
883|13
884|21
885|14
886|7
887|1
888|38
889|29
890|47
891|49
892|28
893|34
894|20
895|31
896|36
897|21
898|12
899|37
900|42
901|3
902|48
903|28
904|48
905|33
906|46
907|39
908|33
909|34
910|44
911|33
912|9
913|41
914|29
915|39
916|45
917|5
918|5
919|35
920|41
921|27
922|1
923|7
924|37
925|6
926|44
927|4
928|30
929|31
930|8
931|8
932|26
933|8
934|45
935|20
936|1
937|43
938|5
939|48
940|20
941|15
942|14
943|16
944|42
945|44
946|46
947|39
948|12
949|21
950|38
951|20
952|10
953|29
954|40
955|0
956|43
957|32
958|41
959|41
960|17
961|12
962|14
963|21
964|18
965|21
966|33
967|35
968|32
969|4
970|32
971|17
972|43
973|12
974|30
975|35
976|24
977|40
978|35
979|10
980|24
981|16
982|45
983|29
984|13
985|48
986|15
987|20
988|13
989|48
990|25
991|4
992|17
993|18
994|41
995|6
996|44
997|13
998|28
999|25
1000|5
1001|24
1002|4
1003|4
1004|16
1005|35
1006|17
1007|20
1008|15
1009|24
1010|34
1011|49
1012|30
1013|37
1014|42
1015|18
1016|36
1017|1
1018|26
1019|30
1020|28
1021|26
1022|42
1023|35
1024|33
1025|40
1026|30
1027|38
1028|29
1029|34
1030|21
1031|46
1032|30
1033|25
1034|34
1035|26
1036|23
1037|45
1038|38
1039|0
1040|36
1041|23
1042|41
1043|24
1044|45
1045|4
1046|42
1047|26
1048|32
1049|25
1050|26
1051|47
1052|9
1053|45
1054|16
1055|23
1056|31
1057|39
1058|1
1059|7
1060|9
1061|7
1062|6
1063|10
1064|35
1065|6
1066|8
1067|27
1068|41
1069|10
1070|27
1071|47
1072|44
1073|33
1074|26
1075|32
1076|14
1077|9
1078|36
1079|41
1080|28
1081|33
1082|45
1083|8
1084|14
1085|39
1086|8
1087|8
1088|3
1089|22
1090|48
1091|24
1092|31
1093|7
1094|47
1095|44
1096|24
1097|10
1098|28
1099|36
1100|39
1101|24
1102|4
1103|39
1104|11
1105|21
1106|10
1107|40
1108|8
1109|0
1110|22
1111|45
1112|36
1113|1
1114|13
1115|30
1116|2
1117|4
1118|35
1119|35
1120|5
1121|4
1122|2
1123|40
1124|33
1125|32
1126|35
1127|3
1128|13
1129|25
1130|31
1131|48
1132|6
1133|49
1134|14
1135|27
1136|45
1137|20
1138|30
1139|48
1140|26
1141|9
1142|18
1143|39
1144|40
1145|0
1146|34
1147|45
1148|39
1149|8
1150|39
1151|28
1152|29
1153|18
1154|0
1155|27
1156|44
1157|28
1158|24
1159|11
1160|11
1161|11
1162|8
1163|17
1164|35
1165|5
1166|29
1167|39
1168|0
1169|1
1170|8
1171|43
1172|29
1173|30
1174|4
1175|48
1176|44
1177|47
1178|2
1179|32
1180|2
1181|1
1182|8
1183|17
1184|33
1185|16
1186|19
1187|41
1188|24
1189|30
1190|22
1191|32
1192|19
1193|32
1194|13
1195|40
1196|14
1197|40
1198|6
1199|19
1200|18
1201|9
1202|12
1203|26
1204|16
1205|35
1206|37
1207|19
1208|9
1209|18
1210|11
1211|40
1212|33
1213|21
1214|21
1215|20
1216|29
1217|3
1218|7
1219|42
1220|34
1221|12
1222|39
1223|22
1224|25
1225|43
1226|19
1227|46
1228|33
1229|4
1230|1
1231|6
1232|18
1233|0
1234|15
1235|23
1236|6
1237|39
1238|41
1239|5
1240|39
1241|8
1242|9
1243|27
1244|39
1245|3
1246|26
1247|17
1248|7
1249|26
1250|44
1251|28
1252|25
1253|30
1254|19
1255|39
1256|22
1257|3
1258|43
1259|38
1260|9
1261|36
1262|2
1263|18
1264|11
1265|49
1266|2
1267|19
1268|43
1269|16
1270|11
1271|1
1272|9
1273|21
1274|6
1275|16
1276|47
1277|49
1278|47
1279|37
1280|32
1281|39
1282|37
1283|7
1284|22
1285|40
1286|6
1287|44
1288|20
1289|14
1290|35
1291|19
1292|6
1293|18
1294|30
1295|1
1296|41
1297|24
1298|28
1299|47
1300|8
1301|38
1302|24
1303|38
1304|39
1305|49
1306|4
1307|6
1308|6
1309|33
1310|30
1311|41
1312|18
1313|34
1314|3
1315|12
1316|27
1317|8
1318|44
1319|27
1320|18
1321|46
1322|3
1323|43
1324|24
1325|38
1326|17
1327|39
1328|3
1329|9
1330|13
1331|19
1332|15
1333|38
1334|31
1335|41
1336|16
1337|34
1338|6
1339|1
1340|23
1341|17
1342|11
1343|13
1344|26
1345|26
1346|30
1347|9
1348|8
1349|38
1350|32
1351|41
1352|4
1353|38
1354|20
1355|32
1356|8
1357|32
1358|36
1359|49
1360|14
1361|42
1362|45
1363|22
1364|15
1365|48
1366|13
1367|23
1368|10
1369|24
1370|44
1371|46
1372|25
1373|15
1374|18
1375|45
1376|4
1377|23
1378|33
1379|0
1380|5
1381|1
1382|43
1383|32
1384|29
1385|42
1386|23
1387|29
1388|2
1389|6
1390|28
1391|49
1392|30
1393|49
1394|23
1395|31
1396|6
1397|36
1398|39
1399|1
1400|39
1401|36
1402|7
1403|30
1404|45
1405|8
1406|13
1407|41
1408|31
1409|46
1410|31
1411|8
1412|38
1413|29
1414|0
1415|0
1416|15
1417|27
1418|18
1419|17
1420|23
1421|11
1422|11
1423|3
1424|26
1425|23
1426|48
1427|0
1428|35
1429|36
1430|9
1431|10
1432|13
1433|0
1434|12
1435|45
1436|20
1437|14
1438|46
1439|47
1440|47
1441|32
1442|24
1443|32
1444|32
1445|0
1446|28
1447|43
1448|10
1449|40
1450|6
1451|11
1452|0
1453|11
1454|43
1455|14
1456|48
1457|32
1458|18
1459|28
1460|49
1461|34
1462|21
1463|15
1464|4
1465|47
1466|1
1467|8
1468|31
1469|3
1470|17
1471|22
1472|21
1473|35
1474|38
1475|10
1476|14
1477|1
1478|4
1479|27
1480|14
1481|31
1482|12
1483|44
1484|14
1485|2
1486|30
1487|38
1488|24
1489|3
1490|6
1491|38
1492|17
1493|26
1494|6
1495|35
1496|34
1497|2
1498|12
1499|6
1500|46
1501|15
1502|46
1503|6
1504|34
1505|12
1506|22
1507|7
1508|5
1509|37
1510|30
1511|9
1512|35
1513|1
1514|44
1515|38
1516|9
1517|30
1518|15
1519|19
1520|42
1521|31
1522|48
1523|40
1524|27
1525|2
1526|1
1527|30
1528|17
1529|12
1530|34
1531|33
1532|12
1533|26
1534|37
1535|12
1536|32
1537|11
1538|15
1539|22
1540|34
1541|38
1542|11
1543|28
1544|41
1545|17
1546|14
1547|46
1548|5
1549|31
1550|36
1551|32
1552|40
1553|32
1554|32
1555|9
1556|41
1557|47
1558|42
1559|24
1560|5
1561|8
1562|42
1563|4
1564|41
1565|28
1566|19
1567|44
1568|22
1569|34
1570|49
1571|4
1572|36
1573|47
1574|5
1575|30
1576|28
1577|20
1578|25
1579|25
1580|27
1581|24
1582|40
1583|41
1584|7
1585|5
1586|6
1587|30
1588|14
1589|47
1590|17
1591|36
1592|18
1593|38
1594|36
1595|28
1596|48
1597|42
1598|22
1599|40
1600|43
1601|14
1602|4
1603|3
1604|23
1605|44
1606|22
1607|37
1608|40
1609|23
1610|12
1611|31
1612|0
1613|31
1614|36
1615|28
1616|13
1617|44
1618|18
1619|26
1620|5
1621|42
1622|24
1623|38
1624|26
1625|19
1626|11
1627|42
1628|37
1629|42
1630|28
1631|3
1632|45
1633|8
1634|25
1635|19
1636|40
1637|35
1638|7
1639|37
1640|7
1641|15
1642|23
1643|30
1644|41
1645|46
1646|49
1647|34
1648|33
1649|47
1650|38
1651|18
1652|21
1653|26
1654|30
1655|43
1656|23
1657|30
1658|42
1659|2
1660|35
1661|30
1662|10
1663|37
1664|16
1665|8
1666|27
1667|34
1668|2
1669|6
1670|6
1671|24
1672|28
1673|13
1674|38
1675|39
1676|33
1677|31
1678|2
1679|5
1680|48
1681|7
1682|18
1683|16
1684|49
1685|31
1686|10
1687|41
1688|45
1689|34
1690|43
1691|43
1692|28
1693|12
1694|3
1695|48
1696|31
1697|21
1698|8
1699|13
1700|8
1701|12
1702|26
1703|3
1704|15
1705|7
1706|36
1707|4
1708|36
1709|6
1710|22
1711|29
1712|6
1713|17
1714|12
1715|30
1716|9
1717|16
1718|26
1719|32
1720|49
1721|2
1722|40
1723|0
1724|39
1725|16
1726|45
1727|24
1728|15
1729|4
1730|17
1731|6
1732|36
1733|7
1734|35
1735|46
1736|3
1737|8
1738|34
1739|27
1740|28
1741|38
1742|43
1743|5
1744|4
1745|17
1746|44
1747|37
1748|9
1749|43
1750|4
1751|18
1752|5
1753|40
1754|16
1755|35
1756|14
1757|31
1758|20
1759|45
1760|0
1761|36
1762|13
1763|36
1764|19
1765|39
1766|37
1767|18
1768|20
1769|35
1770|40
1771|44
1772|2
1773|47
1774|11
1775|3
1776|22
1777|18
1778|7
1779|46
1780|28
1781|8
1782|13
1783|11
1784|28
1785|1
1786|40
1787|35
1788|40
1789|17
1790|6
1791|20
1792|44
1793|32
1794|32
1795|5
1796|47
1797|0
1798|48
1799|39
1800|41
1801|14
1802|43
1803|49
1804|15
1805|19
1806|29
1807|27
1808|36
1809|43
1810|35
1811|18
1812|13
1813|3
1814|5
1815|26
1816|6
1817|17
1818|30
1819|13
1820|38
1821|0
1822|28
1823|44
1824|49
1825|49
1826|6
1827|46
1828|49
1829|34
1830|4
1831|1
1832|28
1833|14
1834|16
1835|28
1836|16
1837|42
1838|36
1839|48
1840|22
1841|17
1842|41
1843|12
1844|45
1845|38
1846|34
1847|36
1848|22
1849|40
1850|31
1851|25
1852|25
1853|40
1854|35
1855|1
1856|16
1857|35
1858|36
1859|30
1860|18
1861|46
1862|8
1863|27
1864|18
1865|33
1866|3
1867|27
1868|15
1869|0
1870|48
1871|42
1872|13
1873|25
1874|34
1875|2
1876|20
1877|42
1878|42
1879|41
1880|28
1881|46
1882|38
1883|2
1884|2
1885|17
1886|49
1887|23
1888|25
1889|13
1890|47
1891|47
1892|39
1893|38
1894|13
1895|9
1896|14
1897|31
1898|11
1899|28
1900|29
1901|35
1902|25
1903|9
1904|21
1905|40
1906|2
1907|35
1908|1
1909|23
1910|43
1911|37
1912|48
1913|43
1914|25
1915|37
1916|16
1917|8
1918|10
1919|38
1920|3
1921|20
1922|24
1923|4
1924|31
1925|18
1926|40
1927|45
1928|36
1929|15
1930|18
1931|37
1932|28
1933|12
1934|49
1935|47
1936|21
1937|0
1938|19
1939|10
1940|35
1941|13
1942|49
1943|18
1944|8
1945|46
1946|32
1947|40
1948|42
1949|25
1950|39
1951|48
1952|40
1953|23
1954|29
1955|40
1956|36
1957|6
1958|46
1959|33
1960|42
1961|20
1962|0
1963|36
1964|8
1965|17
1966|27
1967|40
1968|11
1969|8
1970|34
1971|7
1972|31
1973|10
1974|0
1975|26
1976|19
1977|1
1978|44
1979|2
1980|45
1981|40
1982|45
1983|28
1984|27
1985|31
1986|20
1987|10
1988|14
1989|14
1990|17
1991|34
1992|30
1993|32
1994|21
1995|23
1996|48
1997|38
1998|12
1999|13
2000|18
2001|39
2002|10
2003|14
2004|21
2005|16
2006|3
2007|22
2008|48
2009|49
2010|44
2011|20
2012|8
2013|27
2014|4
2015|1
2016|16
2017|10
2018|30
2019|42
2020|46
2021|2
2022|45
2023|24
2024|40
2025|27
2026|33
2027|31
2028|12
2029|49
2030|42
2031|11
2032|32
2033|16
2034|7
2035|20
2036|27
2037|28
2038|9
2039|0
2040|47
2041|49
2042|36
2043|39
2044|45
2045|40
2046|24
2047|4
2048|3
2049|21
2050|46
2051|41
2052|36
2053|32
2054|15
2055|31
2056|8
2057|23
2058|16
2059|2
2060|28
2061|18
2062|39
2063|18
2064|1
2065|26
2066|24
2067|15
2068|44
2069|48
2070|45
2071|19
2072|16
2073|21
2074|12
2075|49
2076|17
2077|8
2078|41
2079|9
2080|18
2081|11
2082|24
2083|2
2084|34
2085|43
2086|3
2087|8
2088|38
2089|29
2090|49
2091|0
2092|11
2093|8
2094|2
2095|30
2096|41
2097|47
2098|26
2099|31
2100|47
2101|24
2102|44
2103|5
2104|12
2105|42
2106|37
2107|48
2108|0
2109|11
2110|40
2111|48
2112|37
2113|45
2114|30
2115|43
2116|37
2117|11
2118|33
2119|31
2120|32
2121|36
2122|25
2123|44
2124|16
2125|23
2126|36
2127|5
2128|48
2129|30
2130|13
2131|4
2132|9
2133|0
2134|37
2135|24
2136|18
2137|9
2138|10
2139|15
2140|3
2141|27
2142|22
2143|41
2144|30
2145|28
2146|19
2147|1
2148|19
2149|38
2150|5
2151|44
2152|18
2153|10
2154|14
2155|23
2156|26
2157|31
2158|27
2159|45
2160|0
2161|23
2162|13
2163|36
2164|1
2165|42
2166|22
2167|29
2168|36
2169|7
2170|16
2171|48
2172|22
2173|14
2174|43
2175|19
2176|45
2177|16
2178|4
2179|1
2180|49
2181|31
2182|20
2183|17
2184|43
2185|37
2186|6
2187|15
2188|42
2189|40
2190|23
2191|3
2192|1
2193|16
2194|39
2195|13
2196|26
2197|30
2198|7
2199|19
2200|41
2201|33
2202|33
2203|13
2204|6
2205|8
2206|25
2207|19
2208|28
2209|22
2210|46
2211|45
2212|34
2213|6
2214|47
2215|21
2216|24
2217|3
2218|7
2219|9
2220|30
2221|40
2222|34
2223|30
2224|43
2225|35
2226|12
2227|19
2228|23
2229|19
2230|39
2231|41
2232|24
2233|0
2234|7
2235|48
2236|16
2237|5
2238|17
2239|0
2240|35
2241|18
2242|47
2243|12
2244|41
2245|30
2246|16
2247|41
2248|9
2249|43
2250|11
2251|26
2252|35
2253|14
2254|5
2255|9
2256|36
2257|30
2258|32
2259|36
2260|28
2261|35
2262|35
2263|26
2264|37
2265|17
2266|1
2267|41
2268|39
2269|13
2270|30
2271|44
2272|2
2273|12
2274|5
2275|33
2276|46
2277|33
2278|2
2279|25
2280|39
2281|4
2282|30
2283|29
2284|9
2285|10
2286|9
2287|0
2288|16
2289|28
2290|32
2291|2
2292|3
2293|4
2294|19
2295|49
2296|23
2297|20
2298|30
2299|16
2300|35
2301|33
2302|48
2303|37
2304|1
2305|38
2306|35
2307|32
2308|29
2309|21
2310|9
2311|19
2312|22
2313|2
2314|43
2315|1
2316|35
2317|15
2318|0
2319|33
2320|27
2321|41
2322|48
2323|25
2324|1
2325|2
2326|11
2327|49
2328|46
2329|36
2330|23
2331|15
2332|4
2333|11
2334|23
2335|21
2336|21
2337|24
2338|38
2339|28
2340|15
2341|14
2342|19
2343|21
2344|19
2345|29
2346|21
2347|4
2348|36
2349|18
2350|48
2351|42
2352|24
2353|15
2354|20
2355|9
2356|18
2357|21
2358|40
2359|27
2360|27
2361|8
2362|4
2363|20
2364|27
2365|31
2366|15
2367|24
2368|24
2369|5
2370|34
2371|28
2372|41
2373|47
2374|49
2375|49
2376|36
2377|48
2378|38
2379|2
2380|25
2381|4
2382|31
2383|48
2384|31
2385|2
2386|2
2387|26
2388|39
2389|4
2390|8
2391|22
2392|6
2393|47
2394|21
2395|21
2396|37
2397|14
2398|33
2399|19
2400|31
2401|27
2402|8
2403|2
2404|6
2405|42
2406|42
2407|49
2408|6
2409|49
2410|40
2411|22
2412|22
2413|43
2414|4
2415|4
2416|13
2417|17
2418|0
2419|2
2420|34
2421|11
2422|47
2423|43
2424|18
2425|28
2426|31
2427|30
2428|0
2429|4
2430|44
2431|15
2432|36
2433|45
2434|13
2435|11
2436|47
2437|18
2438|30
2439|36
2440|19
2441|49
2442|38
2443|23
2444|36
2445|20
2446|36
2447|17
2448|26
2449|16
2450|46
2451|49
2452|42
2453|28
2454|18
2455|33
2456|47
2457|3
2458|28
2459|3
2460|36
2461|32
2462|38
2463|17
2464|40
2465|8
2466|33
2467|30
2468|42
2469|25
2470|9
2471|23
2472|19
2473|31
2474|5
2475|6
2476|2
2477|33
2478|5
2479|31
2480|15
2481|14
2482|14
2483|18
2484|35
2485|35
2486|40
2487|1
2488|45
2489|29
2490|45
2491|18
2492|4
2493|46
2494|31
2495|25
2496|13
2497|44
2498|6
2499|3
2500|49
2501|29
2502|30
2503|22
2504|34
2505|47
2506|2
2507|34
2508|37
2509|21
2510|32
2511|18
2512|34
2513|20
2514|30
2515|37
2516|46
2517|44
2518|35
2519|34
2520|28
2521|45
2522|35
2523|13
2524|1
2525|28
2526|1
2527|39
2528|42
2529|24
2530|1
2531|9
2532|35
2533|43
2534|43
2535|47
2536|0
2537|2
2538|1
2539|47
2540|3
2541|27
2542|19
2543|46
2544|25
2545|9
2546|14
2547|24
2548|30
2549|19
2550|43
2551|8
2552|34
2553|23
2554|20
2555|46
2556|20
2557|36
2558|5
2559|27
2560|48
2561|33
2562|15
2563|45
2564|47
2565|39
2566|18
2567|34
2568|7
2569|41
2570|8
2571|12
2572|22
2573|1
2574|4
2575|46
2576|26
2577|24
2578|7
2579|46
2580|6
2581|49
2582|25
2583|49
2584|9
2585|10
2586|47
2587|4
2588|27
2589|5
2590|34
2591|26
2592|27
2593|14
2594|24
2595|34
2596|16
2597|45
2598|8
2599|4
2600|37
2601|1
2602|0
2603|3
2604|23
2605|2
2606|0
2607|14
2608|17
2609|0
2610|9
2611|36
2612|11
2613|46
2614|43
2615|40
2616|5
2617|10
2618|32
2619|43
2620|19
2621|1
2622|32
2623|21
2624|23
2625|24
2626|36
2627|43
2628|46
2629|11
2630|12
2631|3
2632|26
2633|29
2634|38
2635|1
2636|29
2637|11
2638|35
2639|8
2640|12
2641|25
2642|11
2643|5
2644|34
2645|24
2646|42
2647|15
2648|10
2649|38
2650|26
2651|11
2652|12
2653|27
2654|11
2655|47
2656|32
2657|16
2658|24
2659|30
2660|4
2661|29
2662|44
2663|39
2664|20
2665|28
2666|36
2667|7
2668|17
2669|24
2670|30
2671|31
2672|37
2673|24
2674|20
2675|39
2676|44
2677|31
2678|38
2679|19
2680|41
2681|28
2682|9
2683|13
2684|25
2685|24
2686|4
2687|16
2688|18
2689|19
2690|41
2691|47
2692|38
2693|9
2694|24
2695|33
2696|2
2697|25
2698|1
2699|9
2700|40
2701|37
2702|24
2703|5
2704|40
2705|24
2706|42
2707|13
2708|16
2709|5
2710|5
2711|44
2712|6
2713|5
2714|20
2715|18
2716|32
2717|33
2718|22
2719|42
2720|21
2721|5
2722|23
2723|15
2724|29
2725|15
2726|37
2727|21
2728|8
2729|14
2730|45
2731|35
2732|48
2733|14
2734|42
2735|30
2736|5
2737|3
2738|43
2739|44
2740|39
2741|17
2742|10
2743|24
2744|38
2745|10
2746|10
2747|42
2748|40
2749|38
2750|21
2751|9
2752|39
2753|15
2754|27
2755|27
2756|5
2757|10
2758|39
2759|33
2760|29
2761|28
2762|44
2763|17
2764|39
2765|1
2766|1
2767|2
2768|42
2769|8
2770|26
2771|22
2772|28
2773|3
2774|48
2775|11
2776|13
2777|5
2778|19
2779|18
2780|32
2781|42
2782|39
2783|10
2784|22
2785|42
2786|48
2787|48
2788|5
2789|48
2790|34
2791|5
2792|43
2793|4
2794|36
2795|45
2796|0
2797|23
2798|28
2799|38
2800|29
2801|11
2802|44
2803|28
2804|24
2805|45
2806|35
2807|29
2808|8
2809|9
2810|44
2811|19
2812|45
2813|7
2814|7
2815|7
2816|18
2817|47
2818|26
2819|17
2820|10
2821|39
2822|19
2823|24
2824|25
2825|18
2826|7
2827|33
2828|30
2829|20
2830|1
2831|29
2832|20
2833|40
2834|16
2835|21
2836|29
2837|3
2838|33
2839|31
2840|11
2841|17
2842|15
2843|48
2844|13
2845|31
2846|7
2847|34
2848|20
2849|31
2850|37
2851|20
2852|19
2853|4
2854|37
2855|14
2856|49
2857|49
2858|35
2859|19
2860|6
2861|26
2862|46
2863|48
2864|31
2865|44
2866|34
2867|11
2868|40
2869|23
2870|47
2871|42
2872|35
2873|22
2874|33
2875|30
2876|44
2877|40
2878|1
2879|22
2880|10
2881|22
2882|20
2883|33
2884|27
2885|4
2886|34
2887|45
2888|14
2889|47
2890|45
2891|29
2892|20
2893|29
2894|23
2895|33
2896|19
2897|24
2898|26
2899|25
2900|37
2901|18
2902|7
2903|20
2904|5
2905|3
2906|36
2907|29
2908|4
2909|18
2910|40
2911|35
2912|17
2913|41
2914|32
2915|33
2916|19
2917|7
2918|42
2919|34
2920|19
2921|2
2922|36
2923|25
2924|31
2925|22
2926|4
2927|21
2928|38
2929|14
2930|49
2931|28
2932|37
2933|8
2934|7
2935|29
2936|15
2937|0
2938|2
2939|9
2940|39
2941|7
2942|13
2943|13
2944|11
2945|21
2946|44
2947|25
2948|14
2949|40
2950|22
2951|27
2952|44
2953|5
2954|23
2955|25
2956|10
2957|9
2958|13
2959|7
2960|17
2961|18
2962|12
2963|48
2964|14
2965|49
2966|42
2967|1
2968|12
2969|44
2970|29
2971|31
2972|18
2973|20
2974|22
2975|21
2976|15
2977|49
2978|14
2979|0
2980|1
2981|15
2982|12
2983|15
2984|42
2985|9
2986|34
2987|39
2988|28
2989|6
2990|30
2991|19
2992|29
2993|44
2994|47
2995|22
2996|45
2997|11
2998|47
2999|6
3000|41
