0|35
1|40
2|15
3|28
4|6
5|35
6|8
7|33
8|46
9|49
10|39
11|47
12|46
13|26
14|18
15|47
16|11
17|14
18|47
19|2
20|48
21|4
22|40
23|8
24|21
25|33
26|3
27|3
28|35
29|12
30|42
31|15
32|13
33|31
34|13
35|43
36|28
37|45
38|3
39|3
40|30
41|2
42|20
43|23
44|37
45|9
46|37
47|5
48|19
49|34
50|42
51|0
52|27
53|18
54|26
55|19
56|3
57|23
58|14
59|31
60|42
61|38
62|9
63|23
64|0
65|35
66|30
67|11
68|1
69|46
70|9
71|23
72|1
73|47
74|6
75|5
76|7
77|3
78|16
79|38
80|5
81|25
82|18
83|18
84|44
85|32
86|38
87|11
88|0
89|20
90|11
91|14
92|25
93|23
94|14
95|12
96|42
97|30
98|10
99|18
100|22
101|15
102|47
103|13
104|43
105|44
106|8
107|23
108|7
109|2
110|15
111|8
112|20
113|28
114|20
115|38
116|42
117|40
118|33
119|24
120|28
121|43
122|0
123|48
124|7
125|49
126|43
127|46
128|24
129|49
130|16
131|9
132|21
133|43
134|23
135|19
136|12
137|6
138|12
139|14
140|41
141|26
142|33
143|27
144|26
145|16
146|29
147|2
148|43
149|44
150|21
151|4
152|39
153|47
154|38
155|41
156|35
157|42
158|36
159|45
160|25
161|18
162|45
163|48
164|32
165|42
166|11
167|37
168|36
169|46
170|36
171|31
172|16
173|22
174|19
175|11
176|38
177|21
178|45
179|27
180|18
181|13
182|42
183|10
184|11
185|31
186|34
187|22
188|35
189|4
190|48
191|26
192|13
193|23
194|43
195|39
196|36
197|31
198|10
199|18
200|39
201|41
202|31
203|48
204|33
205|6
206|38
207|37
208|22
209|30
210|10
211|2
212|4
213|47
214|46
215|4
216|27
217|39
218|38
219|14
220|38
221|20
222|5
223|19
224|6
225|30
226|46
227|25
228|45
229|20
230|37
231|2
232|5
233|30
234|12
235|10
236|15
237|27
238|19
239|10
240|26
241|49
242|39
243|21
244|4
245|10
246|21
247|8
248|5
249|34
250|45
251|11
252|26
253|48
254|19
255|22
256|18
257|35
258|1
259|33
260|42
261|33
262|8
263|47
264|14
265|24
266|41
267|2
268|23
269|40
270|14
271|15
272|4
273|28
274|31
275|27
276|43
277|2
278|23
279|36
280|32
281|19
282|42
283|30
284|14
285|20
286|23
287|28
288|21
289|19
290|37
291|14
292|25
293|25
294|7
295|24
296|28
297|44
298|6
299|35
300|4
301|9
302|23
303|17
304|18
305|27
306|48
307|23
308|2
309|23
310|9
311|42
312|26
313|43
314|29
315|22
316|28
317|42
318|38
319|17
320|3
321|30
322|47
323|34
324|25
325|18
326|49
327|17
328|47
329|28
330|14
331|23
332|21
333|32
334|7
335|31
336|48
337|44
338|30
339|24
340|4
341|28
342|5
343|43
344|9
345|21
346|8
347|28
348|37
349|44
350|22
351|3
352|26
353|25
354|27
355|32
356|44
357|23
358|24
359|42
360|48
361|25
362|14
363|7
364|40
365|40
366|40
367|10
368|26
369|46
370|6
371|19
372|39
373|43
374|3
375|12
376|13
377|27
378|14
379|24
380|46
381|25
382|49
383|31
384|40
385|25
386|41
387|11
388|33
389|47
390|26
391|45
392|11
393|38
394|21
395|40
396|14
397|3
398|8
399|41
400|15
401|47
402|45
403|44
404|30
405|4
406|28
407|37
408|41
409|44
410|24
411|1
412|6
413|23
414|29
415|20
416|47
417|1
418|18
419|31
420|45
421|36
422|28
423|15
424|31
425|5
426|9
427|8
428|3
429|37
430|12
431|16
432|23
433|6
434|33
435|2
436|43
437|11
438|26
439|20
440|21
441|49
442|24
443|38
444|8
445|40
446|39
447|15
448|6
449|10
450|33
451|35
452|21
453|34
454|35
455|30
456|15
457|9
458|42
459|10
460|38
461|2
462|42
463|9
464|19
465|10
466|9
467|1
468|47
469|4
470|39
471|21
472|4
473|1
474|35
475|43
476|1
477|28
478|12
479|48
480|21
481|8
482|32
483|26
484|6
485|44
486|47
487|42
488|39
489|44
490|23
491|33
492|37
493|30
494|18
495|23
496|15
497|30
498|26
499|28
500|0
501|10
502|40
503|38
504|7
505|9
506|44
507|11
508|18
509|19
510|36
511|38
512|37
513|30
514|27
515|23
516|35
517|12
518|18
519|46
520|22
521|10
522|13
523|27
524|19
525|47
526|6
527|2
528|21
529|7
530|46
531|4
532|37
533|13
534|10
535|18
536|2
537|14
538|21
539|39
540|2
541|42
542|43
543|1
544|28
545|19
546|44
547|44
548|21
549|36
550|47
551|26
552|9
553|46
554|23
555|31
556|32
557|38
558|8
559|0
560|48
561|27
562|35
563|23
564|2
565|39
566|29
567|14
568|7
569|41
570|20
571|48
572|30
573|31
574|24
575|10
576|7
577|10
578|31
579|29
580|45
581|22
582|28
583|47
584|48
585|3
586|3
587|42
588|31
589|39
590|48
591|32
592|34
593|9
594|10
595|4
596|28
597|2
598|41
599|30
600|6
601|8
602|48
603|36
604|23
605|30
606|40
607|11
608|10
609|32
610|28
611|19
612|0
613|10
614|4
615|13
616|41
617|33
618|19
619|2
620|40
621|30
622|49
623|18
624|48
625|32
626|20
627|2
628|31
629|40
630|49
631|42
632|35
633|40
634|12
635|7
636|32
637|1
638|49
639|42
640|13
641|17
642|2
643|16
644|48
645|48
646|43
647|36
648|40
649|6
650|25
651|2
652|48
653|3
654|25
655|22
656|29
657|47
658|43
659|32
660|38
661|12
662|42
663|24
664|0
665|0
666|16
667|12
668|41
669|42
670|19
671|42
672|20
673|48
674|22
675|38
676|14
677|18
678|21
679|46
680|15
681|36
682|24
683|21
684|42
685|30
686|34
687|13
688|13
689|45
690|10
691|18
692|26
693|48
694|28
695|14
696|45
697|22
698|3
699|46
700|44
701|32
702|24
703|35
704|27
705|0
706|20
707|25
708|16
709|33
710|19
711|41
712|14
713|8
714|11
715|38
716|27
717|12
718|3
719|37
720|16
721|36
722|44
723|37
724|12
725|46
726|15
727|27
728|10
729|21
730|47
731|12
732|8
733|15
734|19
735|45
736|19
737|18
738|42
739|34
740|17
741|37
742|38
743|16
744|49
745|39
746|25
747|9
748|30
749|27
750|32
751|20
752|30
753|33
754|33
755|42
756|43
757|28
758|44
759|19
760|45
761|36
762|22
763|47
764|35
765|41
766|3
767|28
768|46
769|33
770|16
771|22
772|47
773|0
774|16
775|18
776|13
777|3
778|27
779|30
780|44
781|49
782|49
783|11
784|35
785|23
786|1
787|49
788|18
789|2
790|21
791|40
792|17
793|18
794|0
795|3
796|22
797|46
798|8
799|49
800|6
801|39
802|24
803|24
804|31
805|39
806|19
807|47
808|43
809|40
810|21
811|21
812|2
813|26
814|48
815|10
816|25
817|15
818|45
819|33
820|8
821|14
822|2
823|47
824|45
825|40
826|1
827|1
828|32
829|6
830|12
831|8
832|31
833|33
834|2
835|40
836|21
837|28
838|32
839|36
840|3
841|26
842|23
843|29
844|43
845|26
846|45
847|3
848|2
849|24
850|36
851|27
852|18
853|7
854|20
855|44
856|9
857|7
858|25
859|34
860|41
861|15
862|2
863|39
864|32
865|28
866|17
867|31
868|30
869|35
870|31
871|20
872|6
873|28
874|17
875|10
876|16
877|36
878|40
879|15
880|25
881|25
882|46
883|17
884|37
885|17
886|26
887|33
888|36
889|40
890|6
891|44
892|14
893|35
894|4
895|31
896|29
897|21
898|40
899|48
900|22
901|0
902|1
903|18
904|15
905|15
906|44
907|36
908|5
909|0
910|17
911|16
912|29
913|42
914|8
915|14
916|45
917|2
918|20
919|5
920|31
921|49
922|28
923|2
924|41
925|33
926|44
927|24
928|4
929|45
930|45
931|26
932|6
933|23
934|16
935|34
936|32
937|19
938|47
939|26
940|17
941|32
942|45
943|18
944|20
945|18
946|27
947|9
948|27
949|36
950|28
951|28
952|14
953|45
954|13
955|13
956|13
957|37
958|48
959|4
960|33
961|23
962|48
963|29
964|41
965|14
966|4
967|4
968|20
969|30
970|41
971|1
972|20
973|28
974|13
975|5
976|1
977|0
978|37
979|0
980|37
981|41
982|48
983|40
984|48
985|31
986|30
987|5
988|9
989|7
990|30
991|42
992|36
993|40
994|30
995|45
996|30
997|5
998|40
999|10
1000|47
1001|5
1002|36
1003|10
1004|9
1005|20
1006|26
1007|16
1008|3
1009|27
1010|4
1011|16
1012|40
1013|0
1014|17
1015|16
1016|1
1017|31
1018|35
1019|21
1020|16
1021|8
1022|34
1023|40
1024|32
1025|44
1026|34
1027|12
1028|48
1029|0
1030|41
1031|1
1032|35
1033|22
1034|48
1035|34
1036|22
1037|5
1038|15
1039|38
1040|2
1041|22
1042|31
1043|2
1044|0
1045|43
1046|16
1047|10
1048|27
1049|10
1050|1
1051|28
1052|15
1053|38
1054|36
1055|36
1056|17
1057|48
1058|23
1059|0
1060|34
1061|4
1062|35
1063|16
1064|16
1065|16
1066|45
1067|19
1068|12
1069|32
1070|31
1071|32
1072|15
1073|29
1074|3
1075|2
1076|22
1077|42
1078|37
1079|16
1080|18
1081|18
1082|7
1083|30
1084|44
1085|37
1086|16
1087|5
1088|40
1089|7
1090|35
1091|27
1092|33
1093|0
1094|22
1095|30
1096|38
1097|38
1098|35
1099|23
1100|45
1101|45
1102|40
1103|20
1104|40
1105|27
1106|34
1107|11
1108|15
1109|33
1110|22
1111|7
1112|22
1113|28
1114|19
1115|10
1116|37
1117|25
1118|8
1119|7
1120|36
1121|13
1122|8
1123|17
1124|5
1125|25
1126|35
1127|1
1128|5
1129|40
1130|10
1131|41
1132|4
1133|13
1134|1
1135|9
1136|47
1137|23
1138|10
1139|10
1140|18
1141|18
1142|4
1143|23
1144|41
1145|8
1146|43
1147|1
1148|31
1149|12
1150|44
1151|4
1152|37
1153|49
1154|15
1155|15
1156|8
1157|19
1158|10
1159|10
1160|37
1161|21
1162|3
1163|17
1164|39
1165|43
1166|16
1167|30
1168|39
1169|12
1170|32
1171|38
1172|11
1173|9
1174|36
1175|14
1176|35
1177|24
1178|12
1179|17
1180|6
1181|40
1182|10
1183|8
1184|30
1185|14
1186|3
1187|27
1188|37
1189|21
1190|31
1191|48
1192|22
1193|16
1194|14
1195|3
1196|5
1197|37
1198|19
1199|41
1200|16
1201|35
1202|43
1203|39
1204|12
1205|17
1206|30
1207|31
1208|12
1209|37
1210|45
1211|43
1212|30
1213|45
1214|1
1215|6
1216|10
1217|27
1218|42
1219|15
1220|10
1221|29
1222|27
1223|19
1224|8
1225|30
1226|6
1227|27
1228|37
1229|32
1230|29
1231|34
1232|27
1233|7
1234|21
1235|36
1236|18
1237|4
1238|32
1239|32
1240|26
1241|25
1242|40
1243|34
1244|6
1245|46
1246|1
1247|13
1248|39
1249|11
1250|38
1251|28
1252|5
1253|1
1254|39
1255|35
1256|7
1257|30
1258|4
1259|0
1260|0
1261|25
1262|34
1263|31
1264|48
1265|16
1266|9
1267|0
1268|12
1269|48
1270|24
1271|45
1272|7
1273|47
1274|36
1275|33
1276|14
1277|15
1278|40
1279|46
1280|13
1281|45
1282|6
1283|37
1284|27
1285|41
1286|41
1287|46
1288|3
1289|19
1290|32
1291|31
1292|47
1293|18
1294|11
1295|18
1296|23
1297|23
1298|40
1299|29
1300|15
1301|35
1302|47
1303|4
1304|45
1305|39
1306|20
1307|4
1308|47
1309|12
1310|43
1311|41
1312|18
1313|34
1314|43
1315|49
1316|44
1317|15
1318|31
1319|0
1320|30
1321|24
1322|33
1323|35
1324|35
1325|35
1326|24
1327|18
1328|18
1329|13
1330|10
1331|28
1332|26
1333|17
1334|40
1335|45
1336|18
1337|1
1338|42
1339|6
1340|7
1341|13
1342|49
1343|31
1344|48
1345|36
1346|22
1347|23
1348|49
1349|37
1350|37
1351|46
1352|0
1353|25
1354|45
1355|46
1356|9
1357|12
1358|11
1359|1
1360|37
1361|2
1362|12
1363|0
1364|33
1365|41
1366|27
1367|11
1368|17
1369|12
1370|30
1371|4
1372|38
1373|42
1374|20
1375|9
1376|20
1377|20
1378|35
1379|33
1380|35
1381|18
1382|20
1383|46
1384|28
1385|25
1386|3
1387|25
1388|31
1389|47
1390|23
1391|2
1392|13
1393|5
1394|36
1395|45
1396|14
1397|1
1398|8
1399|13
1400|6
1401|34
1402|5
1403|30
1404|13
1405|2
1406|24
1407|15
1408|43
1409|15
1410|16
1411|9
1412|47
1413|12
1414|21
1415|7
1416|40
1417|33
1418|38
1419|15
1420|48
1421|1
1422|9
1423|43
1424|40
1425|34
1426|4
1427|0
1428|46
1429|1
1430|34
1431|39
1432|48
1433|2
1434|10
1435|5
1436|26
1437|17
1438|9
1439|17
1440|39
1441|24
1442|40
1443|38
1444|18
1445|15
1446|26
1447|15
1448|17
1449|29
1450|27
1451|8
1452|40
1453|34
1454|39
1455|40
1456|49
1457|39
1458|24
1459|4
1460|36
1461|49
1462|4
1463|15
1464|8
1465|46
1466|33
1467|29
1468|19
1469|1
1470|44
1471|33
1472|11
1473|34
1474|14
1475|49
1476|45
1477|38
1478|36
1479|28
1480|10
1481|38
1482|5
1483|45
1484|6
1485|34
1486|17
1487|10
1488|28
1489|21
1490|46
1491|9
1492|11
1493|4
1494|48
1495|43
1496|0
1497|7
1498|39
1499|23
1500|11
1501|10
1502|18
1503|29
1504|16
1505|19
1506|4
1507|39
1508|13
1509|26
1510|27
1511|21
1512|49
1513|0
1514|8
1515|29
1516|42
1517|27
1518|4
1519|1
1520|9
1521|1
1522|38
1523|40
1524|41
1525|24
1526|14
1527|11
1528|3
1529|26
1530|43
1531|43
1532|47
1533|16
1534|31
1535|46
1536|46
1537|0
1538|46
1539|3
1540|45
1541|29
1542|27
1543|10
1544|35
1545|27
1546|14
1547|28
1548|33
1549|32
1550|18
1551|29
1552|27
1553|23
1554|15
1555|22
1556|11
1557|36
1558|4
1559|26
1560|0
1561|21
1562|11
1563|3
1564|3
1565|48
1566|5
1567|47
1568|0
1569|4
1570|36
1571|45
1572|36
1573|2
1574|5
1575|9
1576|11
1577|28
1578|19
1579|31
1580|25
1581|1
1582|30
1583|40
1584|34
1585|21
1586|12
1587|14
1588|28
1589|27
1590|13
1591|15
1592|11
1593|19
1594|37
1595|9
1596|37
1597|34
1598|47
1599|6
1600|10
1601|22
1602|8
1603|42
1604|11
1605|27
1606|31
1607|16
1608|7
1609|16
1610|10
1611|3
1612|31
1613|0
1614|30
1615|27
1616|31
1617|15
1618|20
1619|36
1620|25
1621|21
1622|20
1623|45
1624|46
1625|33
1626|38
1627|48
1628|2
1629|41
1630|20
1631|1
1632|31
1633|7
1634|2
1635|40
1636|11
1637|34
1638|28
1639|49
1640|47
1641|15
1642|11
1643|44
1644|9
1645|27
1646|30
1647|20
1648|27
1649|10
1650|39
1651|5
1652|12
1653|32
1654|21
1655|27
1656|21
1657|24
1658|9
1659|5
1660|28
1661|4
1662|22
1663|18
1664|13
1665|1
1666|5
1667|8
1668|19
1669|42
1670|20
1671|37
1672|47
1673|19
1674|7
1675|39
1676|18
1677|10
1678|35
1679|43
1680|28
1681|35
1682|17
1683|0
1684|7
1685|45
1686|14
1687|14
1688|4
1689|1
1690|6
1691|25
1692|43
1693|30
1694|5
1695|49
1696|39
1697|25
1698|36
1699|21
1700|10
1701|35
1702|3
1703|35
1704|41
1705|44
1706|11
1707|17
1708|1
1709|18
1710|36
1711|17
1712|33
1713|6
1714|42
1715|37
1716|19
1717|14
1718|47
1719|11
1720|17
1721|43
1722|13
1723|6
1724|0
1725|37
1726|37
1727|39
1728|11
1729|38
1730|13
1731|43
1732|22
1733|19
1734|18
1735|19
1736|45
1737|47
1738|17
1739|44
1740|11
1741|32
1742|11
1743|10
1744|11
1745|21
1746|27
1747|46
1748|23
1749|21
1750|47
1751|16
1752|28
1753|35
1754|39
1755|24
1756|47
1757|44
1758|19
1759|0
1760|37
1761|9
1762|8
1763|4
1764|28
1765|18
1766|0
1767|37
1768|5
1769|49
1770|5
1771|35
1772|31
1773|18
1774|10
1775|18
1776|14
1777|30
1778|49
1779|22
1780|22
1781|18
1782|17
1783|12
1784|41
1785|47
1786|35
1787|6
1788|45
1789|15
1790|16
1791|12
1792|19
1793|13
1794|21
1795|20
1796|16
1797|46
1798|23
1799|7
1800|18
1801|8
1802|26
1803|5
1804|8
1805|43
1806|36
1807|40
1808|38
1809|46
1810|19
1811|1
1812|7
1813|25
1814|17
1815|4
1816|32
1817|46
1818|48
1819|32
1820|38
1821|13
1822|44
1823|38
1824|47
1825|26
1826|16
1827|3
1828|15
1829|9
1830|27
1831|35
1832|41
1833|2
1834|29
1835|13
1836|1
1837|19
1838|37
1839|44
1840|4
1841|10
1842|25
1843|29
1844|5
1845|16
1846|8
1847|10
1848|30
1849|49
1850|38
1851|36
1852|27
1853|29
1854|47
1855|33
1856|33
1857|13
1858|11
1859|9
1860|37
1861|49
1862|39
1863|48
1864|4
1865|33
1866|36
1867|24
1868|39
1869|43
1870|0
1871|22
1872|11
1873|18
1874|47
1875|42
1876|21
1877|46
1878|40
1879|32
1880|36
1881|0
1882|5
1883|20
1884|26
1885|3
1886|8
1887|12
1888|23
1889|11
1890|29
1891|0
1892|13
1893|5
1894|23
1895|7
1896|10
1897|10
1898|2
1899|48
1900|39
1901|21
1902|49
1903|33
1904|49
1905|0
1906|33
1907|0
1908|29
1909|39
1910|37
1911|46
1912|8
1913|46
1914|4
1915|26
1916|32
1917|46
1918|39
1919|19
1920|20
1921|39
1922|13
1923|24
1924|0
1925|25
1926|26
1927|15
1928|14
1929|44
1930|19
1931|49
1932|35
1933|34
1934|24
1935|37
1936|10
1937|43
1938|15
1939|39
1940|37
1941|47
1942|48
1943|17
1944|15
1945|41
1946|22
1947|46
1948|40
1949|11
1950|2
1951|43
1952|2
1953|14
1954|45
1955|49
1956|19
1957|47
1958|10
1959|10
1960|6
1961|37
1962|6
1963|34
1964|16
1965|37
1966|8
1967|26
1968|48
1969|37
1970|33
1971|47
1972|20
1973|24
1974|23
1975|21
1976|9
1977|29
1978|10
1979|46
1980|3
1981|30
1982|11
1983|45
1984|8
1985|4
1986|27
1987|5
1988|21
1989|13
1990|13
1991|32
1992|45
1993|15
1994|40
1995|12
1996|40
1997|6
1998|3
1999|30
2000|8
2001|1
2002|42
2003|32
2004|22
2005|34
2006|11
2007|12
2008|20
2009|26
2010|12
2011|8
2012|40
2013|19
2014|26
2015|35
2016|0
2017|24
2018|20
2019|34
2020|43
2021|18
2022|12
2023|17
2024|7
2025|11
2026|41
2027|38
2028|32
2029|11
2030|40
2031|34
2032|19
2033|42
2034|23
2035|29
2036|16
2037|10
2038|4
2039|37
2040|29
2041|34
2042|48
2043|30
2044|4
2045|31
2046|49
2047|45
2048|6
2049|18
2050|47
2051|16
2052|32
2053|0
2054|13
2055|10
2056|42
2057|3
2058|28
2059|3
2060|20
2061|39
2062|0
2063|6
2064|11
2065|36
2066|42
2067|6
2068|44
2069|0
2070|10
2071|38
2072|48
2073|20
2074|16
2075|34
2076|28
2077|11
2078|46
2079|9
2080|35
2081|34
2082|45
2083|24
2084|3
2085|39
2086|35
2087|16
2088|30
2089|30
2090|31
2091|43
2092|11
2093|4
2094|3
2095|2
2096|11
2097|44
2098|9
2099|39
2100|19
2101|16
2102|18
2103|17
2104|28
2105|24
2106|19
2107|2
2108|47
2109|39
2110|48
2111|7
2112|21
2113|6
2114|48
2115|28
2116|27
2117|17
2118|21
2119|18
2120|9
2121|39
2122|28
2123|24
2124|47
2125|30
2126|21
2127|21
2128|13
2129|4
2130|23
2131|31
2132|39
2133|18
2134|19
2135|26
2136|41
2137|1
2138|17
2139|48
2140|34
2141|4
2142|44
2143|40
2144|49
2145|2
2146|48
2147|28
2148|3
2149|32
2150|7
2151|12
2152|47
2153|38
2154|4
2155|47
2156|4
2157|47
2158|0
2159|37
2160|45
2161|4
2162|27
2163|1
2164|25
2165|8
2166|9
2167|30
2168|23
2169|38
2170|26
2171|28
2172|22
2173|42
2174|45
2175|20
2176|0
2177|29
2178|0
2179|1
2180|2
2181|23
2182|3
2183|34
2184|34
2185|40
2186|4
2187|37
2188|19
2189|5
2190|19
2191|46
2192|11
2193|36
2194|46
2195|15
2196|32
2197|0
2198|20
2199|32
2200|38
2201|36
2202|26
2203|42
2204|46
2205|0
2206|20
2207|12
2208|16
2209|33
2210|5
2211|22
2212|48
2213|49
2214|35
2215|20
2216|20
2217|16
2218|21
2219|35
2220|12
2221|40
2222|1
2223|13
2224|43
2225|18
2226|38
2227|24
2228|3
2229|1
2230|19
2231|32
2232|34
2233|32
2234|4
2235|13
2236|0
2237|46
2238|48
2239|30
2240|21
2241|25
2242|27
2243|47
2244|22
2245|22
2246|8
2247|40
2248|25
2249|23
2250|49
2251|0
2252|35
2253|19
2254|2
2255|0
2256|25
2257|17
2258|29
2259|23
2260|29
2261|25
2262|0
2263|49
2264|35
2265|10
2266|22
2267|17
2268|27
2269|31
2270|7
2271|32
2272|29
2273|16
2274|4
2275|13
2276|6
2277|9
2278|19
2279|29
2280|43
2281|20
2282|36
2283|48
2284|17
2285|32
2286|6
2287|9
2288|13
2289|19
2290|6
2291|41
2292|39
2293|8
2294|18
2295|18
2296|28
2297|45
2298|29
2299|28
2300|33
2301|30
2302|35
2303|13
2304|12
2305|35
2306|33
2307|21
2308|45
2309|24
2310|44
2311|48
2312|12
2313|34
2314|23
2315|36
2316|33
2317|12
2318|19
2319|29
2320|43
2321|17
2322|46
2323|11
2324|28
2325|21
2326|41
2327|0
2328|15
2329|26
2330|23
2331|29
2332|21
2333|31
2334|39
2335|9
2336|26
2337|35
2338|43
2339|8
2340|49
2341|48
2342|31
2343|21
2344|44
2345|10
2346|37
2347|25
2348|25
2349|2
2350|34
2351|0
2352|37
2353|44
2354|49
2355|23
2356|49
2357|11
2358|35
2359|30
2360|33
2361|30
2362|23
2363|31
2364|43
2365|22
2366|14
2367|10
2368|19
2369|44
2370|3
2371|25
2372|11
2373|37
2374|10
2375|20
2376|7
2377|38
2378|49
2379|47
2380|41
2381|11
2382|24
2383|8
2384|25
2385|5
2386|15
2387|9
2388|19
2389|16
2390|5
2391|23
2392|44
2393|12
2394|38
2395|0
2396|38
2397|22
2398|14
2399|0
2400|19
2401|23
2402|17
2403|48
2404|28
2405|44
2406|8
2407|13
2408|16
2409|1
2410|49
2411|13
2412|28
2413|3
2414|45
2415|22
2416|37
2417|25
2418|25
2419|0
2420|47
2421|37
2422|46
2423|46
2424|0
2425|46
2426|48
2427|13
2428|37
2429|27
2430|39
2431|25
2432|42
2433|29
2434|45
2435|27
2436|31
2437|4
2438|46
2439|22
2440|33
2441|34
2442|3
2443|44
2444|42
2445|26
2446|9
2447|10
2448|7
2449|44
2450|4
2451|27
2452|24
2453|46
2454|28
2455|37
2456|20
2457|41
2458|22
2459|47
2460|41
2461|49
2462|16
2463|4
2464|37
2465|6
2466|28
2467|49
2468|48
2469|22
2470|12
2471|48
2472|33
2473|25
2474|40
2475|22
2476|15
2477|28
2478|29
2479|20
2480|39
2481|21
2482|0
2483|45
2484|32
2485|1
2486|43
2487|8
2488|2
2489|3
2490|16
2491|11
2492|23
2493|4
2494|3
2495|38
2496|39
2497|5
2498|17
2499|21
2500|13
2501|15
2502|46
2503|21
2504|7
2505|15
2506|47
2507|10
2508|44
2509|23
2510|30
2511|22
2512|39
2513|33
2514|44
2515|31
2516|28
2517|33
2518|46
2519|9
2520|37
2521|16
2522|46
2523|14
2524|6
2525|48
2526|18
2527|33
2528|26
2529|36
2530|16
2531|12
2532|25
2533|15
2534|35
2535|13
2536|3
2537|8
2538|46
2539|9
2540|17
2541|25
2542|40
2543|12
2544|12
2545|38
2546|23
2547|27
2548|30
2549|12
2550|49
2551|26
2552|12
2553|30
2554|33
2555|16
2556|11
2557|39
2558|22
2559|15
2560|29
2561|20
2562|43
2563|29
2564|27
2565|29
2566|24
2567|9
2568|44
2569|2
2570|5
2571|37
2572|29
2573|40
2574|19
2575|42
2576|16
2577|35
2578|27
2579|7
2580|37
2581|15
2582|11
2583|38
2584|17
2585|13
2586|36
2587|25
2588|35
2589|3
2590|16
2591|46
2592|26
2593|39
2594|36
2595|42
2596|19
2597|3
2598|37
2599|15
2600|27
2601|46
2602|9
2603|17
2604|36
2605|36
2606|5
2607|0
2608|0
2609|38
2610|16
2611|18
2612|5
2613|37
2614|42
2615|0
2616|36
2617|4
2618|18
2619|14
2620|37
2621|5
2622|12
2623|8
2624|22
2625|17
2626|21
2627|48
2628|43
2629|1
2630|10
2631|20
2632|14
2633|29
2634|49
2635|14
2636|41
2637|46
2638|31
2639|21
2640|32
2641|36
2642|29
2643|12
2644|43
2645|48
2646|36
2647|49
2648|49
2649|41
2650|15
2651|45
2652|30
2653|31
2654|10
2655|26
2656|39
2657|45
2658|2
2659|32
2660|22
2661|29
2662|38
2663|8
2664|5
2665|21
2666|25
2667|26
2668|16
2669|36
2670|46
2671|0
2672|3
2673|27
2674|25
2675|11
2676|30
2677|36
2678|16
2679|35
2680|9
2681|35
2682|17
2683|16
2684|49
2685|31
2686|37
2687|38
2688|2
2689|49
2690|4
2691|16
2692|33
2693|31
2694|37
2695|41
2696|28
2697|14
2698|16
2699|8
2700|10
2701|22
2702|30
2703|28
2704|47
2705|43
2706|40
2707|31
2708|47
2709|14
2710|38
2711|8
2712|41
2713|15
2714|6
2715|3
2716|44
2717|26
2718|27
2719|44
2720|29
2721|6
2722|14
2723|5
2724|23
2725|28
2726|15
2727|43
2728|33
2729|46
2730|7
2731|17
2732|0
2733|7
2734|3
2735|43
2736|24
2737|44
2738|27
2739|17
2740|23
2741|48
2742|25
2743|42
2744|6
2745|25
2746|18
2747|29
2748|4
2749|5
2750|20
2751|23
2752|24
2753|32
2754|42
2755|29
2756|32
2757|22
2758|9
2759|46
2760|10
2761|8
2762|10
2763|47
2764|21
2765|47
2766|24
2767|33
2768|10
2769|33
2770|11
2771|34
2772|3
2773|0
2774|16
2775|28
2776|37
2777|40
2778|11
2779|31
2780|29
2781|20
2782|9
2783|27
2784|23
2785|39
2786|4
2787|23
2788|21
2789|11
2790|31
2791|39
2792|35
2793|1
2794|5
2795|7
2796|28
2797|46
2798|38
2799|26
2800|15
2801|24
2802|12
2803|5
2804|34
2805|0
2806|10
2807|31
2808|10
2809|29
2810|24
2811|10
2812|26
2813|38
2814|11
2815|25
2816|32
2817|12
2818|40
2819|44
2820|8
2821|49
2822|22
2823|38
2824|10
2825|39
2826|47
2827|2
2828|6
2829|4
2830|13
2831|28
2832|47
2833|16
2834|48
2835|14
2836|17
2837|28
2838|12
2839|18
2840|49
2841|49
2842|43
2843|14
2844|7
2845|43
2846|16
2847|29
2848|33
2849|35
2850|0
2851|4
2852|4
2853|24
2854|47
2855|0
2856|27
2857|8
2858|45
2859|25
2860|14
2861|1
2862|29
2863|36
2864|18
2865|12
2866|16
2867|10
2868|19
2869|22
2870|29
2871|27
2872|0
2873|29
2874|37
2875|8
2876|35
2877|40
2878|22
2879|7
2880|22
2881|11
2882|4
2883|15
2884|9
2885|39
2886|2
2887|5
2888|15
2889|4
2890|41
2891|34
2892|45
2893|3
2894|2
2895|1
2896|22
2897|5
2898|11
2899|22
2900|17
2901|1
2902|9
2903|22
2904|38
2905|24
2906|19
2907|45
2908|36
2909|7
2910|48
2911|18
2912|25
2913|22
2914|45
2915|11
2916|48
2917|4
2918|35
2919|47
2920|30
2921|48
2922|28
2923|32
2924|12
2925|28
2926|1
2927|26
2928|25
2929|49
2930|23
2931|16
2932|46
2933|23
2934|0
2935|3
2936|3
2937|29
2938|27
2939|49
2940|28
2941|49
2942|33
2943|15
2944|36
2945|21
2946|6
2947|20
2948|46
2949|23
2950|44
2951|29
2952|15
2953|15
2954|7
2955|48
2956|27
2957|39
2958|23
2959|21
2960|36
2961|17
2962|3
2963|25
2964|23
2965|26
2966|30
2967|19
2968|24
2969|4
2970|14
2971|11
2972|24
2973|5
2974|11
2975|45
2976|29
2977|39
2978|33
2979|36
2980|14
2981|10
2982|14
2983|23
2984|2
2985|47
2986|42
2987|22
2988|43
2989|34
2990|46
2991|14
2992|0
2993|16
2994|36
2995|28
2996|37
2997|42
2998|15
2999|10
3000|39
