0|36
1|34
2|12
3|12
4|0
5|46
6|30
7|1
8|29
9|24
10|42
11|31
12|47
13|48
14|39
15|7
16|29
17|13
18|38
19|42
20|38
21|1
22|2
23|37
24|13
25|48
26|33
27|41
28|40
29|35
30|18
31|49
32|40
33|19
34|9
35|28
36|3
37|41
38|17
39|34
40|23
41|17
42|43
43|15
44|3
45|16
46|17
47|43
48|11
49|36
50|45
51|39
52|33
53|10
54|19
55|47
56|37
57|29
58|10
59|16
60|40
61|34
62|14
63|28
64|37
65|49
66|32
67|14
68|32
69|33
70|2
71|1
72|36
73|31
74|4
75|32
76|29
77|11
78|19
79|16
80|35
81|34
82|30
83|23
84|8
85|27
86|15
87|37
88|37
89|6
90|23
91|23
92|7
93|12
94|7
95|29
96|13
97|22
98|48
99|28
100|34
101|26
102|6
103|30
104|42
105|17
106|44
107|37
108|15
109|31
110|17
111|7
112|48
113|35
114|18
115|9
116|49
117|14
118|17
119|19
120|43
121|29
122|44
123|38
124|49
125|38
126|10
127|39
128|21
129|16
130|17
131|17
132|5
133|12
134|37
135|49
136|19
137|31
138|15
139|19
140|7
141|37
142|46
143|45
144|14
145|33
146|15
147|10
148|36
149|3
150|22
151|19
152|3
153|40
154|48
155|0
156|19
157|18
158|46
159|16
160|12
161|42
162|23
163|14
164|35
165|40
166|14
167|6
168|10
169|39
170|8
171|2
172|6
173|5
174|30
175|28
176|35
177|25
178|47
179|43
180|8
181|20
182|43
183|3
184|39
185|11
186|47
187|4
188|48
189|29
190|0
191|44
192|12
193|47
194|0
195|38
196|26
197|29
198|46
199|4
200|12
201|28
202|21
203|25
204|27
205|41
206|26
207|43
208|48
209|36
210|6
211|40
212|7
213|41
214|13
215|34
216|6
217|4
218|4
219|39
220|30
221|36
222|5
223|17
224|31
225|22
226|26
227|42
228|16
229|32
230|17
231|15
232|29
233|40
234|36
235|10
236|33
237|42
238|38
239|18
240|48
241|26
242|26
243|22
244|20
245|35
246|37
247|24
248|9
249|24
250|32
251|20
252|27
253|4
254|48
255|21
256|22
257|25
258|11
259|47
260|23
261|2
262|46
263|31
264|42
265|21
266|10
267|45
268|37
269|41
270|48
271|30
272|37
273|24
274|17
275|28
276|16
277|40
278|33
279|21
280|25
281|25
282|39
283|3
284|16
285|5
286|12
287|25
288|9
289|22
290|17
291|47
292|8
293|3
294|41
295|46
296|5
297|27
298|45
299|14
300|37
301|10
302|13
303|1
304|37
305|31
306|33
307|19
308|45
309|36
310|32
311|27
312|33
313|16
314|48
315|9
316|10
317|9
318|7
319|36
320|16
321|7
322|4
323|43
324|49
325|26
326|25
327|4
328|2
329|6
330|36
331|35
332|0
333|16
334|27
335|38
336|49
337|28
338|4
339|14
340|36
341|38
342|22
343|31
344|4
345|29
346|44
347|15
348|35
349|40
350|10
351|46
352|32
353|16
354|16
355|24
356|35
357|48
358|33
359|48
360|30
361|35
362|39
363|49
364|2
365|0
366|8
367|28
368|25
369|39
370|40
371|25
372|3
373|49
374|46
375|31
376|30
377|34
378|33
379|14
380|13
381|41
382|3
383|46
384|12
385|24
386|1
387|15
388|17
389|49
390|32
391|40
392|47
393|27
394|42
395|14
396|8
397|33
398|46
399|11
400|4
401|20
402|1
403|19
404|49
405|25
406|40
407|19
408|45
409|2
410|15
411|35
412|11
413|20
414|31
415|3
416|14
417|20
418|3
419|45
420|39
421|18
422|7
423|44
424|36
425|8
426|5
427|11
428|45
429|12
430|15
431|17
432|2
433|27
434|45
435|5
436|19
437|3
438|17
439|49
440|8
441|23
442|32
443|40
444|40
445|13
446|2
447|37
448|26
449|18
450|2
451|42
452|22
453|19
454|7
455|22
456|49
457|46
458|14
459|37
460|37
461|23
462|16
463|25
464|41
465|37
466|46
467|34
468|27
469|36
470|23
471|39
472|28
473|33
474|38
475|34
476|24
477|47
478|41
479|41
480|29
481|4
482|26
483|7
484|24
485|41
486|41
487|40
488|6
489|11
490|3
491|21
492|9
493|48
494|21
495|47
496|46
497|4
498|17
499|47
500|5
501|41
502|13
503|18
504|29
505|42
506|19
507|32
508|24
509|49
510|13
511|43
512|3
513|14
514|48
515|31
516|5
517|27
518|5
519|45
520|19
521|29
522|34
523|26
524|31
525|44
526|44
527|21
528|21
529|46
530|32
531|0
532|42
533|28
534|37
535|5
536|23
537|1
538|7
539|7
540|15
541|48
542|29
543|42
544|10
545|4
546|26
547|39
548|17
549|9
550|40
551|5
552|44
553|29
554|42
555|24
556|13
557|8
558|36
559|27
560|39
561|18
562|36
563|38
564|33
565|48
566|34
567|42
568|39
569|40
570|1
571|44
572|39
573|15
574|34
575|25
576|27
577|35
578|5
579|42
580|4
581|33
582|0
583|42
584|34
585|29
586|3
587|12
588|31
589|21
590|24
591|37
592|33
593|48
594|11
595|22
596|26
597|4
598|11
599|24
600|23
601|49
602|38
603|18
604|45
605|6
606|25
607|15
608|7
609|11
610|29
611|19
612|26
613|13
614|14
615|14
616|24
617|5
618|48
619|29
620|29
621|16
622|43
623|9
624|23
625|18
626|24
627|45
628|40
629|28
630|17
631|48
632|13
633|9
634|16
635|33
636|17
637|35
638|35
639|6
640|38
641|46
642|9
643|36
644|32
645|35
646|30
647|31
648|29
649|8
650|21
651|46
652|35
653|43
654|21
655|25
656|15
657|23
658|27
659|22
660|1
661|13
662|47
663|28
664|2
665|36
666|22
667|32
668|31
669|3
670|23
671|35
672|20
673|7
674|47
675|4
676|27
677|17
678|11
679|49
680|23
681|20
682|13
683|34
684|8
685|44
686|39
687|28
688|27
689|49
690|12
691|16
692|27
693|14
694|46
695|7
696|41
697|14
698|2
699|16
700|47
701|8
702|18
703|22
704|8
705|44
706|21
707|0
708|16
709|15
710|35
711|19
712|9
713|44
714|40
715|13
716|45
717|26
718|45
719|4
720|36
721|36
722|37
723|17
724|18
725|48
726|7
727|20
728|10
729|47
730|48
731|46
732|37
733|14
734|15
735|3
736|18
737|15
738|31
739|23
740|3
741|25
742|23
743|13
744|48
745|42
746|29
747|34
748|28
749|1
750|7
751|5
752|7
753|39
754|33
755|32
756|45
757|25
758|34
759|11
760|17
761|42
762|25
763|37
764|5
765|43
766|29
767|42
768|33
769|27
770|45
771|6
772|32
773|37
774|15
775|39
776|13
777|14
778|11
779|24
780|17
781|27
782|8
783|8
784|38
785|30
786|19
787|22
788|1
789|23
790|32
791|44
792|1
793|14
794|47
795|39
796|22
797|26
798|47
799|25
800|1
801|28
802|7
803|25
804|2
805|0
806|4
807|9
808|3
809|46
810|26
811|34
812|0
813|44
814|38
815|47
816|45
817|11
818|35
819|30
820|3
821|41
822|15
823|23
824|46
825|38
826|21
827|35
828|23
829|44
830|0
831|35
832|46
833|12
834|11
835|5
836|39
837|14
838|49
839|15
840|43
841|42
842|11
843|45
844|21
845|39
846|17
847|9
848|49
849|4
850|19
851|33
852|30
853|42
854|48
855|6
856|24
857|0
858|27
859|32
860|10
861|10
862|24
863|22
864|3
865|32
866|9
867|15
868|4
869|37
870|29
871|32
872|28
873|35
874|27
875|19
876|34
877|43
878|26
879|38
880|18
881|4
882|28
883|39
884|44
885|39
886|48
887|26
888|44
889|46
890|7
891|49
892|13
893|36
894|30
895|20
896|15
897|28
898|17
899|28
900|36
901|38
902|27
903|26
904|13
905|6
906|24
907|17
908|18
909|41
910|16
911|35
912|0
913|18
914|41
915|9
916|44
917|9
918|26
919|11
920|3
921|48
922|49
923|3
924|20
925|11
926|36
927|1
928|24
929|0
930|29
931|15
932|49
933|48
934|2
935|21
936|47
937|25
938|48
939|2
940|26
941|1
942|16
943|1
944|16
945|3
946|32
947|24
948|26
949|46
950|36
951|47
952|41
953|9
954|39
955|15
956|49
957|10
958|47
959|5
960|48
961|5
962|39
963|42
964|2
965|15
966|47
967|47
968|2
969|49
970|37
971|21
972|48
973|42
974|43
975|26
976|3
977|3
978|14
979|35
980|1
981|11
982|3
983|14
984|12
985|36
986|39
987|33
988|2
989|1
990|45
991|43
992|2
993|45
994|30
995|18
996|29
997|44
998|43
999|26
1000|35
1001|1
1002|1
1003|15
1004|48
1005|13
1006|27
1007|17
1008|41
1009|35
1010|0
1011|43
1012|16
1013|49
1014|44
1015|35
1016|45
1017|36
1018|47
1019|30
1020|8
1021|31
1022|23
1023|11
1024|8
1025|44
1026|46
1027|28
1028|47
1029|18
1030|23
1031|45
1032|20
1033|24
1034|1
1035|8
1036|30
1037|26
1038|9
1039|27
1040|4
1041|2
1042|46
1043|23
1044|21
1045|12
1046|18
1047|28
1048|35
1049|5
1050|31
1051|49
1052|43
1053|37
1054|38
1055|43
1056|23
1057|41
1058|14
1059|39
1060|0
1061|22
1062|9
1063|28
1064|37
1065|22
1066|2
1067|27
1068|8
1069|2
1070|13
1071|28
1072|45
1073|30
1074|39
1075|21
1076|1
1077|15
1078|6
1079|6
1080|18
1081|33
1082|30
1083|38
1084|44
1085|13
1086|11
1087|45
1088|39
1089|32
1090|30
1091|16
1092|20
1093|11
1094|48
1095|34
1096|43
1097|25
1098|40
1099|47
1100|24
1101|16
1102|20
1103|18
1104|38
1105|37
1106|37
1107|6
1108|48
1109|11
1110|9
1111|12
1112|12
1113|40
1114|8
1115|33
1116|40
1117|46
1118|33
1119|15
1120|28
1121|47
1122|29
1123|31
1124|41
1125|49
1126|16
1127|42
1128|7
1129|10
1130|2
1131|19
1132|13
1133|48
1134|21
1135|2
1136|10
1137|41
1138|7
1139|31
1140|4
1141|36
1142|16
1143|47
1144|19
1145|38
1146|2
1147|17
1148|45
1149|35
1150|25
1151|39
1152|21
1153|44
1154|5
1155|33
1156|40
1157|16
1158|30
1159|47
1160|9
1161|49
1162|1
1163|26
1164|11
1165|41
1166|33
1167|26
1168|46
1169|32
1170|45
1171|10
1172|35
1173|3
1174|20
1175|42
1176|24
1177|22
1178|22
1179|42
1180|12
1181|4
1182|6
1183|18
1184|31
1185|10
1186|46
1187|27
1188|41
1189|39
1190|26
1191|13
1192|11
1193|18
1194|19
1195|23
1196|11
1197|12
1198|36
1199|39
1200|11
1201|23
1202|8
1203|44
1204|25
1205|23
1206|6
1207|39
1208|4
1209|37
1210|15
1211|27
1212|32
1213|10
1214|13
1215|46
1216|4
1217|17
1218|10
1219|16
1220|26
1221|7
1222|39
1223|33
1224|10
1225|17
1226|37
1227|33
1228|22
1229|30
1230|13
1231|37
1232|8
1233|15
1234|24
1235|23
1236|22
1237|20
1238|31
1239|19
1240|5
1241|26
1242|11
1243|1
1244|11
1245|42
1246|27
1247|37
1248|14
1249|5
1250|35
1251|17
1252|33
1253|3
1254|5
1255|29
1256|34
1257|0
1258|3
1259|16
1260|22
1261|31
1262|39
1263|48
1264|6
1265|34
1266|19
1267|30
1268|29
1269|21
1270|14
1271|30
1272|47
1273|6
1274|41
1275|38
1276|43
1277|17
1278|3
1279|15
1280|44
1281|41
1282|27
1283|39
1284|43
1285|12
1286|11
1287|32
1288|29
1289|48
1290|13
1291|21
1292|0
1293|0
1294|49
1295|26
1296|41
1297|45
1298|17
1299|45
1300|5
1301|9
1302|42
1303|30
1304|18
1305|10
1306|40
1307|41
1308|9
1309|13
1310|12
1311|24
1312|14
1313|19
1314|38
1315|10
1316|9
1317|2
1318|29
1319|3
1320|8
1321|12
1322|39
1323|45
1324|8
1325|14
1326|0
1327|20
1328|47
1329|39
1330|2
1331|34
1332|13
1333|30
1334|30
1335|43
1336|5
1337|23
1338|12
1339|2
1340|6
1341|45
1342|16
1343|11
1344|20
1345|1
1346|16
1347|43
1348|26
1349|30
1350|22
1351|2
1352|8
1353|14
1354|38
1355|14
1356|3
1357|27
1358|39
1359|6
1360|8
1361|15
1362|20
1363|24
1364|33
1365|9
1366|14
1367|24
1368|37
1369|34
1370|42
1371|19
1372|24
1373|6
1374|30
1375|12
1376|45
1377|20
1378|5
1379|7
1380|36
1381|31
1382|11
1383|18
1384|45
1385|38
1386|24
1387|45
1388|34
1389|20
1390|1
1391|49
1392|35
1393|31
1394|19
1395|11
1396|13
1397|43
1398|3
1399|15
1400|28
1401|21
1402|19
1403|44
1404|47
1405|4
1406|14
1407|49
1408|32
1409|42
1410|5
1411|41
1412|39
1413|11
1414|9
1415|32
1416|47
1417|40
1418|40
1419|20
1420|33
1421|5
1422|45
1423|22
1424|25
1425|29
1426|1
1427|44
1428|41
1429|47
1430|33
1431|1
1432|39
1433|14
1434|39
1435|31
1436|44
1437|48
1438|33
1439|32
1440|13
1441|47
1442|42
1443|24
1444|26
1445|36
1446|43
1447|18
1448|46
1449|30
1450|14
1451|25
1452|48
1453|31
1454|48
1455|14
1456|43
1457|17
1458|5
1459|19
1460|0
1461|3
1462|3
1463|27
1464|42
1465|28
1466|40
1467|15
1468|38
1469|36
1470|5
1471|9
1472|2
1473|44
1474|48
1475|26
1476|20
1477|35
1478|26
1479|28
1480|7
1481|19
1482|12
1483|30
1484|28
1485|1
1486|35
1487|29
1488|16
1489|42
1490|39
1491|28
1492|47
1493|36
1494|35
1495|4
1496|23
1497|35
1498|7
1499|2
1500|19
1501|1
1502|35
1503|43
1504|7
1505|25
1506|33
1507|34
1508|42
1509|26
1510|45
1511|32
1512|1
1513|12
1514|17
1515|25
1516|38
1517|42
1518|39
1519|34
1520|19
1521|14
1522|14
1523|24
1524|25
1525|47
1526|2
1527|33
1528|25
1529|3
1530|9
1531|15
1532|36
1533|6
1534|17
1535|34
1536|45
1537|4
1538|43
1539|47
1540|30
1541|25
1542|0
1543|14
1544|30
1545|1
1546|19
1547|17
1548|4
1549|27
1550|23
1551|9
1552|33
1553|21
1554|12
1555|47
1556|47
1557|6
1558|37
1559|44
1560|18
1561|19
1562|14
1563|33
1564|20
1565|18
1566|21
1567|38
1568|37
1569|30
1570|49
1571|34
1572|44
1573|16
1574|26
1575|1
1576|23
1577|35
1578|13
1579|24
1580|19
1581|16
1582|30
1583|26
1584|23
1585|48
1586|16
1587|36
1588|17
1589|4
1590|15
1591|48
1592|35
1593|35
1594|16
1595|13
1596|47
1597|42
1598|12
1599|19
1600|41
1601|41
1602|15
1603|42
1604|11
1605|9
1606|43
1607|35
1608|18
1609|37
1610|21
1611|27
1612|25
1613|33
1614|38
1615|29
1616|36
1617|35
1618|16
1619|5
1620|25
1621|20
1622|43
1623|11
1624|28
1625|5
1626|21
1627|12
1628|42
1629|30
1630|49
1631|33
1632|12
1633|9
1634|2
1635|46
1636|10
1637|20
1638|10
1639|18
1640|33
1641|8
1642|25
1643|21
1644|21
1645|11
1646|38
1647|22
1648|45
1649|38
1650|23
1651|19
1652|15
1653|10
1654|2
1655|11
1656|49
1657|20
1658|12
1659|42
1660|47
1661|45
1662|7
1663|41
1664|36
1665|1
1666|7
1667|46
1668|9
1669|3
1670|43
1671|28
1672|33
1673|28
1674|7
1675|31
1676|28
1677|40
1678|28
1679|26
1680|44
1681|20
1682|28
1683|23
1684|40
1685|35
1686|39
1687|21
1688|27
1689|6
1690|43
1691|32
1692|46
1693|24
1694|33
1695|8
1696|49
1697|34
1698|34
1699|13
1700|18
1701|4
1702|33
1703|30
1704|4
1705|33
1706|14
1707|18
1708|6
1709|36
1710|29
1711|13
1712|36
1713|17
1714|5
1715|5
1716|45
1717|24
1718|41
1719|3
1720|9
1721|25
1722|15
1723|7
1724|15
1725|11
1726|42
1727|22
1728|38
1729|29
1730|41
1731|40
1732|16
1733|39
1734|0
1735|16
1736|43
1737|1
1738|34
1739|48
1740|5
1741|23
1742|13
1743|44
1744|33
1745|23
1746|1
1747|46
1748|13
1749|35
1750|31
1751|12
1752|9
1753|14
1754|18
1755|34
1756|44
1757|8
1758|23
1759|19
1760|7
1761|5
1762|34
1763|28
1764|36
1765|22
1766|29
1767|4
1768|30
1769|7
1770|28
1771|20
1772|24
1773|20
1774|49
1775|46
1776|43
1777|37
1778|39
1779|47
1780|16
1781|31
1782|48
1783|25
1784|1
1785|43
1786|7
1787|44
1788|29
1789|4
1790|40
1791|23
1792|41
1793|15
1794|28
1795|34
1796|16
1797|23
1798|42
1799|44
1800|49
1801|37
1802|43
1803|27
1804|12
1805|6
1806|14
1807|48
1808|19
1809|47
1810|49
1811|1
1812|20
1813|21
1814|25
1815|7
1816|24
1817|18
1818|48
1819|47
1820|3
1821|7
1822|7
1823|15
1824|0
1825|12
1826|12
1827|2
1828|25
1829|31
1830|6
1831|4
1832|49
1833|31
1834|17
1835|4
1836|11
1837|46
1838|35
1839|32
1840|5
1841|21
1842|11
1843|41
1844|32
1845|14
1846|26
1847|41
1848|16
1849|38
1850|11
1851|0
1852|37
1853|9
1854|49
1855|45
1856|0
1857|37
1858|15
1859|3
1860|42
1861|8
1862|36
1863|44
1864|10
1865|18
1866|22
1867|42
1868|20
1869|22
1870|26
1871|24
1872|24
1873|31
1874|19
1875|36
1876|19
1877|26
1878|20
1879|41
1880|2
1881|45
1882|48
1883|48
1884|9
1885|4
1886|26
1887|24
1888|42
1889|18
1890|38
1891|22
1892|13
1893|6
1894|15
1895|34
1896|29
1897|42
1898|4
1899|39
1900|16
1901|27
1902|19
1903|23
1904|27
1905|36
1906|27
1907|6
1908|10
1909|5
1910|13
1911|38
1912|6
1913|7
1914|5
1915|30
1916|15
1917|39
1918|15
1919|48
1920|23
1921|19
1922|5
1923|34
1924|6
1925|12
1926|26
1927|5
1928|35
1929|29
1930|45
1931|42
1932|9
1933|0
1934|27
1935|32
1936|40
1937|2
1938|2
1939|40
1940|21
1941|22
1942|24
1943|42
1944|0
1945|6
1946|0
1947|45
1948|3
1949|19
1950|40
1951|43
1952|29
1953|2
1954|40
1955|38
1956|16
1957|29
1958|42
1959|39
1960|16
1961|44
1962|35
1963|32
1964|21
1965|33
1966|23
1967|40
1968|3
1969|25
1970|49
1971|34
1972|14
1973|15
1974|5
1975|41
1976|27
1977|25
1978|35
1979|45
1980|9
1981|49
1982|12
1983|12
1984|24
1985|7
1986|39
1987|32
1988|36
1989|9
1990|26
1991|6
1992|4
1993|33
1994|14
1995|34
1996|33
1997|21
1998|27
1999|24
2000|18
2001|42
2002|20
2003|22
2004|28
2005|8
2006|23
2007|43
2008|15
2009|2
2010|32
2011|45
2012|11
2013|17
2014|23
2015|4
2016|21
2017|17
2018|19
2019|49
2020|44
2021|31
2022|5
2023|21
2024|3
2025|12
2026|20
2027|15
2028|48
2029|29
2030|23
2031|30
2032|44
2033|3
2034|26
2035|44
2036|46
2037|15
2038|26
2039|46
2040|7
2041|15
2042|47
2043|32
2044|32
2045|26
2046|38
2047|3
2048|48
2049|8
2050|49
2051|10
2052|17
2053|38
2054|28
2055|14
2056|14
2057|44
2058|15
2059|48
2060|40
2061|1
2062|38
2063|19
2064|0
2065|17
2066|28
2067|45
2068|36
2069|48
2070|19
2071|27
2072|0
2073|47
2074|4
2075|19
2076|8
2077|15
2078|8
2079|30
2080|42
2081|46
2082|21
2083|16
2084|42
2085|9
2086|21
2087|16
2088|44
2089|3
2090|3
2091|19
2092|10
2093|38
2094|31
2095|25
2096|48
2097|16
2098|4
2099|8
2100|16
2101|47
2102|30
2103|12
2104|28
2105|18
2106|25
2107|31
2108|20
2109|26
2110|16
2111|41
2112|37
2113|38
2114|42
2115|4
2116|11
2117|7
2118|17
2119|48
2120|23
2121|31
2122|42
2123|49
2124|24
2125|21
2126|17
2127|0
2128|46
2129|6
2130|23
2131|34
2132|5
2133|38
2134|28
2135|19
2136|9
2137|8
2138|8
2139|47
2140|29
2141|14
2142|0
2143|37
2144|39
2145|48
2146|26
2147|24
2148|14
2149|36
2150|30
2151|38
2152|1
2153|32
2154|39
2155|3
2156|27
2157|0
2158|34
2159|9
2160|48
2161|11
2162|45
2163|34
2164|0
2165|13
2166|46
2167|24
2168|7
2169|48
2170|4
2171|22
2172|13
2173|40
2174|14
2175|40
2176|39
2177|27
2178|45
2179|43
2180|22
2181|38
2182|9
2183|42
2184|47
2185|17
2186|34
2187|27
2188|6
2189|24
2190|5
2191|16
2192|39
2193|17
2194|6
2195|37
2196|28
2197|6
2198|37
2199|13
2200|31
2201|44
2202|21
2203|2
2204|45
2205|29
2206|2
2207|9
2208|7
2209|39
2210|47
2211|18
2212|6
2213|8
2214|34
2215|27
2216|39
2217|14
2218|30
2219|25
2220|11
2221|0
2222|38
2223|15
2224|44
2225|17
2226|44
2227|4
2228|29
2229|33
2230|0
2231|49
2232|6
2233|28
2234|30
2235|37
2236|30
2237|3
2238|24
2239|23
2240|40
2241|4
2242|14
2243|46
2244|48
2245|35
2246|44
2247|31
2248|5
2249|1
2250|5
2251|34
2252|16
2253|28
2254|32
2255|4
2256|19
2257|41
2258|27
2259|5
2260|23
2261|8
2262|31
2263|24
2264|2
2265|25
2266|36
2267|29
2268|8
2269|6
2270|45
2271|26
2272|21
2273|49
2274|47
2275|36
2276|45
2277|20
2278|47
2279|18
2280|40
2281|3
2282|24
2283|12
2284|16
2285|19
2286|1
2287|13
2288|46
2289|46
2290|27
2291|47
2292|39
2293|47
2294|42
2295|26
2296|47
2297|23
2298|39
2299|23
2300|21
2301|36
2302|10
2303|18
2304|4
2305|20
2306|46
2307|3
2308|7
2309|6
2310|36
2311|6
2312|41
2313|40
2314|21
2315|44
2316|0
2317|48
2318|6
2319|10
2320|34
2321|34
2322|30
2323|27
2324|40
2325|14
2326|20
2327|1
2328|32
2329|44
2330|48
2331|43
2332|10
2333|14
2334|46
2335|10
2336|41
2337|41
2338|8
2339|27
2340|40
2341|3
2342|11
2343|17
2344|22
2345|16
2346|40
2347|13
2348|34
2349|30
2350|38
2351|23
2352|16
2353|41
2354|6
2355|42
2356|18
2357|45
2358|37
2359|11
2360|37
2361|4
2362|6
2363|18
2364|26
2365|38
2366|4
2367|42
2368|36
2369|6
2370|20
2371|9
2372|22
2373|16
2374|9
2375|15
2376|15
2377|42
2378|5
2379|22
2380|29
2381|33
2382|22
2383|35
2384|44
2385|0
2386|9
2387|41
2388|17
2389|15
2390|49
2391|4
2392|38
2393|6
2394|49
2395|41
2396|35
2397|40
2398|15
2399|36
2400|14
2401|43
2402|24
2403|11
2404|13
2405|17
2406|15
2407|44
2408|35
2409|4
2410|34
2411|23
2412|19
2413|14
2414|27
2415|42
2416|40
2417|11
2418|39
2419|18
2420|39
2421|48
2422|17
2423|23
2424|8
2425|0
2426|43
2427|43
2428|47
2429|37
2430|39
2431|42
2432|36
2433|33
2434|31
2435|11
2436|25
2437|21
2438|8
2439|35
2440|27
2441|20
2442|31
2443|7
2444|23
2445|4
2446|24
2447|42
2448|44
2449|2
2450|30
2451|38
2452|16
2453|46
2454|49
2455|34
2456|32
2457|30
2458|42
2459|23
2460|47
2461|16
2462|33
2463|2
2464|0
2465|37
2466|45
2467|5
2468|12
2469|9
2470|41
2471|30
2472|5
2473|37
2474|38
2475|32
2476|20
2477|45
2478|10
2479|29
2480|1
2481|47
2482|10
2483|40
2484|32
2485|20
2486|6
2487|27
2488|24
2489|43
2490|22
2491|10
2492|36
2493|18
2494|12
2495|48
2496|34
2497|32
2498|48
2499|30
2500|10
2501|5
2502|14
2503|11
2504|43
2505|17
2506|9
2507|6
2508|48
2509|34
2510|12
2511|23
2512|34
2513|19
2514|23
2515|45
2516|4
2517|7
2518|8
2519|45
2520|44
2521|49
2522|9
2523|26
2524|34
2525|25
2526|27
2527|2
2528|14
2529|13
2530|42
2531|27
2532|17
2533|39
2534|15
2535|41
2536|48
2537|12
2538|24
2539|5
2540|26
2541|31
2542|49
2543|1
2544|17
2545|36
2546|25
2547|22
2548|43
2549|15
2550|37
2551|3
2552|39
2553|43
2554|1
2555|32
2556|40
2557|6
2558|38
2559|27
2560|37
2561|35
2562|45
2563|19
2564|16
2565|33
2566|33
2567|44
2568|48
2569|33
2570|3
2571|0
2572|0
2573|5
2574|11
2575|21
2576|38
2577|24
2578|17
2579|15
2580|9
2581|13
2582|20
2583|49
2584|29
2585|45
2586|2
2587|25
2588|3
2589|12
2590|38
2591|37
2592|16
2593|39
2594|42
2595|49
2596|37
2597|7
2598|12
2599|5
2600|45
2601|6
2602|2
2603|23
2604|14
2605|8
2606|12
2607|41
2608|40
2609|4
2610|9
2611|43
2612|28
2613|10
2614|1
2615|44
2616|37
2617|49
2618|14
2619|12
2620|5
2621|1
2622|3
2623|18
2624|25
2625|18
2626|11
2627|14
2628|3
2629|15
2630|28
2631|18
2632|38
2633|19
2634|47
2635|10
2636|36
2637|42
2638|1
2639|33
2640|33
2641|30
2642|6
2643|31
2644|40
2645|3
2646|16
2647|32
2648|9
2649|15
2650|48
2651|42
2652|1
2653|14
2654|20
2655|8
2656|22
2657|44
2658|43
2659|5
2660|33
2661|3
2662|36
2663|39
2664|25
2665|7
2666|8
2667|34
2668|32
2669|23
2670|6
2671|33
2672|27
2673|40
2674|19
2675|36
2676|33
2677|41
2678|2
2679|13
2680|5
2681|17
2682|32
2683|17
2684|11
2685|44
2686|36
2687|21
2688|22
2689|15
2690|15
2691|24
2692|17
2693|39
2694|0
2695|48
2696|6
2697|34
2698|24
2699|42
2700|36
2701|24
2702|21
2703|6
2704|44
2705|31
2706|26
2707|11
2708|1
2709|46
2710|34
2711|12
2712|22
2713|40
2714|39
2715|10
2716|41
2717|44
2718|12
2719|46
2720|36
2721|2
2722|37
2723|28
2724|45
2725|21
2726|15
2727|22
2728|21
2729|2
2730|39
2731|6
2732|19
2733|0
2734|38
2735|34
2736|10
2737|39
2738|32
2739|33
2740|27
2741|2
2742|18
2743|11
2744|3
2745|36
2746|27
2747|0
2748|45
2749|34
2750|29
2751|43
2752|24
2753|45
2754|46
2755|44
2756|28
2757|5
2758|23
2759|33
2760|0
2761|15
2762|14
2763|12
2764|2
2765|36
2766|22
2767|9
2768|9
2769|22
2770|28
2771|47
2772|43
2773|38
2774|36
2775|21
2776|26
2777|28
2778|29
2779|25
2780|49
2781|44
2782|39
2783|42
2784|22
2785|42
2786|11
2787|1
2788|39
2789|19
2790|43
2791|44
2792|29
2793|23
2794|2
2795|18
2796|7
2797|38
2798|21
2799|27
2800|35
2801|31
2802|30
2803|19
2804|38
2805|2
2806|33
2807|7
2808|19
2809|14
2810|49
2811|6
2812|1
2813|11
2814|41
2815|15
2816|48
2817|44
2818|44
2819|38
2820|28
2821|29
2822|15
2823|43
2824|41
2825|13
2826|11
2827|19
2828|42
2829|41
2830|37
2831|10
2832|35
2833|30
2834|34
2835|40
2836|9
2837|28
2838|1
2839|25
2840|19
2841|38
2842|7
2843|29
2844|10
2845|49
2846|45
2847|37
2848|15
2849|17
2850|23
2851|43
2852|2
2853|11
2854|48
2855|46
2856|30
2857|20
2858|32
2859|36
2860|25
2861|13
2862|9
2863|39
2864|16
2865|5
2866|0
2867|7
2868|28
2869|4
2870|26
2871|35
2872|48
2873|41
2874|27
2875|3
2876|1
2877|46
2878|46
2879|20
2880|20
2881|13
2882|20
2883|9
2884|0
2885|9
2886|43
2887|30
2888|10
2889|22
2890|26
2891|3
2892|4
2893|17
2894|22
2895|18
2896|47
2897|42
2898|42
2899|48
2900|2
2901|37
2902|17
2903|48
2904|29
2905|29
2906|44
2907|26
2908|36
2909|12
2910|13
2911|41
2912|21
2913|35
2914|39
2915|49
2916|22
2917|11
2918|13
2919|3
2920|32
2921|21
2922|21
2923|22
2924|9
2925|44
2926|29
2927|1
2928|1
2929|20
2930|4
2931|20
2932|48
2933|40
2934|34
2935|44
2936|36
2937|44
2938|8
2939|23
2940|45
2941|9
2942|7
2943|33
2944|10
2945|33
2946|11
2947|14
2948|31
2949|4
2950|19
2951|5
2952|32
2953|5
2954|33
2955|41
2956|39
2957|10
2958|43
2959|40
2960|15
2961|21
2962|48
2963|10
2964|10
2965|20
2966|38
2967|11
2968|9
2969|34
2970|18
2971|1
2972|2
2973|43
2974|42
2975|40
2976|0
2977|41
2978|41
2979|1
2980|7
2981|44
2982|20
2983|28
2984|22
2985|30
2986|48
2987|33
2988|5
2989|21
2990|41
2991|49
2992|37
2993|37
2994|11
2995|43
2996|30
2997|33
2998|5
2999|21
3000|27
