0|39
1|4
2|0
3|8
4|14
5|8
6|2
7|34
8|4
9|11
10|35
11|23
12|4
13|30
14|5
15|14
16|1
17|30
18|7
19|49
20|11
21|9
22|17
23|28
24|13
25|49
26|24
27|33
28|32
29|29
30|28
31|47
32|32
33|28
34|6
35|10
36|3
37|3
38|45
39|46
40|2
41|25
42|26
43|10
44|18
45|27
46|25
47|18
48|4
49|5
50|2
51|7
52|23
53|10
54|40
55|7
56|19
57|34
58|6
59|32
60|44
61|2
62|10
63|40
64|38
65|0
66|44
67|48
68|33
69|29
70|18
71|23
72|40
73|45
74|40
75|3
76|26
77|19
78|3
79|27
80|29
81|1
82|46
83|20
84|7
85|45
86|30
87|8
88|22
89|40
90|40
91|40
92|25
93|18
94|22
95|9
96|46
97|15
98|20
99|19
100|26
101|46
102|0
103|19
104|34
105|40
106|24
107|28
108|36
109|3
110|6
111|26
112|27
113|12
114|29
115|25
116|15
117|0
118|47
119|5
120|25
121|5
122|34
123|41
124|15
125|34
126|3
127|8
128|34
129|2
130|40
131|3
132|43
133|13
134|49
135|47
136|33
137|37
138|30
139|4
140|10
141|16
142|38
143|19
144|33
145|33
146|15
147|48
148|2
149|30
150|47
151|35
152|49
153|45
154|44
155|31
156|18
157|32
158|45
159|26
160|19
161|27
162|4
163|40
164|44
165|4
166|13
167|33
168|17
169|14
170|6
171|34
172|42
173|28
174|16
175|11
176|12
177|38
178|27
179|8
180|47
181|19
182|36
183|33
184|38
185|35
186|32
187|20
188|47
189|42
190|25
191|17
192|8
193|16
194|22
195|29
196|16
197|20
198|33
199|26
200|44
201|14
202|25
203|48
204|13
205|26
206|27
207|45
208|20
209|26
210|26
211|40
212|6
213|27
214|0
215|15
216|37
217|0
218|12
219|33
220|22
221|27
222|5
223|13
224|38
225|44
226|31
227|30
228|33
229|23
230|11
231|25
232|3
233|23
234|18
235|46
236|38
237|21
238|7
239|35
240|11
241|17
242|42
243|7
244|43
245|48
246|26
247|28
248|21
249|43
250|49
251|33
252|37
253|9
254|39
255|19
256|45
257|40
258|31
259|34
260|7
261|29
262|4
263|20
264|49
265|10
266|49
267|5
268|38
269|23
270|17
271|42
272|19
273|42
274|38
275|18
276|4
277|45
278|20
279|25
280|14
281|31
282|27
283|10
284|11
285|49
286|15
287|44
288|11
289|34
290|48
291|44
292|19
293|42
294|33
295|6
296|15
297|5
298|45
299|31
300|37
301|25
302|23
303|8
304|13
305|32
306|30
307|38
308|1
309|0
310|33
311|28
312|29
313|16
314|40
315|40
316|46
317|39
318|45
319|17
320|6
321|8
322|46
323|14
324|31
325|20
326|26
327|8
328|40
329|33
330|6
331|48
332|1
333|49
334|29
335|29
336|5
337|26
338|41
339|16
340|29
341|40
342|48
343|11
344|7
345|26
346|6
347|27
348|0
349|24
350|38
351|40
352|25
353|13
354|7
355|20
356|45
357|25
358|26
359|22
360|36
361|7
362|40
363|31
364|20
365|21
366|13
367|14
368|3
369|2
370|17
371|33
372|40
373|25
374|36
375|21
376|41
377|38
378|19
379|22
380|41
381|0
382|20
383|23
384|28
385|34
386|0
387|10
388|21
389|3
390|22
391|16
392|2
393|28
394|10
395|41
396|29
397|35
398|31
399|24
400|34
401|30
402|7
403|40
404|4
405|22
406|14
407|13
408|35
409|2
410|15
411|36
412|26
413|49
414|48
415|49
416|37
417|10
418|31
419|1
420|9
421|0
422|13
423|15
424|3
425|15
426|6
427|48
428|16
429|11
430|2
431|15
432|21
433|21
434|22
435|3
436|26
437|23
438|12
439|27
440|47
441|13
442|15
443|17
444|16
445|25
446|7
447|35
448|33
449|1
450|22
451|18
452|34
453|10
454|28
455|30
456|29
457|15
458|3
459|42
460|23
461|39
462|18
463|18
464|46
465|20
466|22
467|35
468|44
469|23
470|11
471|36
472|29
473|45
474|7
475|26
476|48
477|8
478|8
479|16
480|41
481|32
482|33
483|1
484|47
485|5
486|28
487|13
488|17
489|3
490|10
491|49
492|37
493|5
494|38
495|38
496|0
497|4
498|43
499|9
500|49
501|22
502|32
503|21
504|44
505|11
506|35
507|29
508|20
509|36
510|16
511|18
512|48
513|20
514|44
515|24
516|25
517|49
518|44
519|36
520|19
521|26
522|22
523|38
524|20
525|31
526|13
527|13
528|14
529|36
530|30
531|26
532|17
533|40
534|32
535|36
536|20
537|47
538|28
539|32
540|11
541|3
542|39
543|23
544|36
545|10
546|47
547|39
548|42
549|1
550|6
551|16
552|10
553|19
554|38
555|18
556|28
557|19
558|32
559|18
560|3
561|10
562|5
563|19
564|24
565|21
566|22
567|33
568|1
569|16
570|1
571|38
572|8
573|13
574|40
575|4
576|32
577|32
578|47
579|49
580|38
581|31
582|25
583|24
584|21
585|19
586|26
587|33
588|25
589|15
590|8
591|17
592|26
593|46
594|42
595|47
596|23
597|30
598|41
599|31
600|22
601|36
602|24
603|49
604|3
605|22
606|42
607|3
608|31
609|41
610|20
611|43
612|45
613|48
614|34
615|1
616|34
617|9
618|31
619|43
620|32
621|43
622|33
623|8
624|31
625|13
626|21
627|37
628|45
629|45
630|29
631|5
632|32
633|49
634|38
635|30
636|22
637|45
638|37
639|49
640|27
641|23
642|14
643|45
644|42
645|40
646|3
647|39
648|11
649|47
650|21
651|13
652|11
653|41
654|12
655|19
656|21
657|4
658|40
659|14
660|33
661|7
662|37
663|7
664|44
665|24
666|15
667|27
668|9
669|3
670|32
671|47
672|25
673|5
674|28
675|8
676|42
677|0
678|27
679|40
680|2
681|36
682|18
683|38
684|10
685|17
686|40
687|46
688|32
689|48
690|13
691|23
692|16
693|0
694|10
695|14
696|34
697|38
698|35
699|38
700|26
701|36
702|23
703|9
704|10
705|22
706|43
707|16
708|10
709|38
710|44
711|13
712|11
713|30
714|14
715|8
716|20
717|34
718|43
719|1
720|33
721|25
722|22
723|38
724|45
725|33
726|18
727|3
728|7
729|18
730|39
731|8
732|44
733|43
734|31
735|30
736|43
737|35
738|41
739|25
740|18
741|35
742|7
743|31
744|2
745|22
746|30
747|15
748|39
749|22
750|4
751|35
752|35
753|6
754|2
755|34
756|17
757|18
758|23
759|4
760|34
761|23
762|13
763|44
764|32
765|12
766|18
767|20
768|18
769|49
770|17
771|0
772|30
773|12
774|6
775|0
776|29
777|18
778|20
779|27
780|30
781|0
782|17
783|35
784|48
785|6
786|29
787|7
788|40
789|41
790|8
791|39
792|29
793|39
794|44
795|38
796|18
797|10
798|42
799|12
800|41
801|6
802|5
803|49
804|36
805|43
806|37
807|44
808|22
809|1
810|3
811|19
812|49
813|23
814|21
815|39
816|45
817|6
818|3
819|41
820|12
821|34
822|37
823|29
824|7
825|44
826|1
827|44
828|30
829|9
830|16
831|5
832|25
833|0
834|8
835|7
836|45
837|2
838|13
839|21
840|19
841|30
842|30
843|38
844|40
845|25
846|12
847|29
848|37
849|42
850|19
851|31
852|16
853|33
854|43
855|31
856|5
857|13
858|4
859|47
860|8
861|42
862|48
863|37
864|10
865|36
866|38
867|16
868|29
869|33
870|38
871|21
872|17
873|24
874|10
875|26
876|45
877|43
878|43
879|41
880|43
881|18
882|38
883|45
884|2
885|42
886|7
887|15
888|42
889|25
890|39
891|25
892|2
893|19
894|23
895|14
896|40
897|4
898|8
899|26
900|0
901|20
902|48
903|28
904|36
905|34
906|6
907|7
908|18
909|46
910|27
911|43
912|33
913|13
914|6
915|2
916|23
917|39
918|23
919|0
920|26
921|15
922|45
923|19
924|43
925|42
926|27
927|43
928|17
929|44
930|39
931|48
932|11
933|23
934|46
935|43
936|26
937|45
938|12
939|14
940|30
941|36
942|8
943|7
944|2
945|1
946|8
947|33
948|1
949|18
950|48
951|32
952|36
953|31
954|24
955|7
956|37
957|31
958|28
959|23
960|15
961|39
962|15
963|37
964|6
965|6
966|39
967|29
968|24
969|26
970|7
971|18
972|4
973|45
974|25
975|16
976|31
977|28
978|22
979|14
980|18
981|43
982|33
983|41
984|46
985|30
986|30
987|45
988|48
989|34
990|18
991|2
992|28
993|29
994|6
995|19
996|33
997|48
998|3
999|17
1000|15
1001|0
1002|45
1003|25
1004|44
1005|25
1006|29
1007|29
1008|18
1009|14
1010|25
1011|15
1012|13
1013|37
1014|43
1015|21
1016|39
1017|34
1018|35
1019|46
1020|1
1021|11
1022|28
1023|45
1024|14
1025|17
1026|36
1027|48
1028|15
1029|28
1030|34
1031|24
1032|45
1033|24
1034|28
1035|1
1036|20
1037|26
1038|17
1039|44
1040|0
1041|31
1042|29
1043|42
1044|24
1045|15
1046|15
1047|30
1048|4
1049|24
1050|11
1051|34
1052|9
1053|42
1054|10
1055|2
1056|24
1057|48
1058|23
1059|3
1060|30
1061|14
1062|45
1063|7
1064|11
1065|17
1066|42
1067|16
1068|8
1069|6
1070|44
1071|1
1072|48
1073|22
1074|23
1075|44
1076|27
1077|23
1078|44
1079|44
1080|19
1081|44
1082|10
1083|46
1084|37
1085|23
1086|29
1087|42
1088|41
1089|21
1090|2
1091|28
1092|48
1093|3
1094|18
1095|3
1096|38
1097|26
1098|42
1099|43
1100|14
1101|37
1102|28
1103|42
1104|4
1105|27
1106|2
1107|41
1108|14
1109|8
1110|11
1111|10
1112|24
1113|37
1114|39
1115|35
1116|37
1117|26
1118|36
1119|2
1120|48
1121|26
1122|45
1123|9
1124|36
1125|29
1126|49
1127|6
1128|21
1129|22
1130|16
1131|43
1132|47
1133|8
1134|22
1135|47
1136|25
1137|28
1138|2
1139|36
1140|29
1141|48
1142|42
1143|47
1144|33
1145|0
1146|44
1147|41
1148|14
1149|34
1150|36
1151|32
1152|42
1153|19
1154|40
1155|23
1156|2
1157|25
1158|49
1159|5
1160|39
1161|30
1162|6
1163|12
1164|7
1165|38
1166|9
1167|0
1168|40
1169|14
1170|15
1171|48
1172|45
1173|14
1174|8
1175|14
1176|22
1177|20
1178|39
1179|14
1180|15
1181|23
1182|41
1183|5
1184|45
1185|13
1186|23
1187|49
1188|26
1189|39
1190|22
1191|37
1192|46
1193|16
1194|44
1195|44
1196|5
1197|23
1198|0
1199|20
1200|9
1201|13
1202|12
1203|22
1204|29
1205|44
1206|2
1207|19
1208|19
1209|18
1210|42
1211|36
1212|46
1213|0
1214|32
1215|1
1216|7
1217|23
1218|19
1219|5
1220|12
1221|16
1222|15
1223|0
1224|48
1225|19
1226|42
1227|12
1228|31
1229|28
1230|30
1231|11
1232|31
1233|30
1234|2
1235|11
1236|15
1237|43
1238|11
1239|38
1240|20
1241|47
1242|3
1243|8
1244|29
1245|21
1246|42
1247|26
1248|44
1249|6
1250|2
1251|15
1252|45
1253|26
1254|4
1255|42
1256|28
1257|19
1258|19
1259|36
1260|41
1261|49
1262|12
1263|48
1264|27
1265|31
1266|39
1267|32
1268|23
1269|41
1270|14
1271|34
1272|41
1273|18
1274|41
1275|49
1276|16
1277|47
1278|46
1279|7
1280|40
1281|23
1282|44
1283|24
1284|13
1285|21
1286|32
1287|13
1288|23
1289|48
1290|11
1291|32
1292|14
1293|45
1294|1
1295|14
1296|47
1297|9
1298|22
1299|9
1300|17
1301|0
1302|19
1303|32
1304|24
1305|48
1306|30
1307|33
1308|43
1309|18
1310|27
1311|43
1312|10
1313|39
1314|29
1315|3
1316|24
1317|21
1318|36
1319|23
1320|16
1321|15
1322|24
1323|31
1324|21
1325|30
1326|47
1327|25
1328|14
1329|40
1330|45
1331|26
1332|11
1333|2
1334|43
1335|44
1336|3
1337|42
1338|34
1339|44
1340|19
1341|49
1342|8
1343|9
1344|47
1345|35
1346|25
1347|32
1348|43
1349|36
1350|30
1351|32
1352|40
1353|2
1354|20
1355|14
1356|7
1357|25
1358|15
1359|30
1360|7
1361|1
1362|35
1363|12
1364|30
1365|41
1366|11
1367|2
1368|27
1369|32
1370|47
1371|0
1372|14
1373|21
1374|42
1375|39
1376|11
1377|31
1378|21
1379|23
1380|36
1381|28
1382|45
1383|45
1384|21
1385|13
1386|1
1387|11
1388|41
1389|32
1390|4
1391|14
1392|9
1393|9
1394|40
1395|2
1396|46
1397|21
1398|6
1399|39
1400|21
1401|5
1402|25
1403|44
1404|15
1405|18
1406|29
1407|37
1408|23
1409|49
1410|2
1411|42
1412|25
1413|39
1414|38
1415|20
1416|44
1417|27
1418|23
1419|36
1420|28
1421|19
1422|24
1423|41
1424|43
1425|13
1426|3
1427|22
1428|45
1429|22
1430|49
1431|28
1432|9
1433|41
1434|30
1435|1
1436|22
1437|31
1438|0
1439|32
1440|37
1441|48
1442|48
1443|48
1444|39
1445|19
1446|30
1447|8
1448|40
1449|33
1450|48
1451|14
1452|45
1453|14
1454|22
1455|15
1456|35
1457|26
1458|43
1459|4
1460|2
1461|48
1462|4
1463|17
1464|14
1465|41
1466|19
1467|29
1468|49
1469|5
1470|0
1471|13
1472|16
1473|0
1474|32
1475|48
1476|42
1477|28
1478|24
1479|34
1480|43
1481|48
1482|43
1483|6
1484|19
1485|25
1486|17
1487|5
1488|23
1489|47
1490|30
1491|10
1492|27
1493|29
1494|44
1495|35
1496|4
1497|9
1498|40
1499|17
1500|29
