0|30
1|16
2|14
3|40
4|6
5|19
6|5
7|33
8|45
9|33
10|44
11|14
12|41
13|38
14|22
15|27
16|0
17|40
18|33
19|24
20|18
21|9
22|3
23|6
24|26
25|39
26|11
27|41
28|19
29|38
30|40
31|5
32|49
33|34
34|45
35|13
36|24
37|48
38|12
39|12
40|20
41|5
42|1
43|36
44|32
45|28
46|18
47|41
48|17
49|18
50|17
51|25
52|14
53|30
54|41
55|31
56|47
57|10
58|45
59|7
60|34
61|10
62|21
63|38
64|13
65|27
66|6
67|27
68|16
69|1
70|6
71|21
72|0
73|10
74|11
75|25
76|14
77|37
78|31
79|16
80|41
81|48
82|14
83|35
84|7
85|10
86|11
87|49
88|6
89|33
90|29
91|8
92|37
93|36
94|12
95|28
96|30
97|49
98|21
99|2
100|23
101|45
102|0
103|3
104|47
105|31
106|6
107|25
108|22
109|33
110|30
111|29
112|36
113|9
114|3
115|24
116|25
117|17
118|14
119|40
120|47
121|30
122|21
123|24
124|7
125|6
126|15
127|20
128|0
129|10
130|25
131|41
132|18
133|29
134|41
135|19
136|1
137|10
138|21
139|18
140|12
141|30
142|36
143|26
144|28
145|30
146|37
147|23
148|15
149|38
150|7
151|35
152|39
153|14
154|40
155|47
156|39
157|32
158|43
159|36
160|1
161|46
162|24
163|3
164|12
165|47
166|39
167|13
168|23
169|21
170|44
171|38
172|1
173|39
174|19
175|27
176|25
177|47
178|39
179|42
180|2
181|4
182|41
183|3
184|34
185|10
186|6
187|25
188|32
189|33
190|31
191|3
192|25
193|32
194|37
195|10
196|7
197|29
198|17
199|37
200|20
201|42
202|11
203|45
204|42
205|26
206|48
207|25
208|47
209|16
210|26
211|9
212|30
213|19
214|23
215|43
216|21
217|32
218|45
219|40
220|21
221|6
222|19
223|41
224|24
225|13
226|46
227|39
228|40
229|18
230|31
231|28
232|46
233|44
234|27
235|13
236|48
237|44
238|42
239|23
240|14
241|16
242|27
243|10
244|22
245|33
246|3
247|22
248|19
249|44
250|30
251|34
252|44
253|37
254|44
255|41
256|35
257|21
258|45
259|15
260|12
261|23
262|40
263|36
264|0
265|46
266|22
267|24
268|14
269|28
270|25
271|6
272|7
273|6
274|35
275|15
276|25
277|9
278|43
279|45
280|40
281|2
282|17
283|41
284|32
285|29
286|38
287|47
288|42
289|25
290|3
291|6
292|7
293|25
294|35
295|10
296|27
297|20
298|40
299|6
300|37
301|6
302|15
303|49
304|38
305|4
306|7
307|42
308|40
309|31
310|30
311|21
312|8
313|1
314|37
315|49
316|6
317|3
318|38
319|32
320|1
321|11
322|12
323|38
324|28
325|48
326|33
327|44
328|1
329|26
330|22
331|7
332|38
333|23
334|29
335|3
336|27
337|42
338|1
339|9
340|14
341|30
342|1
343|25
344|10
345|28
346|16
347|21
348|41
349|7
350|23
351|26
352|42
353|41
354|0
355|29
356|37
357|34
358|35
359|23
360|23
361|42
362|46
363|43
364|23
365|37
366|25
367|31
368|5
369|21
370|7
371|34
372|36
373|33
374|7
375|46
376|10
377|11
378|18
379|45
380|22
381|3
382|48
383|40
384|7
385|4
386|47
387|5
388|8
389|24
390|23
391|17
392|21
393|27
394|40
395|43
396|7
397|26
398|9
399|27
400|25
401|17
402|45
403|9
404|35
405|26
406|12
407|41
408|38
409|8
410|8
411|2
412|37
413|40
414|37
415|46
416|3
417|30
418|45
419|5
420|28
421|12
422|43
423|43
424|24
425|28
426|42
427|5
428|11
429|12
430|21
431|5
432|25
433|16
434|1
435|32
436|33
437|2
438|15
439|7
440|44
441|20
442|27
443|12
444|3
445|1
446|3
447|39
448|40
449|8
450|19
451|26
452|20
453|47
454|36
455|26
456|15
457|9
458|25
459|12
460|33
461|49
462|35
463|0
464|28
465|9
466|47
467|9
468|3
469|17
470|7
471|18
472|24
473|29
474|10
475|30
476|25
477|30
478|21
479|24
480|34
481|10
482|42
483|2
484|20
485|46
486|19
487|13
488|25
489|38
490|12
491|7
492|6
493|33
494|5
495|36
496|40
497|16
498|45
499|9
500|26
501|38
502|8
503|49
504|12
505|5
506|46
507|40
508|0
509|32
510|7
511|18
512|49
513|20
514|12
515|46
516|0
517|23
518|47
519|43
520|44
521|44
522|40
523|16
524|44
525|17
526|11
527|33
528|4
529|21
530|16
531|4
532|11
533|32
534|29
535|36
536|4
537|46
538|42
539|39
540|43
541|7
542|24
543|34
544|3
545|31
546|27
547|22
548|12
549|17
550|23
551|23
552|33
553|34
554|41
555|0
556|10
557|10
558|45
559|10
560|42
561|30
562|8
563|49
564|11
565|17
566|31
567|26
568|35
569|44
570|25
571|28
572|6
573|22
574|33
575|41
576|7
577|28
578|11
579|11
580|3
581|40
582|7
583|6
584|8
585|12
586|7
587|36
588|48
589|11
590|21
591|15
592|33
593|43
594|1
595|45
596|0
597|43
598|41
599|39
600|35
601|11
602|43
603|35
604|38
605|28
606|26
607|32
608|35
609|1
610|40
611|19
612|42
613|39
614|8
615|35
616|7
617|30
618|46
619|40
620|2
621|2
622|47
623|39
624|30
625|6
626|16
627|4
628|43
629|33
630|25
631|48
632|2
633|11
634|20
635|40
636|10
637|49
638|42
639|37
640|1
641|34
642|37
643|5
644|15
645|35
646|23
647|21
648|34
649|32
650|21
651|6
652|1
653|9
654|35
655|29
656|13
657|16
658|29
659|37
660|37
661|18
662|6
663|14
664|5
665|21
666|41
667|45
668|5
669|14
670|32
671|38
672|35
673|42
674|40
675|41
676|42
677|22
678|32
679|48
680|1
681|31
682|23
683|4
684|5
685|25
686|31
687|18
688|36
689|11
690|26
691|5
692|43
693|8
694|17
695|16
696|32
697|22
698|4
699|46
700|16
701|39
702|2
703|30
704|19
705|19
706|7
707|39
708|43
709|28
710|7
711|17
712|31
713|22
714|17
715|36
716|0
717|6
718|16
719|17
720|12
721|13
722|44
723|20
724|20
725|30
726|16
727|17
728|42
729|21
730|48
731|29
732|46
733|26
734|37
735|35
736|2
737|34
738|41
739|23
740|47
741|28
742|43
743|0
744|18
745|45
746|40
747|36
748|43
749|19
750|39
751|7
752|23
753|11
754|47
755|39
756|28
757|49
758|49
759|16
760|47
761|11
762|41
763|46
764|34
765|44
766|32
767|3
768|4
769|49
770|44
771|1
772|43
773|21
774|18
775|6
776|42
777|14
778|19
779|8
780|33
781|31
782|8
783|11
784|46
785|35
786|13
787|41
788|24
789|39
790|41
791|18
792|6
793|23
794|11
795|49
796|24
797|40
798|32
799|29
800|23
801|14
802|9
803|49
804|15
805|11
806|4
807|43
808|41
809|8
810|25
811|39
812|24
813|30
814|34
815|10
816|33
817|29
818|27
819|43
820|3
821|46
822|0
823|12
824|0
825|33
826|17
827|48
828|15
829|24
830|41
831|5
832|37
833|14
834|10
835|31
836|33
837|13
838|5
839|30
840|41
841|32
842|19
843|40
844|36
845|41
846|15
847|29
848|10
849|13
850|1
851|8
852|26
853|21
854|38
855|21
856|11
857|49
858|25
859|0
860|46
861|33
862|38
863|24
864|20
865|20
866|17
867|31
868|14
869|41
870|7
871|31
872|1
873|20
874|20
875|43
876|44
877|42
878|26
879|35
880|47
881|47
882|3
883|44
884|4
885|7
886|29
887|18
888|38
889|28
890|27
891|0
892|19
893|36
894|2
895|39
896|48
897|0
898|41
899|41
900|2
901|2
902|18
903|31
904|47
905|34
906|14
907|47
908|12
909|10
910|10
911|37
912|27
913|31
914|48
915|41
916|36
917|26
918|33
919|18
920|10
921|13
922|7
923|14
924|5
925|39
926|7
927|5
928|11
929|30
930|31
931|39
932|16
933|29
934|34
935|22
936|35
937|40
938|1
939|29
940|20
941|1
942|4
943|6
944|31
945|45
946|14
947|39
948|8
949|15
950|32
951|24
952|1
953|4
954|1
955|5
956|34
957|5
958|18
959|43
960|22
961|17
962|4
963|21
964|1
965|4
966|17
967|33
968|1
969|23
970|4
971|19
972|35
973|48
974|47
975|5
976|3
977|3
978|9
979|1
980|37
981|40
982|48
983|41
984|27
985|37
986|48
987|15
988|26
989|10
990|14
991|34
992|39
993|33
994|31
995|49
996|13
997|22
998|19
999|35
1000|35
1001|46
1002|3
1003|14
1004|35
1005|14
1006|37
1007|32
1008|3
1009|23
1010|23
1011|6
1012|24
1013|46
1014|1
1015|31
1016|49
1017|9
1018|5
1019|28
1020|2
1021|30
1022|11
1023|9
1024|8
1025|40
1026|17
1027|32
1028|13
1029|15
1030|24
1031|35
1032|5
1033|1
1034|1
1035|24
1036|31
1037|21
1038|46
1039|8
1040|3
1041|17
1042|23
1043|10
1044|5
1045|6
1046|44
1047|45
1048|13
1049|14
1050|44
1051|42
1052|35
1053|47
1054|44
1055|11
1056|4
1057|35
1058|11
1059|12
1060|32
1061|45
1062|10
1063|28
1064|26
1065|20
1066|18
1067|5
1068|41
1069|40
1070|25
1071|4
1072|7
1073|9
1074|19
1075|6
1076|18
1077|10
1078|15
1079|11
1080|48
1081|10
1082|41
1083|28
1084|29
1085|33
1086|22
1087|31
1088|25
1089|1
1090|21
1091|22
1092|35
1093|49
1094|40
1095|7
1096|20
1097|12
1098|48
1099|13
1100|0
1101|41
1102|21
1103|3
1104|32
1105|46
1106|15
1107|12
1108|10
1109|15
1110|46
1111|19
1112|26
1113|2
1114|30
1115|34
1116|39
1117|32
1118|49
1119|4
1120|21
1121|8
1122|41
1123|17
1124|27
1125|42
1126|0
1127|29
1128|39
1129|11
1130|0
1131|10
1132|27
1133|28
1134|27
1135|39
1136|12
1137|20
1138|44
1139|21
1140|13
1141|31
1142|22
1143|20
1144|17
1145|19
1146|31
1147|45
1148|28
1149|39
1150|26
1151|3
1152|4
1153|24
1154|22
1155|21
1156|15
1157|37
1158|32
1159|30
1160|37
1161|25
1162|23
1163|32
1164|34
1165|14
1166|42
1167|43
1168|37
1169|9
1170|44
1171|15
1172|10
1173|6
1174|4
1175|10
1176|39
1177|1
1178|43
1179|25
1180|7
1181|41
1182|12
1183|25
1184|22
1185|26
1186|43
1187|31
1188|25
1189|18
1190|3
1191|49
1192|14
1193|6
1194|26
1195|9
1196|0
1197|28
1198|40
1199|49
1200|1
1201|36
1202|28
1203|35
1204|16
1205|15
1206|46
1207|17
1208|43
1209|12
1210|26
1211|12
1212|3
1213|47
1214|1
1215|41
1216|27
1217|34
1218|44
1219|14
1220|6
1221|31
1222|26
1223|0
1224|47
1225|38
1226|16
1227|7
1228|10
1229|43
1230|0
1231|4
1232|10
1233|6
1234|36
1235|27
1236|45
1237|33
1238|31
1239|6
1240|5
1241|31
1242|22
1243|6
1244|29
1245|49
1246|42
1247|27
1248|43
1249|32
1250|10
1251|4
1252|34
1253|21
1254|21
1255|22
1256|4
1257|27
1258|34
1259|0
1260|27
1261|1
1262|48
1263|13
1264|5
1265|39
1266|48
1267|45
1268|22
1269|16
1270|4
1271|14
1272|0
1273|28
1274|38
1275|9
1276|21
1277|45
1278|14
1279|4
1280|35
1281|9
1282|0
1283|11
1284|39
1285|39
1286|15
1287|45
1288|33
1289|5
1290|7
1291|40
1292|34
1293|18
1294|27
1295|7
1296|10
1297|9
1298|46
1299|25
1300|41
1301|31
1302|6
1303|34
1304|39
1305|38
1306|2
1307|46
1308|28
1309|10
1310|46
1311|22
1312|45
1313|48
1314|29
1315|19
1316|9
1317|8
1318|41
1319|0
1320|48
1321|8
1322|7
1323|41
1324|46
1325|3
1326|34
1327|15
1328|13
1329|7
1330|24
1331|9
1332|26
1333|15
1334|34
1335|29
1336|33
1337|49
1338|5
1339|1
1340|19
1341|38
1342|28
1343|0
1344|47
1345|27
1346|15
1347|4
1348|35
1349|44
1350|24
1351|5
1352|23
1353|0
1354|24
1355|13
1356|4
1357|37
1358|43
1359|10
1360|4
1361|21
1362|23
1363|7
1364|24
1365|10
1366|28
1367|12
1368|8
1369|27
1370|33
1371|25
1372|41
1373|1
1374|8
1375|2
1376|33
1377|28
1378|14
1379|24
1380|4
1381|41
1382|25
1383|29
1384|49
1385|29
1386|37
1387|16
1388|20
1389|27
1390|42
1391|47
1392|31
1393|35
1394|19
1395|47
1396|6
1397|17
1398|42
1399|40
1400|13
1401|45
1402|2
1403|18
1404|3
1405|9
1406|12
1407|21
1408|33
1409|36
1410|16
1411|1
1412|25
1413|12
1414|2
1415|34
1416|46
1417|23
1418|49
1419|9
1420|33
1421|15
1422|7
1423|30
1424|5
1425|46
1426|45
1427|5
1428|16
1429|10
1430|45
1431|27
1432|38
1433|14
1434|48
1435|30
1436|4
1437|21
1438|31
1439|16
1440|0
1441|27
1442|42
1443|13
1444|5
1445|43
1446|39
1447|1
1448|24
1449|19
1450|34
1451|14
1452|38
1453|9
1454|24
1455|24
1456|8
1457|1
1458|1
1459|0
1460|42
1461|5
1462|48
1463|26
1464|43
1465|16
1466|41
1467|24
1468|26
1469|11
1470|7
1471|30
1472|22
1473|26
1474|40
1475|20
1476|17
1477|49
1478|7
1479|41
1480|19
1481|45
1482|45
1483|36
1484|38
1485|36
1486|28
1487|47
1488|42
1489|10
1490|11
1491|44
1492|16
1493|6
1494|28
1495|17
1496|24
1497|31
1498|20
1499|22
1500|2
