0|15
1|41
2|4
3|27
4|21
5|15
6|4
7|40
8|47
9|31
10|20
11|6
12|8
13|16
14|32
15|7
16|21
17|8
18|46
19|25
20|17
21|17
22|34
23|30
24|22
25|15
26|45
27|2
28|26
29|3
30|3
31|48
32|17
33|38
34|45
35|16
36|28
37|13
38|17
39|47
40|14
41|2
42|45
43|17
44|36
45|8
46|24
47|18
48|6
49|13
50|28
51|42
52|46
53|5
54|42
55|17
56|5
57|4
58|49
59|18
60|47
61|26
62|48
63|16
64|49
65|22
66|25
67|37
68|4
69|38
70|42
71|12
72|6
73|20
74|6
75|27
76|30
77|23
78|16
79|18
80|40
81|28
82|43
83|30
84|47
85|21
86|20
87|1
88|0
89|10
90|24
91|29
92|49
93|44
94|28
95|3
96|40
97|25
98|46
99|49
100|11
101|17
102|25
103|31
104|42
105|39
106|34
107|10
108|20
109|41
110|26
111|40
112|26
113|3
114|2
115|46
116|5
117|19
118|48
119|25
120|40
121|11
122|39
123|4
124|26
125|25
126|17
127|22
128|3
129|43
130|13
131|47
132|9
133|0
134|1
135|42
136|21
137|42
138|3
139|15
140|8
141|27
142|26
143|2
144|39
145|38
146|21
147|25
148|47
149|49
150|6
151|0
152|45
153|0
154|43
155|38
156|5
157|32
158|8
159|25
160|46
161|11
162|33
163|33
164|36
165|31
166|24
167|18
168|48
169|0
170|2
171|40
172|4
173|13
174|6
175|47
176|18
177|8
178|13
179|8
180|27
181|26
182|25
183|24
184|26
185|44
186|41
187|40
188|12
189|8
190|29
191|17
192|46
193|4
194|26
195|28
196|0
197|42
198|10
199|11
200|4
201|27
202|48
203|2
204|17
205|37
206|47
207|2
208|42
209|46
210|27
211|18
212|14
213|15
214|16
215|22
216|2
217|29
218|1
219|17
220|13
221|16
222|24
223|5
224|6
225|6
226|31
227|18
228|20
229|29
230|43
231|32
232|3
233|30
234|30
235|45
236|29
237|32
238|30
239|3
240|8
241|47
242|21
243|47
244|19
245|14
246|15
247|6
248|8
249|38
250|26
251|38
252|8
253|41
254|7
255|27
256|27
257|41
258|9
259|31
260|18
261|12
262|0
263|31
264|12
265|11
266|28
267|40
268|24
269|11
270|2
271|0
272|16
273|37
274|8
275|25
276|14
277|7
278|37
279|22
280|35
281|16
282|49
283|22
284|27
285|11
286|26
287|13
288|48
289|15
290|4
291|6
292|16
293|8
294|25
295|41
296|8
297|8
298|11
299|42
300|49
301|14
302|35
303|17
304|19
305|0
306|21
307|49
308|33
309|1
310|11
311|26
312|21
313|13
314|34
315|49
316|36
317|10
318|42
319|33
320|25
321|38
322|39
323|41
324|12
325|35
326|6
327|34
328|22
329|43
330|28
331|16
332|41
333|27
334|21
335|8
336|38
337|44
338|23
339|10
340|48
341|8
342|38
343|13
344|27
345|17
346|9
347|28
348|8
349|39
350|36
351|23
352|23
353|42
354|25
355|48
356|16
357|11
358|12
359|12
360|35
361|8
362|17
363|26
364|22
365|39
366|26
367|3
368|21
369|27
370|0
371|11
372|35
373|27
374|44
375|11
376|0
377|29
378|49
379|9
380|35
381|10
382|28
383|1
384|25
385|40
386|11
387|10
388|33
389|3
390|1
391|25
392|45
393|7
394|3
395|2
396|7
397|24
398|43
399|0
400|35
401|3
402|40
403|46
404|39
405|0
406|27
407|11
408|3
409|48
410|4
411|3
412|19
413|7
414|42
415|7
416|26
417|21
418|45
419|0
420|35
421|19
422|1
423|1
424|25
425|31
426|16
427|9
428|6
429|24
430|23
431|10
432|43
433|37
434|2
435|12
436|48
437|49
438|29
439|11
440|45
441|20
442|26
443|22
444|44
445|30
446|46
447|40
448|39
449|36
450|11
451|33
452|24
453|29
454|28
455|38
456|30
457|46
458|3
459|6
460|12
461|47
462|23
463|28
464|22
465|7
466|22
467|31
468|10
469|1
470|33
471|9
472|49
473|12
474|9
475|39
476|28
477|20
478|36
479|1
480|38
481|41
482|43
483|48
484|30
485|8
486|17
487|6
488|25
489|29
490|13
491|37
492|41
493|49
494|31
495|40
496|5
497|32
498|8
499|20
500|5
501|43
502|31
503|31
504|13
505|45
506|13
507|48
508|20
509|34
510|35
511|10
512|4
513|0
514|20
515|19
516|49
517|47
518|7
519|27
520|47
521|21
522|14
523|30
524|10
525|26
526|7
527|19
528|21
529|33
530|10
531|9
532|15
533|43
534|41
535|2
536|16
537|7
538|4
539|36
540|12
541|40
542|0
543|10
544|16
545|9
546|20
547|24
548|12
549|21
550|48
551|5
552|0
553|22
554|40
555|42
556|18
557|8
558|7
559|16
560|7
561|8
562|40
563|45
564|1
565|35
566|26
567|10
568|11
569|16
570|46
571|49
572|48
573|13
574|38
575|47
576|39
577|43
578|13
579|30
580|13
581|1
582|34
583|35
584|13
585|49
586|20
587|10
588|17
589|33
590|6
591|21
592|19
593|9
594|26
595|17
596|27
597|46
598|4
599|32
600|6
601|31
602|37
603|22
604|0
605|25
606|41
607|48
608|16
609|3
610|18
611|27
612|47
613|1
614|29
615|48
616|43
617|3
618|34
619|49
620|25
621|11
622|12
623|27
624|24
625|21
626|0
627|18
628|31
629|36
630|42
631|18
632|7
633|43
634|35
635|2
636|40
637|44
638|3
639|3
640|5
641|42
642|46
643|29
644|7
645|25
646|25
647|18
648|9
649|36
650|10
651|45
652|41
653|40
654|1
655|30
656|13
657|39
658|24
659|45
660|3
661|1
662|6
663|46
664|15
665|4
666|28
667|4
668|40
669|11
670|26
671|27
672|5
673|46
674|0
675|47
676|20
677|21
678|7
679|26
680|28
681|10
682|35
683|13
684|0
685|10
686|4
687|0
688|30
689|14
690|2
691|17
692|15
693|24
694|7
695|27
696|8
697|43
698|46
699|23
700|1
701|11
702|9
703|46
704|47
705|1
706|19
707|5
708|7
709|45
710|37
711|39
712|25
713|4
714|14
715|47
716|18
717|44
718|39
719|7
720|0
721|26
722|34
723|37
724|44
725|32
726|30
727|7
728|27
729|4
730|28
731|12
732|21
733|28
734|29
735|20
736|12
737|47
738|33
739|24
740|42
741|6
742|3
743|19
744|23
745|19
746|45
747|14
748|46
749|30
750|2
751|38
752|25
753|47
754|46
755|34
756|6
757|19
758|10
759|25
760|35
761|39
762|10
763|4
764|28
765|44
766|33
767|15
768|25
769|16
770|48
771|27
772|44
773|32
774|30
775|17
776|6
777|33
778|39
779|24
780|4
781|18
782|25
783|23
784|36
785|20
786|24
787|35
788|29
789|9
790|19
791|26
792|40
793|14
794|22
795|39
796|24
797|4
798|37
799|25
800|9
801|40
802|49
803|37
804|19
805|41
806|4
807|9
808|29
809|47
810|3
811|6
812|15
813|9
814|19
815|25
816|13
817|18
818|12
819|6
820|47
821|49
822|11
823|8
824|31
825|11
826|29
827|12
828|35
829|10
830|5
831|8
832|27
833|10
834|43
835|8
836|24
837|42
838|23
839|35
840|21
841|25
842|29
843|33
844|43
845|47
846|25
847|18
848|6
849|35
850|22
851|14
852|14
853|27
854|11
855|2
856|40
857|26
858|4
859|43
860|6
861|6
862|41
863|40
864|39
865|10
866|3
867|38
868|35
869|4
870|46
871|47
872|18
873|3
874|24
875|24
876|1
877|10
878|44
879|21
880|20
881|7
882|15
883|19
884|1
885|31
886|47
887|23
888|11
889|17
890|7
891|47
892|27
893|35
894|49
895|9
896|34
897|15
898|12
899|30
900|33
901|41
902|23
903|27
904|27
905|13
906|25
907|42
908|36
909|0
910|40
911|6
912|15
913|10
914|15
915|34
916|26
917|36
918|13
919|37
920|42
921|26
922|45
923|15
924|34
925|16
926|46
927|25
928|29
929|4
930|6
931|27
932|9
933|17
934|24
935|31
936|2
937|31
938|37
939|46
940|36
941|39
942|3
943|38
944|0
945|24
946|28
947|15
948|36
949|19
950|6
951|32
952|43
953|13
954|35
955|28
956|7
957|19
958|25
959|42
960|2
961|45
962|14
963|36
964|23
965|15
966|8
967|13
968|21
969|3
970|1
971|17
972|33
973|5
974|45
975|9
976|19
977|49
978|33
979|11
980|44
981|10
982|31
983|38
984|1
985|21
986|4
987|14
988|36
989|12
990|46
991|38
992|38
993|27
994|9
995|48
996|33
997|39
998|15
999|7
1000|32
1001|32
1002|5
1003|44
1004|14
1005|33
1006|13
1007|29
1008|6
1009|26
1010|9
1011|14
1012|21
1013|19
1014|5
1015|39
1016|28
1017|48
1018|41
1019|16
1020|22
1021|22
1022|21
1023|38
1024|2
1025|38
1026|35
1027|25
1028|37
1029|19
1030|31
1031|43
1032|31
1033|7
1034|5
1035|42
1036|19
1037|41
1038|22
1039|0
1040|46
1041|8
1042|18
1043|43
1044|24
1045|3
1046|7
1047|7
1048|13
1049|31
1050|26
1051|7
1052|19
1053|1
1054|14
1055|18
1056|37
1057|30
1058|13
1059|47
1060|23
1061|44
1062|4
1063|33
1064|5
1065|25
1066|46
1067|13
1068|24
1069|45
1070|13
1071|37
1072|49
1073|35
1074|41
1075|2
1076|47
1077|2
1078|48
1079|18
1080|49
1081|23
1082|17
1083|20
1084|48
1085|15
1086|39
1087|47
1088|28
1089|19
1090|18
1091|19
1092|38
1093|11
1094|35
1095|25
1096|34
1097|12
1098|3
1099|49
1100|39
1101|30
1102|30
1103|0
1104|22
1105|15
1106|47
1107|2
1108|45
1109|23
1110|23
1111|33
1112|13
1113|10
1114|19
1115|24
1116|46
1117|33
1118|45
1119|5
1120|48
1121|33
1122|28
1123|42
1124|22
1125|46
1126|33
1127|31
1128|37
1129|0
1130|11
1131|43
1132|32
1133|10
1134|11
1135|44
1136|29
1137|2
1138|45
1139|26
1140|42
1141|40
1142|25
1143|17
1144|32
1145|0
1146|18
1147|10
1148|0
1149|38
1150|12
1151|41
1152|16
1153|4
1154|10
1155|39
1156|47
1157|39
1158|23
1159|44
1160|29
1161|38
1162|9
1163|7
1164|13
1165|7
1166|16
1167|47
1168|31
1169|30
1170|24
1171|41
1172|10
1173|33
1174|18
1175|38
1176|48
1177|12
1178|22
1179|27
1180|14
1181|6
1182|18
1183|47
1184|38
1185|42
1186|5
1187|2
1188|25
1189|1
1190|49
1191|40
1192|29
1193|6
1194|41
1195|27
1196|44
1197|10
1198|17
1199|2
1200|11
1201|19
1202|42
1203|8
1204|18
1205|4
1206|46
1207|23
1208|16
1209|33
1210|31
1211|36
1212|5
1213|27
1214|48
1215|2
1216|17
1217|47
1218|23
1219|40
1220|39
1221|40
1222|1
1223|44
1224|26
1225|29
1226|8
1227|19
1228|20
1229|0
1230|7
1231|27
1232|35
1233|38
1234|24
1235|2
1236|22
1237|43
1238|15
1239|8
1240|47
1241|27
1242|22
1243|42
1244|25
1245|10
1246|24
1247|47
1248|32
1249|33
1250|23
1251|44
1252|15
1253|3
1254|39
1255|48
1256|40
1257|30
1258|28
1259|12
1260|17
1261|11
1262|33
1263|10
1264|2
1265|27
1266|38
1267|12
1268|13
1269|33
1270|7
1271|21
1272|40
1273|9
1274|4
1275|20
1276|33
1277|43
1278|40
1279|44
1280|48
1281|17
1282|4
1283|15
1284|26
1285|46
1286|18
1287|49
1288|48
1289|41
1290|48
1291|44
1292|3
1293|9
1294|0
1295|9
1296|21
1297|33
1298|7
1299|6
1300|10
1301|35
1302|13
1303|11
1304|22
1305|24
1306|36
1307|49
1308|28
1309|9
1310|49
1311|31
1312|38
1313|13
1314|40
1315|41
1316|3
1317|7
1318|39
1319|5
1320|9
1321|49
1322|25
1323|25
1324|39
1325|3
1326|4
1327|24
1328|39
1329|13
1330|14
1331|34
1332|9
1333|30
1334|11
1335|44
1336|41
1337|48
1338|20
1339|2
1340|38
1341|28
1342|29
1343|32
1344|42
1345|12
1346|18
1347|7
1348|15
1349|17
1350|45
1351|3
1352|42
1353|48
1354|43
1355|20
1356|27
1357|16
1358|19
1359|1
1360|27
1361|39
1362|39
1363|37
1364|24
1365|36
1366|43
1367|43
1368|8
1369|23
1370|5
1371|42
1372|14
1373|48
1374|24
1375|37
1376|37
1377|14
1378|17
1379|39
1380|47
1381|9
1382|2
1383|44
1384|10
1385|41
1386|48
1387|0
1388|34
1389|8
1390|25
1391|0
1392|38
1393|12
1394|33
1395|47
1396|48
1397|22
1398|6
1399|20
1400|14
1401|30
1402|18
1403|7
1404|27
1405|8
1406|35
1407|20
1408|26
1409|28
1410|45
1411|38
1412|13
1413|23
1414|34
1415|22
1416|5
1417|20
1418|40
1419|6
1420|0
1421|45
1422|39
1423|19
1424|17
1425|21
1426|33
1427|48
1428|39
1429|4
1430|28
1431|35
1432|0
1433|2
1434|5
1435|38
1436|41
1437|15
1438|32
1439|47
1440|24
1441|33
1442|31
1443|43
1444|14
1445|43
1446|35
1447|9
1448|48
1449|20
1450|13
1451|31
1452|45
1453|8
1454|36
1455|24
1456|16
1457|4
1458|8
1459|15
1460|33
1461|46
1462|24
1463|26
1464|29
1465|9
1466|40
1467|9
1468|16
1469|23
1470|3
1471|3
1472|32
1473|27
1474|42
1475|43
1476|22
1477|46
1478|19
1479|9
1480|24
1481|44
1482|4
1483|32
1484|9
1485|35
1486|21
1487|8
1488|34
1489|21
1490|0
1491|28
1492|30
1493|39
1494|16
1495|19
1496|9
1497|42
1498|10
1499|17
1500|45
1501|32
1502|37
1503|7
1504|24
1505|9
1506|29
1507|7
1508|21
1509|30
1510|27
1511|8
1512|40
1513|10
1514|48
1515|30
1516|15
1517|16
1518|40
1519|0
1520|8
1521|33
1522|36
1523|10
1524|16
1525|4
1526|48
1527|16
1528|23
1529|16
1530|15
1531|28
1532|25
1533|5
1534|0
1535|27
1536|11
1537|49
1538|5
1539|21
1540|10
1541|42
1542|5
1543|22
1544|25
1545|21
1546|48
1547|18
1548|29
1549|34
1550|49
1551|36
1552|12
1553|11
1554|5
1555|32
1556|49
1557|41
1558|14
1559|5
1560|24
1561|23
1562|31
1563|17
1564|0
1565|36
1566|20
1567|40
1568|20
1569|22
1570|26
1571|42
1572|29
1573|2
1574|35
1575|15
1576|38
1577|7
1578|24
1579|43
1580|16
1581|24
1582|18
1583|43
1584|19
1585|27
1586|35
1587|49
1588|18
1589|42
1590|28
1591|4
1592|47
1593|5
1594|43
1595|25
1596|11
1597|36
1598|38
1599|20
1600|20
1601|0
1602|18
1603|0
1604|35
1605|14
1606|42
1607|32
1608|33
1609|30
1610|49
1611|47
1612|10
1613|2
1614|44
1615|1
1616|35
1617|35
1618|47
1619|15
1620|11
1621|46
1622|6
1623|26
1624|43
1625|29
1626|6
1627|23
1628|44
1629|37
1630|20
1631|20
1632|32
1633|12
1634|16
1635|38
1636|1
1637|33
1638|14
1639|42
1640|27
1641|33
1642|24
1643|39
1644|39
1645|22
1646|39
1647|33
1648|16
1649|4
1650|4
1651|48
1652|0
1653|29
1654|30
1655|19
1656|23
1657|24
1658|8
1659|14
1660|38
1661|49
1662|8
1663|20
1664|6
1665|27
1666|33
1667|17
1668|35
1669|3
1670|38
1671|1
1672|9
1673|37
1674|8
1675|9
1676|28
1677|18
1678|39
1679|41
1680|32
1681|49
1682|42
1683|49
1684|17
1685|9
1686|1
1687|42
1688|18
1689|26
1690|14
1691|5
1692|15
1693|35
1694|8
1695|27
1696|23
1697|41
1698|0
1699|42
1700|31
1701|27
1702|38
1703|22
1704|32
1705|23
1706|9
1707|0
1708|41
1709|1
1710|41
1711|46
1712|1
1713|44
1714|42
1715|23
1716|0
1717|7
1718|10
1719|9
1720|14
1721|40
1722|20
1723|33
1724|40
1725|4
1726|13
1727|35
1728|24
1729|45
1730|36
1731|45
1732|32
1733|32
1734|6
1735|19
1736|23
1737|33
1738|31
1739|48
1740|3
1741|6
1742|3
1743|16
1744|18
1745|42
1746|27
1747|30
1748|6
1749|8
1750|25
1751|11
1752|0
1753|44
1754|33
1755|35
1756|14
1757|2
1758|1
1759|46
1760|4
1761|41
1762|33
1763|13
1764|14
1765|28
1766|13
1767|3
1768|36
1769|47
1770|16
1771|38
1772|28
1773|43
1774|11
1775|39
1776|25
1777|42
1778|23
1779|16
1780|29
1781|46
1782|38
1783|18
1784|19
1785|30
1786|14
1787|38
1788|5
1789|29
1790|28
1791|48
1792|36
1793|37
1794|27
1795|5
1796|5
1797|21
1798|13
1799|6
1800|14
1801|27
1802|17
1803|32
1804|48
1805|32
1806|39
1807|45
1808|49
1809|30
1810|17
1811|6
1812|49
1813|15
1814|4
1815|9
1816|15
1817|24
1818|39
1819|37
1820|3
1821|18
1822|47
1823|43
1824|15
1825|4
1826|25
1827|12
1828|9
1829|43
1830|0
1831|9
1832|10
1833|29
1834|40
1835|10
1836|19
1837|18
1838|2
1839|32
1840|43
1841|44
1842|46
1843|33
1844|0
1845|20
1846|27
1847|21
1848|9
1849|40
1850|21
1851|47
1852|19
1853|13
1854|16
1855|47
1856|16
1857|1
1858|36
1859|26
1860|2
1861|15
1862|36
1863|32
1864|3
1865|1
1866|23
1867|29
1868|42
1869|0
1870|1
1871|14
1872|2
1873|25
1874|30
1875|28
1876|34
1877|13
1878|24
1879|34
1880|34
1881|28
1882|29
1883|42
1884|45
1885|28
1886|33
1887|36
1888|1
1889|3
1890|45
1891|35
1892|36
1893|13
1894|29
1895|7
1896|16
1897|40
1898|7
1899|3
1900|1
1901|40
1902|25
1903|37
1904|11
1905|28
1906|36
1907|41
1908|31
1909|40
1910|49
1911|23
1912|45
1913|44
1914|32
1915|5
1916|28
1917|12
1918|15
1919|8
1920|15
1921|20
1922|35
1923|16
1924|47
1925|12
1926|48
1927|38
1928|12
1929|28
1930|15
1931|48
1932|37
1933|12
1934|46
1935|35
1936|48
1937|45
1938|29
1939|43
1940|22
1941|48
1942|34
1943|49
1944|25
1945|12
1946|0
1947|46
1948|36
1949|14
1950|40
1951|47
1952|27
1953|4
1954|16
1955|44
1956|2
1957|7
1958|36
1959|45
1960|3
1961|40
1962|35
1963|33
1964|21
1965|40
1966|6
1967|20
1968|44
1969|17
1970|14
1971|26
1972|47
1973|46
1974|48
1975|18
1976|45
1977|24
1978|46
1979|2
1980|49
1981|34
1982|14
1983|49
1984|41
1985|42
1986|39
1987|10
1988|31
1989|29
1990|47
1991|20
1992|10
1993|13
1994|10
1995|33
1996|10
1997|1
1998|41
1999|32
2000|6
2001|7
2002|17
2003|13
2004|24
2005|24
2006|43
2007|14
2008|44
2009|13
2010|5
2011|9
2012|1
2013|14
2014|16
2015|6
2016|26
2017|9
2018|35
2019|3
2020|38
2021|45
2022|41
2023|37
2024|32
2025|7
2026|37
2027|48
2028|14
2029|34
2030|36
2031|32
2032|3
2033|27
2034|34
2035|12
2036|23
2037|24
2038|37
2039|18
2040|22
2041|19
2042|19
2043|18
2044|19
2045|13
2046|26
2047|43
2048|11
2049|28
2050|28
2051|9
2052|30
2053|40
2054|8
2055|40
2056|11
2057|24
2058|11
2059|40
2060|46
2061|19
2062|34
2063|28
2064|0
2065|13
2066|47
2067|6
2068|26
2069|21
2070|48
2071|47
2072|10
2073|43
2074|43
2075|30
2076|26
2077|25
2078|10
2079|20
2080|27
2081|9
2082|1
2083|46
2084|43
2085|40
2086|32
2087|35
2088|10
2089|43
2090|43
2091|2
2092|24
2093|42
2094|20
2095|13
2096|27
2097|14
2098|7
2099|10
2100|2
2101|17
2102|35
2103|29
2104|35
2105|18
2106|24
2107|18
2108|18
2109|18
2110|47
2111|38
2112|41
2113|46
2114|31
2115|1
2116|46
2117|25
2118|0
2119|42
2120|37
2121|5
2122|15
2123|12
2124|10
2125|32
2126|32
2127|43
2128|27
2129|17
2130|4
2131|15
2132|27
2133|23
2134|38
2135|34
2136|32
2137|44
2138|46
2139|16
2140|17
2141|45
2142|31
2143|3
2144|44
2145|36
2146|4
2147|35
2148|43
2149|0
2150|0
2151|36
2152|28
2153|32
2154|46
2155|42
2156|4
2157|22
2158|44
2159|1
2160|42
2161|42
2162|34
2163|46
2164|11
2165|22
2166|33
2167|12
2168|42
2169|29
2170|34
2171|12
2172|1
2173|1
2174|32
2175|0
2176|29
2177|2
2178|27
2179|37
2180|20
2181|44
2182|6
2183|17
2184|38
2185|49
2186|26
2187|7
2188|16
2189|40
2190|10
2191|21
2192|38
2193|36
2194|38
2195|36
2196|10
2197|10
2198|17
2199|24
2200|49
2201|26
2202|43
2203|39
2204|42
2205|4
2206|49
2207|21
2208|22
2209|44
2210|17
2211|7
2212|13
2213|13
2214|5
2215|24
2216|24
2217|15
2218|36
2219|1
2220|11
2221|8
2222|42
2223|48
2224|17
2225|10
2226|47
2227|40
2228|12
2229|25
2230|12
2231|34
2232|22
2233|10
2234|1
2235|32
2236|43
2237|32
2238|46
2239|7
2240|20
2241|4
2242|48
2243|20
2244|17
2245|37
2246|13
2247|47
2248|40
2249|24
2250|37
2251|19
2252|13
2253|0
2254|49
2255|49
2256|47
2257|44
2258|4
2259|13
2260|46
2261|3
2262|22
2263|47
2264|34
2265|35
2266|27
2267|27
2268|40
2269|32
2270|23
2271|47
2272|0
2273|39
2274|37
2275|1
2276|10
2277|2
2278|39
2279|13
2280|48
2281|33
2282|15
2283|1
2284|34
2285|31
2286|4
2287|10
2288|1
2289|36
2290|14
2291|14
2292|34
2293|15
2294|33
2295|47
2296|22
2297|14
2298|12
2299|22
2300|47
2301|28
2302|14
2303|23
2304|15
2305|22
2306|3
2307|49
2308|17
2309|39
2310|15
2311|16
2312|42
2313|16
2314|21
2315|27
2316|32
2317|16
2318|26
2319|49
2320|19
2321|11
2322|45
2323|34
2324|34
2325|41
2326|24
2327|45
2328|9
2329|8
2330|35
2331|46
2332|30
2333|5
2334|35
2335|33
2336|40
2337|39
2338|34
2339|28
2340|22
2341|45
2342|7
2343|49
2344|45
2345|25
2346|24
2347|36
2348|17
2349|17
2350|49
2351|42
2352|4
2353|20
2354|12
2355|40
2356|2
2357|9
2358|26
2359|19
2360|39
2361|29
2362|10
2363|26
2364|17
2365|1
2366|39
2367|7
2368|13
2369|33
2370|7
2371|34
2372|5
2373|6
2374|19
2375|9
2376|26
2377|42
2378|29
2379|28
2380|48
2381|44
2382|35
2383|33
2384|11
2385|11
2386|47
2387|13
2388|42
2389|46
2390|26
2391|15
2392|29
2393|35
2394|0
2395|15
2396|33
2397|0
2398|41
2399|37
2400|47
2401|25
2402|7
2403|40
2404|27
2405|10
2406|29
2407|42
2408|1
2409|39
2410|28
2411|1
2412|47
2413|0
2414|28
2415|6
2416|8
2417|45
2418|47
2419|28
2420|5
2421|27
2422|6
2423|41
2424|42
2425|9
2426|6
2427|17
2428|30
2429|19
2430|35
2431|11
2432|41
2433|37
2434|38
2435|34
2436|8
2437|0
2438|28
2439|48
2440|32
2441|16
2442|22
2443|34
2444|8
2445|43
2446|35
2447|23
2448|42
2449|0
2450|33
2451|45
2452|9
2453|27
2454|34
2455|15
2456|19
2457|26
2458|2
2459|21
2460|22
2461|13
2462|33
2463|19
2464|42
2465|11
2466|35
2467|2
2468|16
2469|37
2470|35
2471|39
2472|4
2473|12
2474|4
2475|28
2476|19
2477|29
2478|11
2479|46
2480|22
2481|14
2482|13
2483|39
2484|30
2485|47
2486|44
2487|25
2488|37
2489|44
2490|23
2491|1
2492|49
2493|36
2494|9
2495|34
2496|19
2497|46
2498|35
2499|28
2500|47
2501|35
2502|22
2503|27
2504|3
2505|29
2506|34
2507|10
2508|8
2509|17
2510|13
2511|19
2512|49
2513|39
2514|15
2515|26
2516|22
2517|23
2518|19
2519|25
2520|24
2521|48
2522|36
2523|48
2524|15
2525|34
2526|5
2527|47
2528|4
2529|1
2530|39
2531|46
2532|23
2533|10
2534|44
2535|20
2536|49
2537|0
2538|21
2539|11
2540|47
2541|18
2542|5
2543|23
2544|20
2545|37
2546|29
2547|8
2548|15
2549|11
2550|4
2551|41
2552|5
2553|5
2554|5
2555|24
2556|11
2557|16
2558|32
2559|20
2560|16
2561|18
2562|27
2563|25
2564|4
2565|0
2566|10
2567|22
2568|27
2569|46
2570|22
2571|5
2572|48
2573|48
2574|49
2575|49
2576|34
2577|46
2578|5
2579|30
2580|39
2581|19
2582|34
2583|33
2584|37
2585|23
2586|3
2587|18
2588|37
2589|40
2590|2
2591|20
2592|2
2593|12
2594|10
2595|29
2596|22
2597|10
2598|39
2599|15
2600|35
2601|39
2602|39
2603|17
2604|42
2605|27
2606|39
2607|3
2608|18
2609|29
2610|28
2611|32
2612|15
2613|45
2614|27
2615|45
2616|49
2617|40
2618|19
2619|5
2620|19
2621|41
2622|45
2623|46
2624|3
2625|16
2626|9
2627|30
2628|4
2629|19
2630|1
2631|41
2632|14
2633|10
2634|17
2635|11
2636|35
2637|38
2638|48
2639|14
2640|44
2641|3
2642|35
2643|0
2644|39
2645|26
2646|47
2647|25
2648|12
2649|39
2650|47
2651|4
2652|5
2653|3
2654|8
2655|38
2656|36
2657|4
2658|2
2659|45
2660|42
2661|5
2662|12
2663|11
2664|4
2665|0
2666|11
2667|22
2668|7
2669|23
2670|44
2671|30
2672|35
2673|33
2674|15
2675|11
2676|21
2677|44
2678|12
2679|29
2680|4
2681|3
2682|34
2683|6
2684|47
2685|16
2686|41
2687|7
2688|13
2689|24
2690|46
2691|11
2692|46
2693|0
2694|13
2695|12
2696|48
2697|13
2698|45
2699|23
2700|17
2701|37
2702|43
2703|15
2704|0
2705|27
2706|2
2707|48
2708|23
2709|24
2710|12
2711|44
2712|20
2713|16
2714|13
2715|40
2716|11
2717|5
2718|11
2719|11
2720|21
2721|45
2722|30
2723|9
2724|34
2725|44
2726|26
2727|46
2728|45
2729|15
2730|30
2731|7
2732|41
2733|3
2734|8
2735|37
2736|10
2737|35
2738|37
2739|18
2740|49
2741|20
2742|18
2743|36
2744|12
2745|21
2746|20
2747|7
2748|16
2749|40
2750|10
2751|10
2752|31
2753|30
2754|32
2755|47
2756|14
2757|32
2758|27
2759|18
2760|3
2761|29
2762|47
2763|28
2764|13
2765|12
2766|43
2767|15
2768|0
2769|2
2770|3
2771|30
2772|34
2773|12
2774|5
2775|44
2776|44
2777|48
2778|20
2779|6
2780|22
2781|18
2782|30
2783|0
2784|20
2785|5
2786|41
2787|8
2788|5
2789|7
2790|26
2791|48
2792|15
2793|20
2794|28
2795|19
2796|7
2797|25
2798|42
2799|37
2800|20
2801|17
2802|6
2803|9
2804|42
2805|9
2806|15
2807|25
2808|4
2809|43
2810|28
2811|36
2812|23
2813|0
2814|42
2815|41
2816|31
2817|17
2818|2
2819|19
2820|39
2821|41
2822|23
2823|47
2824|21
2825|2
2826|36
2827|21
2828|11
2829|35
2830|17
2831|46
2832|13
2833|26
2834|19
2835|20
2836|45
2837|19
2838|48
2839|39
2840|46
2841|2
2842|46
2843|20
2844|0
2845|38
2846|42
2847|49
2848|47
2849|42
2850|31
2851|5
2852|16
2853|23
2854|25
2855|47
2856|27
2857|2
2858|14
2859|35
2860|9
2861|5
2862|3
2863|14
2864|26
2865|47
2866|1
2867|25
2868|31
2869|45
2870|16
2871|15
2872|45
2873|36
2874|25
2875|25
2876|36
2877|14
2878|42
2879|42
2880|35
2881|17
2882|23
2883|33
2884|28
2885|23
2886|11
2887|11
2888|39
2889|12
2890|33
2891|36
2892|31
2893|36
2894|11
2895|7
2896|15
2897|23
2898|17
2899|3
2900|38
2901|38
2902|35
2903|30
2904|3
2905|16
2906|8
2907|45
2908|25
2909|4
2910|38
2911|6
2912|19
2913|27
2914|5
2915|48
2916|43
2917|13
2918|49
2919|43
2920|35
2921|8
2922|47
2923|5
2924|32
2925|15
2926|36
2927|43
2928|25
2929|1
2930|21
2931|16
2932|10
2933|45
2934|2
2935|28
2936|1
2937|9
2938|10
2939|23
2940|4
2941|39
2942|18
2943|47
2944|24
2945|28
2946|44
2947|36
2948|6
2949|28
2950|35
2951|19
2952|6
2953|38
2954|47
2955|37
2956|40
2957|18
2958|8
2959|19
2960|16
2961|1
2962|3
2963|23
2964|26
2965|17
2966|27
2967|13
2968|38
2969|36
2970|42
2971|3
2972|31
2973|0
2974|39
2975|25
2976|45
2977|8
2978|2
2979|23
2980|47
2981|18
2982|37
2983|35
2984|44
2985|30
2986|38
2987|45
2988|9
2989|16
2990|29
2991|47
2992|13
2993|38
2994|49
2995|32
2996|20
2997|43
2998|24
2999|5
3000|7
