0|4
1|43
2|45
3|38
4|45
5|20
6|4
7|25
8|35
9|24
10|26
11|44
12|41
13|9
14|21
15|38
16|2
17|31
18|3
19|17
20|11
21|26
22|9
23|5
24|33
25|48
26|8
27|41
28|22
29|44
30|45
31|2
32|24
33|43
34|22
35|41
36|13
37|27
38|33
39|27
40|5
41|40
42|33
43|31
44|13
45|17
46|33
47|19
48|16
49|43
50|30
51|31
52|46
53|9
54|45
55|14
56|17
57|49
58|5
59|2
60|33
61|25
62|3
63|4
64|7
65|28
66|33
67|13
68|42
69|1
70|23
71|20
72|44
73|13
74|43
75|32
76|6
77|36
78|7
79|19
80|7
81|8
82|46
83|37
84|39
85|10
86|22
87|21
88|46
89|44
90|0
91|34
92|32
93|10
94|3
95|0
96|1
97|5
98|37
99|31
100|28
101|0
102|11
103|12
104|48
105|25
106|4
107|7
108|7
109|0
110|26
111|16
112|9
113|11
114|10
115|28
116|26
117|29
118|31
119|26
120|38
121|37
122|27
123|10
124|21
125|11
126|27
127|0
128|49
129|21
130|32
131|22
132|21
133|46
134|48
135|49
136|22
137|22
138|33
139|29
140|36
141|42
142|40
143|34
144|21
145|47
146|9
147|4
148|31
149|28
150|33
151|6
152|18
153|41
154|8
155|43
156|40
157|28
158|30
159|26
160|18
161|38
162|1
163|29
164|18
165|34
166|30
167|40
168|23
169|19
170|23
171|12
172|21
173|48
174|25
175|3
176|39
177|1
178|2
179|34
180|5
181|26
182|33
183|31
184|20
185|42
186|42
187|24
188|33
189|22
190|27
191|38
192|6
193|44
194|29
195|11
196|5
197|38
198|35
199|13
200|9
201|9
202|3
203|4
204|29
205|21
206|7
207|7
208|45
209|47
210|31
211|15
212|4
213|9
214|6
215|47
216|25
217|46
218|28
219|46
220|9
221|15
222|16
223|6
224|46
225|24
226|4
227|9
228|28
229|0
230|12
231|43
232|6
233|28
234|36
235|6
236|32
237|0
238|25
239|14
240|22
241|49
242|12
243|22
244|45
245|43
246|5
247|7
248|18
249|25
250|45
251|10
252|28
253|37
254|36
255|44
256|16
257|13
258|47
259|26
260|23
261|8
262|43
263|46
264|9
265|20
266|48
267|12
268|46
269|30
270|17
271|25
272|25
273|14
274|26
275|43
276|29
277|19
278|5
279|23
280|12
281|1
282|29
283|14
284|28
285|27
286|34
287|28
288|0
289|7
290|29
291|16
292|30
293|33
294|30
295|39
296|36
297|6
298|39
299|30
300|49
301|46
302|29
303|43
304|32
305|29
306|36
307|36
308|33
309|40
310|16
311|22
312|48
313|18
314|45
315|43
316|13
317|15
318|35
319|5
320|9
321|9
322|5
323|12
324|15
325|48
326|1
327|38
328|3
329|9
330|42
331|3
332|19
333|15
334|14
335|0
336|46
337|22
338|35
339|8
340|49
341|32
342|10
343|1
344|30
345|11
346|22
347|25
348|33
349|7
350|47
351|29
352|44
353|46
354|49
355|46
356|20
357|23
358|42
359|46
360|40
361|30
362|22
363|2
364|4
365|25
366|44
367|7
368|28
369|27
370|38
371|12
372|20
373|19
374|40
375|2
376|9
377|9
378|16
379|43
380|4
381|7
382|24
383|9
384|39
385|0
386|47
387|13
388|28
389|39
390|44
391|6
392|24
393|23
394|38
395|27
396|16
397|32
398|9
399|42
400|35
401|12
402|11
403|5
404|2
405|0
406|42
407|38
408|14
409|29
410|48
411|17
412|28
413|39
414|32
415|27
416|18
417|17
418|40
419|19
420|47
421|38
422|21
423|20
424|41
425|38
426|21
427|48
428|0
429|29
430|40
431|12
432|34
433|45
434|7
435|18
436|28
437|7
438|16
439|34
440|35
441|23
442|21
443|32
444|30
445|9
446|46
447|4
448|47
449|44
450|34
451|37
452|13
453|38
454|7
455|44
456|34
457|0
458|25
459|18
460|28
461|45
462|15
463|29
464|26
465|22
466|33
467|37
468|21
469|1
470|47
471|8
472|47
473|1
474|40
475|45
476|0
477|14
478|2
479|44
480|9
481|16
482|3
483|40
484|27
485|22
486|19
487|2
488|20
489|46
490|4
491|39
492|24
493|30
494|28
495|42
496|37
497|34
498|19
499|6
500|21
501|10
502|7
503|42
504|44
505|43
506|47
507|39
508|18
509|40
510|26
511|46
512|7
513|45
514|3
515|33
516|36
517|21
518|38
519|18
520|20
521|24
522|5
523|37
524|5
525|18
526|6
527|5
528|36
529|14
530|17
531|36
532|21
533|46
534|42
535|24
536|49
537|30
538|32
539|0
540|17
541|15
542|9
543|17
544|1
545|6
546|47
547|35
548|4
549|49
550|16
551|26
552|0
553|39
554|18
555|29
556|18
557|15
558|37
559|14
560|3
561|26
562|14
563|17
564|46
565|18
566|41
567|28
568|4
569|20
570|5
571|36
572|33
573|34
574|15
575|49
576|17
577|18
578|26
579|31
580|46
581|18
582|6
583|36
584|15
585|47
586|35
587|29
588|21
589|42
590|31
591|33
592|16
593|34
594|12
595|24
596|22
597|33
598|34
599|37
600|21
601|7
602|29
603|36
604|2
605|7
606|42
607|34
608|38
609|13
610|43
611|0
612|34
613|45
614|13
615|38
616|21
617|17
618|24
619|24
620|27
621|26
622|14
623|30
624|35
625|10
626|31
627|3
628|7
629|29
630|41
631|22
632|19
633|47
634|28
635|13
636|32
637|28
638|13
639|2
640|28
641|21
642|46
643|45
644|15
645|16
646|4
647|20
648|46
649|24
650|20
651|28
652|34
653|1
654|41
655|11
656|46
657|10
658|23
659|37
660|20
661|48
662|33
663|43
664|18
665|35
666|14
667|25
668|21
669|45
670|4
671|25
672|31
673|43
674|24
675|7
676|17
677|25
678|7
679|43
680|15
681|23
682|14
683|2
684|33
685|23
686|36
687|4
688|28
689|16
690|12
691|28
692|0
693|41
694|40
695|39
696|21
697|11
698|4
699|42
700|21
701|34
702|29
703|33
704|0
705|8
706|8
707|37
708|43
709|9
710|22
711|7
712|45
713|5
714|23
715|4
716|24
717|27
718|29
719|3
720|49
721|29
722|46
723|31
724|39
725|32
726|46
727|45
728|12
729|33
730|39
731|1
732|24
733|43
734|41
735|32
736|1
737|2
738|20
739|30
740|22
741|27
742|5
743|31
744|40
745|8
746|7
747|1
748|34
749|7
750|35
751|0
752|49
753|24
754|19
755|1
756|8
757|36
758|48
759|7
760|22
761|48
762|1
763|33
764|45
765|10
766|44
767|17
768|9
769|24
770|31
771|45
772|4
773|49
774|21
775|43
776|15
777|46
778|1
779|32
780|32
781|33
782|42
783|36
784|30
785|15
786|11
787|29
788|5
789|5
790|24
791|48
792|34
793|3
794|39
795|43
796|4
797|1
798|32
799|11
800|14
801|47
802|32
803|19
804|29
805|33
806|26
807|8
808|45
809|29
810|12
811|6
812|4
813|0
814|16
815|29
816|11
817|32
818|2
819|2
820|3
821|11
822|20
823|8
824|34
825|3
826|24
827|13
828|21
829|0
830|25
831|8
832|29
833|25
834|7
835|22
836|30
837|11
838|2
839|8
840|19
841|32
842|28
843|14
844|20
845|3
846|32
847|42
848|8
849|48
850|40
851|43
852|48
853|23
854|22
855|37
856|19
857|47
858|19
859|48
860|28
861|1
862|48
863|35
864|49
865|8
866|43
867|7
868|34
869|26
870|42
871|7
872|18
873|35
874|36
875|27
876|44
877|46
878|28
879|7
880|32
881|30
882|41
883|41
884|27
885|27
886|17
887|26
888|46
889|16
890|7
891|8
892|45
893|28
894|31
895|26
896|18
897|23
898|39
899|42
900|45
901|13
902|30
903|28
904|25
905|1
906|3
907|42
908|32
909|41
910|48
911|41
912|30
913|39
914|8
915|47
916|39
917|10
918|27
919|41
920|28
921|1
922|36
923|26
924|11
925|14
926|26
927|20
928|3
929|41
930|16
931|9
932|8
933|32
934|2
935|15
936|28
937|11
938|23
939|0
940|21
941|17
942|3
943|34
944|31
945|43
946|1
947|10
948|14
949|15
950|46
951|9
952|28
953|15
954|1
955|6
956|48
957|15
958|42
959|5
960|14
961|12
962|32
963|11
964|10
965|9
966|36
967|37
968|8
969|1
970|11
971|18
972|35
973|41
974|19
975|9
976|21
977|38
978|44
979|31
980|10
981|48
982|35
983|6
984|6
985|46
986|4
987|15
988|14
989|21
990|41
991|48
992|37
993|16
994|21
995|0
996|43
997|11
998|1
999|40
1000|6
1001|17
1002|40
1003|45
1004|32
1005|37
1006|44
1007|25
1008|19
1009|35
1010|40
1011|19
1012|42
1013|15
1014|30
1015|38
1016|17
1017|15
1018|4
1019|8
1020|41
1021|5
1022|41
1023|15
1024|8
1025|42
1026|47
1027|40
1028|40
1029|41
1030|28
1031|12
1032|29
1033|44
1034|45
1035|6
1036|7
1037|13
1038|10
1039|26
1040|33
1041|41
1042|8
1043|2
1044|37
1045|40
1046|7
1047|19
1048|35
1049|4
1050|4
1051|40
1052|12
1053|32
1054|7
1055|30
1056|11
1057|33
1058|21
1059|48
1060|31
1061|15
1062|20
1063|5
1064|0
1065|17
1066|40
1067|49
1068|38
1069|8
1070|46
1071|9
1072|15
1073|24
1074|38
1075|22
1076|37
1077|36
1078|49
1079|27
1080|4
1081|46
1082|46
1083|10
1084|39
1085|42
1086|29
1087|27
1088|9
1089|22
1090|13
1091|49
1092|19
1093|1
1094|5
1095|0
1096|19
1097|22
1098|47
1099|31
1100|46
1101|24
1102|38
1103|29
1104|16
1105|8
1106|9
1107|42
1108|15
1109|8
1110|32
1111|4
1112|16
1113|28
1114|27
1115|49
1116|7
1117|45
1118|35
1119|38
1120|44
1121|1
1122|25
1123|6
1124|21
1125|7
1126|36
1127|21
1128|39
1129|48
1130|26
1131|24
1132|40
1133|23
1134|4
1135|0
1136|9
1137|10
1138|34
1139|28
1140|40
1141|34
1142|16
1143|17
1144|3
1145|22
1146|12
1147|40
1148|25
1149|36
1150|12
1151|15
1152|37
1153|12
1154|14
1155|4
1156|44
1157|8
1158|46
1159|37
1160|13
1161|48
1162|48
1163|43
1164|32
1165|46
1166|3
1167|26
1168|36
1169|3
1170|18
1171|9
1172|18
1173|46
1174|42
1175|30
1176|2
1177|21
1178|46
1179|16
1180|11
1181|41
1182|42
1183|6
1184|37
1185|16
1186|37
1187|20
1188|44
1189|43
1190|29
1191|24
1192|16
1193|4
1194|33
1195|44
1196|34
1197|8
1198|15
1199|2
1200|8
1201|20
1202|28
1203|42
1204|4
1205|42
1206|42
1207|30
1208|47
1209|42
1210|9
1211|10
1212|7
1213|12
1214|5
1215|49
1216|29
1217|18
1218|25
1219|41
1220|14
1221|44
1222|47
1223|0
1224|23
1225|44
1226|47
1227|4
1228|17
1229|27
1230|19
1231|33
1232|38
1233|39
1234|2
1235|13
1236|17
1237|41
1238|4
1239|23
1240|47
1241|49
1242|30
1243|29
1244|48
1245|8
1246|42
1247|32
1248|46
1249|28
1250|41
1251|13
1252|26
1253|25
1254|3
1255|29
1256|12
1257|5
1258|19
1259|18
1260|23
1261|1
1262|7
1263|9
1264|27
1265|4
1266|46
1267|18
1268|21
1269|18
1270|3
1271|12
1272|47
1273|38
1274|44
1275|26
1276|4
1277|36
1278|45
1279|13
1280|38
1281|41
1282|19
1283|43
1284|0
1285|13
1286|39
1287|2
1288|0
1289|10
1290|14
1291|21
1292|15
1293|24
1294|29
1295|12
1296|22
1297|38
1298|25
1299|26
1300|46
1301|39
1302|23
1303|13
1304|14
1305|44
1306|1
1307|35
1308|17
1309|16
1310|40
1311|3
1312|38
1313|38
1314|29
1315|47
1316|48
1317|43
1318|43
1319|27
1320|18
1321|43
1322|19
1323|40
1324|42
1325|37
1326|15
1327|0
1328|46
1329|14
1330|10
1331|17
1332|42
1333|15
1334|16
1335|5
1336|49
1337|1
1338|26
1339|21
1340|31
1341|8
1342|14
1343|28
1344|27
1345|2
1346|30
1347|24
1348|18
1349|41
1350|1
1351|5
1352|23
1353|31
1354|43
1355|6
1356|1
1357|23
1358|17
1359|24
1360|33
1361|2
1362|46
1363|5
1364|1
1365|14
1366|42
1367|8
1368|10
1369|34
1370|22
1371|46
1372|2
1373|19
1374|29
1375|25
1376|33
1377|30
1378|47
1379|42
1380|39
1381|11
1382|49
1383|13
1384|36
1385|21
1386|26
1387|2
1388|47
1389|44
1390|38
1391|2
1392|44
1393|16
1394|34
1395|33
1396|38
1397|42
1398|35
1399|3
1400|28
1401|6
1402|27
1403|31
1404|4
1405|11
1406|27
1407|44
1408|41
1409|25
1410|35
1411|40
1412|5
1413|19
1414|2
1415|11
1416|38
1417|21
1418|2
1419|35
1420|48
1421|14
1422|30
1423|49
1424|26
1425|6
1426|44
1427|16
1428|27
1429|34
1430|27
1431|16
1432|10
1433|27
1434|26
1435|2
1436|16
1437|3
1438|22
1439|18
1440|41
1441|12
1442|13
1443|12
1444|49
1445|38
1446|10
1447|23
1448|13
1449|37
1450|2
1451|16
1452|9
1453|0
1454|40
1455|5
1456|20
1457|42
1458|23
1459|32
1460|42
1461|6
1462|8
1463|15
1464|19
1465|0
1466|48
1467|12
1468|4
1469|17
1470|36
1471|43
1472|14
1473|24
1474|47
1475|43
1476|26
1477|27
1478|33
1479|37
1480|22
1481|16
1482|31
1483|36
1484|34
1485|47
1486|34
1487|15
1488|13
1489|30
1490|0
1491|30
1492|5
1493|17
1494|41
1495|4
1496|17
1497|5
1498|27
1499|22
1500|42
