0|0
1|9
2|7
3|15
4|27
5|42
6|11
7|36
8|44
9|34
10|19
11|47
12|42
13|23
14|41
15|45
16|39
17|4
18|41
19|42
20|42
21|10
22|39
23|32
24|24
25|20
26|26
27|48
28|3
29|46
30|45
31|49
32|36
33|40
34|7
35|20
36|30
37|43
38|6
39|1
40|11
41|15
42|42
43|22
44|36
45|31
46|35
47|39
48|18
49|45
50|48
51|8
52|49
53|6
54|15
55|18
56|24
57|31
58|23
59|11
60|11
61|40
62|6
63|21
64|26
65|24
66|43
67|49
68|8
69|21
70|49
71|45
72|10
73|42
74|29
75|10
76|7
77|24
78|7
79|22
80|7
81|39
82|30
83|33
84|24
85|28
86|49
87|7
88|8
89|47
90|18
91|11
92|12
93|16
94|1
95|24
96|45
97|18
98|3
99|33
100|26
101|9
102|33
103|10
104|23
105|37
106|16
107|3
108|41
109|21
110|48
111|27
112|36
113|3
114|31
115|29
116|2
117|39
118|22
119|25
120|45
121|17
122|40
123|48
124|24
125|37
126|4
127|13
128|29
129|32
130|14
131|29
132|43
133|7
134|46
135|41
136|36
137|11
138|32
139|3
140|18
141|31
142|37
143|8
144|18
145|6
146|20
147|9
148|13
149|46
150|49
151|49
152|43
153|19
154|34
155|20
156|21
157|21
158|16
159|10
160|28
161|17
162|4
163|24
164|33
165|9
166|49
167|35
168|5
169|32
170|26
171|24
172|1
173|39
174|43
175|40
176|6
177|45
178|37
179|0
180|31
181|39
182|45
183|45
184|36
185|27
186|8
187|32
188|27
189|41
190|43
191|2
192|48
193|14
194|48
195|36
196|7
197|10
198|14
199|6
200|49
201|24
202|18
203|21
204|4
205|16
206|21
207|24
208|42
209|47
210|43
211|39
212|37
213|17
214|47
215|41
216|16
217|25
218|2
219|47
220|5
221|22
222|38
223|46
224|36
225|19
226|13
227|28
228|27
229|49
230|44
231|46
232|17
233|32
234|8
235|20
236|4
237|30
238|4
239|6
240|24
241|47
242|28
243|7
244|33
245|17
246|20
247|39
248|23
249|49
250|46
251|39
252|33
253|43
254|41
255|2
256|19
257|18
258|31
259|9
260|27
261|33
262|29
263|5
264|41
265|18
266|28
267|8
268|0
269|17
270|5
271|24
272|19
273|27
274|39
275|12
276|26
277|9
278|48
279|0
280|29
281|14
282|0
283|2
284|30
285|34
286|45
287|14
288|25
289|26
290|19
291|20
292|21
293|35
294|14
295|27
296|37
297|8
298|38
299|42
300|34
301|30
302|1
303|26
304|9
305|23
306|6
307|19
308|15
309|37
310|9
311|6
312|7
313|23
314|30
315|36
316|3
317|17
318|13
319|13
320|8
321|5
322|32
323|34
324|7
325|27
326|44
327|23
328|25
329|38
330|14
331|8
332|11
333|29
334|39
335|24
336|41
337|6
338|33
339|43
340|28
341|30
342|16
343|32
344|7
345|18
346|2
347|4
348|18
349|16
350|14
351|40
352|5
353|35
354|18
355|1
356|31
357|42
358|2
359|3
360|22
361|41
362|46
363|47
364|28
365|4
366|7
367|17
368|9
369|42
370|6
371|35
372|6
373|30
374|43
375|7
376|29
377|1
378|40
379|21
380|21
381|39
382|11
383|3
384|5
385|4
386|41
387|8
388|34
389|23
390|1
391|21
392|11
393|30
394|6
395|36
396|43
397|33
398|40
399|43
400|3
401|42
402|3
403|48
404|35
405|13
406|41
407|6
408|32
409|2
410|22
411|3
412|37
413|35
414|17
415|41
416|38
417|24
418|13
419|29
420|6
421|40
422|0
423|23
424|40
425|44
426|46
427|38
428|14
429|41
430|49
431|44
432|0
433|6
434|8
435|44
436|5
437|19
438|25
439|26
440|38
441|21
442|15
443|48
444|29
445|35
446|13
447|19
448|34
449|38
450|4
451|0
452|32
453|0
454|34
455|4
456|32
457|7
458|5
459|0
460|36
461|25
462|13
463|44
464|48
465|46
466|11
467|22
468|23
469|26
470|37
471|35
472|15
473|13
474|28
475|35
476|29
477|39
478|16
479|45
480|1
481|14
482|0
483|21
484|29
485|34
486|14
487|12
488|49
489|24
490|32
491|25
492|16
493|28
494|2
495|41
496|0
497|32
498|32
499|34
500|24
501|32
502|48
503|26
504|47
505|44
506|21
507|46
508|24
509|26
510|29
511|8
512|14
513|44
514|41
515|42
516|3
517|8
518|41
519|44
520|41
521|32
522|15
523|40
524|26
525|6
526|29
527|2
528|11
529|12
530|27
531|48
532|13
533|35
534|36
535|21
536|2
537|0
538|19
539|15
540|24
541|34
542|30
543|18
544|48
545|13
546|48
547|20
548|19
549|23
550|43
551|29
552|11
553|31
554|23
555|41
556|44
557|12
558|18
559|7
560|43
561|19
562|16
563|16
564|42
565|17
566|36
567|36
568|26
569|6
570|34
571|49
572|28
573|6
574|30
575|12
576|43
577|27
578|4
579|13
580|48
581|46
582|19
583|30
584|21
585|45
586|24
587|33
588|1
589|41
590|40
591|32
592|32
593|46
594|40
595|2
596|25
597|18
598|43
599|11
600|35
601|48
602|6
603|16
604|11
605|37
606|5
607|43
608|19
609|9
610|11
611|10
612|44
613|15
614|13
615|46
616|46
617|30
618|30
619|37
620|32
621|41
622|42
623|13
624|34
625|5
626|33
627|33
628|34
629|40
630|16
631|29
632|30
633|21
634|32
635|11
636|47
637|6
638|16
639|46
640|43
641|11
642|28
643|10
644|31
645|25
646|2
647|19
648|48
649|28
650|2
651|8
652|33
653|25
654|21
655|18
656|16
657|10
658|4
659|21
660|21
661|15
662|28
663|18
664|22
665|11
666|24
667|42
668|9
669|28
670|11
671|47
672|23
673|45
674|27
675|21
676|20
677|3
678|42
679|24
680|13
681|28
682|38
683|15
684|11
685|16
686|14
687|20
688|29
689|45
690|45
691|45
692|0
693|2
694|46
695|33
696|20
697|12
698|3
699|0
700|21
701|41
702|23
703|27
704|13
705|12
706|7
707|2
708|34
709|8
710|36
711|3
712|32
713|8
714|7
715|22
716|9
717|18
718|5
719|19
720|39
721|44
722|25
723|46
724|32
725|31
726|39
727|11
728|23
729|27
730|31
731|24
732|11
733|34
734|36
735|44
736|2
737|24
738|20
739|12
740|33
741|12
742|35
743|14
744|44
745|35
746|45
747|44
748|7
749|48
750|10
751|13
752|22
753|12
754|46
755|2
756|19
757|34
758|13
759|33
760|2
761|46
762|12
763|28
764|20
765|9
766|19
767|24
768|49
769|13
770|15
771|18
772|36
773|7
774|30
775|41
776|7
777|47
778|18
779|48
780|47
781|29
782|6
783|30
784|12
785|21
786|41
787|10
788|22
789|36
790|24
791|44
792|49
793|27
794|44
795|17
796|49
797|45
798|4
799|21
800|14
801|23
802|4
803|47
804|17
805|49
806|33
807|27
808|1
809|4
810|14
811|30
812|0
813|40
814|33
815|42
816|6
817|34
818|43
819|29
820|8
821|22
822|35
823|16
824|43
825|28
826|35
827|46
828|1
829|9
830|38
831|19
832|27
833|12
834|23
835|2
836|44
837|39
838|10
839|44
840|41
841|13
842|47
843|31
844|47
845|33
846|31
847|4
848|27
849|45
850|20
851|10
852|49
853|4
854|28
855|32
856|24
857|17
858|21
859|38
860|0
861|25
862|44
863|31
864|13
865|19
866|24
867|18
868|9
869|19
870|40
871|48
872|37
873|16
874|39
875|45
876|48
877|16
878|5
879|26
880|29
881|22
882|18
883|10
884|36
885|33
886|27
887|34
888|30
889|19
890|48
891|34
892|28
893|22
894|45
895|27
896|44
897|37
898|25
899|47
900|10
901|7
902|46
903|41
904|4
905|1
906|17
907|49
908|28
909|31
910|35
911|47
912|41
913|46
914|27
915|16
916|43
917|46
918|21
919|6
920|6
921|31
922|11
923|21
924|20
925|13
926|40
927|47
928|49
929|22
930|30
931|22
932|35
933|12
934|27
935|23
936|20
937|0
938|27
939|31
940|12
941|23
942|48
943|24
944|33
945|49
946|41
947|41
948|18
949|22
950|40
951|33
952|2
953|4
954|40
955|14
956|25
957|41
958|46
959|25
960|19
961|46
962|47
963|38
964|23
965|33
966|24
967|35
968|47
969|36
970|36
971|44
972|12
973|36
974|34
975|6
976|1
977|31
978|34
979|19
980|5
981|12
982|41
983|7
984|19
985|19
986|16
987|29
988|42
989|0
990|16
991|19
992|36
993|29
994|42
995|29
996|5
997|31
998|49
999|9
1000|28
1001|45
1002|30
1003|49
1004|12
1005|48
1006|5
1007|18
1008|22
1009|34
1010|6
1011|49
1012|10
1013|24
1014|45
1015|47
1016|35
1017|31
1018|25
1019|23
1020|9
1021|33
1022|34
1023|8
1024|26
1025|25
1026|43
1027|18
1028|2
1029|41
1030|14
1031|40
1032|6
1033|49
1034|5
1035|4
1036|23
1037|8
1038|8
1039|42
1040|48
1041|16
1042|22
1043|18
1044|45
1045|4
1046|31
1047|22
1048|14
1049|21
1050|23
1051|49
1052|22
1053|7
1054|13
1055|8
1056|21
1057|37
1058|6
1059|37
1060|16
1061|7
1062|20
1063|33
1064|39
1065|43
1066|8
1067|10
1068|24
1069|35
1070|33
1071|3
1072|2
1073|44
1074|13
1075|27
1076|13
1077|43
1078|38
1079|34
1080|8
1081|8
1082|27
1083|3
1084|6
1085|0
1086|15
1087|41
1088|6
1089|27
1090|17
1091|40
1092|17
1093|3
1094|2
1095|17
1096|5
1097|23
1098|21
1099|28
1100|13
1101|24
1102|30
1103|1
1104|12
1105|9
1106|19
1107|39
1108|15
1109|2
1110|13
1111|1
1112|9
1113|6
1114|33
1115|18
1116|14
1117|33
1118|11
1119|29
1120|19
1121|13
1122|25
1123|40
1124|30
1125|18
1126|7
1127|21
1128|13
1129|15
1130|39
1131|49
1132|13
1133|25
1134|8
1135|46
1136|4
1137|25
1138|35
1139|8
1140|8
1141|8
1142|21
1143|10
1144|14
1145|17
1146|26
1147|4
1148|26
1149|5
1150|37
1151|38
1152|26
1153|20
1154|16
1155|20
1156|13
1157|13
1158|35
1159|35
1160|21
1161|40
1162|1
1163|28
1164|29
1165|29
1166|42
1167|47
1168|5
1169|2
1170|14
1171|49
1172|28
1173|4
1174|5
1175|15
1176|38
1177|2
1178|15
1179|44
1180|42
1181|20
1182|14
1183|2
1184|19
1185|42
1186|41
1187|32
1188|45
1189|5
1190|31
1191|24
1192|45
1193|46
1194|49
1195|27
1196|7
1197|9
1198|37
1199|0
1200|48
1201|6
1202|24
1203|39
1204|23
1205|44
1206|12
1207|4
1208|30
1209|35
1210|8
1211|32
1212|3
1213|19
1214|34
1215|38
1216|26
1217|26
1218|8
1219|12
1220|45
1221|21
1222|30
1223|32
1224|24
1225|1
1226|13
1227|17
1228|1
1229|33
1230|20
1231|24
1232|33
1233|33
1234|34
1235|45
1236|48
1237|25
1238|9
1239|3
1240|8
1241|4
1242|17
1243|4
1244|8
1245|11
1246|2
1247|8
1248|45
1249|16
1250|46
1251|44
1252|47
1253|23
1254|27
1255|27
1256|25
1257|28
1258|1
1259|39
1260|42
1261|32
1262|45
1263|44
1264|2
1265|16
1266|46
1267|36
1268|49
1269|12
1270|9
1271|20
1272|31
1273|22
1274|40
1275|33
1276|33
1277|12
1278|38
1279|4
1280|41
1281|26
1282|11
1283|33
1284|26
1285|46
1286|2
1287|0
1288|16
1289|41
1290|27
1291|36
1292|5
1293|39
1294|5
1295|2
1296|12
1297|12
1298|24
1299|4
1300|49
1301|13
1302|13
1303|7
1304|22
1305|49
1306|41
1307|3
1308|25
1309|3
1310|47
1311|34
1312|26
1313|4
1314|39
1315|14
1316|10
1317|45
1318|29
1319|0
1320|25
1321|18
1322|49
1323|31
1324|32
1325|25
1326|10
1327|18
1328|19
1329|16
1330|24
1331|12
1332|39
1333|39
1334|32
1335|16
1336|22
1337|19
1338|46
1339|34
1340|49
1341|29
1342|42
1343|38
1344|32
1345|30
1346|40
1347|5
1348|0
1349|6
1350|35
1351|21
1352|47
1353|31
1354|23
1355|21
1356|16
1357|14
1358|11
1359|15
1360|8
1361|0
1362|44
1363|39
1364|31
1365|20
1366|0
1367|32
1368|24
1369|35
1370|35
1371|31
1372|7
1373|19
1374|36
1375|1
1376|38
1377|25
1378|9
1379|14
1380|24
1381|30
1382|0
1383|30
1384|20
1385|13
1386|3
1387|37
1388|25
1389|41
1390|20
1391|31
1392|11
1393|32
1394|44
1395|22
1396|30
1397|41
1398|46
1399|39
1400|17
1401|7
1402|4
1403|31
1404|31
1405|15
1406|38
1407|45
1408|28
1409|16
1410|11
1411|32
1412|7
1413|24
1414|40
1415|29
1416|26
1417|26
1418|17
1419|5
1420|41
1421|45
1422|30
1423|42
1424|30
1425|12
1426|44
1427|24
1428|42
1429|49
1430|20
1431|17
1432|34
1433|19
1434|35
1435|2
1436|32
1437|45
1438|13
1439|20
1440|2
1441|33
1442|16
1443|27
1444|16
1445|44
1446|49
1447|46
1448|11
1449|26
1450|11
1451|26
1452|46
1453|0
1454|35
1455|32
1456|22
1457|13
1458|14
1459|13
1460|29
1461|30
1462|37
1463|25
1464|18
1465|36
1466|7
1467|4
1468|9
1469|1
1470|6
1471|22
1472|33
1473|3
1474|20
1475|37
1476|27
1477|37
1478|9
1479|20
1480|3
1481|22
1482|33
1483|3
1484|10
1485|26
1486|0
1487|9
1488|40
1489|16
1490|18
1491|24
1492|26
1493|44
1494|37
1495|17
1496|14
1497|26
1498|37
1499|2
1500|44
1501|22
1502|22
1503|11
1504|48
1505|23
1506|2
1507|14
1508|7
1509|10
1510|29
1511|31
1512|14
1513|36
1514|48
1515|2
1516|37
1517|0
1518|25
1519|39
1520|28
1521|46
1522|4
1523|2
1524|16
1525|3
1526|11
1527|25
1528|48
1529|3
1530|19
1531|44
1532|44
1533|10
1534|26
1535|5
1536|38
1537|38
1538|17
1539|25
1540|28
1541|19
1542|35
1543|35
1544|24
1545|45
1546|16
1547|46
1548|21
1549|44
1550|3
1551|3
1552|22
1553|21
1554|6
1555|4
1556|24
1557|19
1558|16
1559|1
1560|41
1561|6
1562|14
1563|24
1564|6
1565|7
1566|34
1567|23
1568|32
1569|42
1570|45
1571|14
1572|0
1573|7
1574|31
1575|24
1576|19
1577|45
1578|12
1579|41
1580|26
1581|4
1582|49
1583|35
1584|17
1585|43
1586|32
1587|37
1588|48
1589|34
1590|49
1591|17
1592|21
1593|9
1594|16
1595|41
1596|0
1597|20
1598|45
1599|21
1600|20
1601|33
1602|9
1603|8
1604|28
1605|9
1606|44
1607|2
1608|29
1609|30
1610|30
1611|41
1612|12
1613|2
1614|46
1615|39
1616|25
1617|48
1618|32
1619|26
1620|36
1621|13
1622|39
1623|7
1624|4
1625|22
1626|7
1627|11
1628|14
1629|48
1630|5
1631|39
1632|34
1633|7
1634|44
1635|28
1636|25
1637|41
1638|8
1639|41
1640|32
1641|48
1642|49
1643|5
1644|28
1645|8
1646|21
1647|21
1648|42
1649|6
1650|25
1651|47
1652|32
1653|36
1654|19
1655|47
1656|39
1657|15
1658|30
1659|27
1660|17
1661|44
1662|7
1663|22
1664|12
1665|29
1666|2
1667|17
1668|24
1669|22
1670|48
1671|41
1672|26
1673|29
1674|33
1675|28
1676|32
1677|12
1678|37
1679|9
1680|43
1681|32
1682|23
1683|27
1684|8
1685|49
1686|32
1687|9
1688|19
1689|43
1690|23
1691|17
1692|34
1693|3
1694|33
1695|9
1696|0
1697|8
1698|4
1699|3
1700|45
1701|21
1702|40
1703|21
1704|30
1705|22
1706|30
1707|6
1708|49
1709|8
1710|21
1711|38
1712|1
1713|21
1714|21
1715|1
1716|6
1717|27
1718|13
1719|42
1720|42
1721|22
1722|3
1723|42
1724|45
1725|21
1726|8
1727|10
1728|23
1729|5
1730|4
1731|27
1732|28
1733|48
1734|45
1735|27
1736|22
1737|23
1738|16
1739|8
1740|38
1741|48
1742|46
1743|20
1744|42
1745|32
1746|23
1747|6
1748|19
1749|21
1750|1
1751|3
1752|38
1753|40
1754|6
1755|9
1756|41
1757|18
1758|38
1759|32
1760|9
1761|38
1762|37
1763|29
1764|17
1765|2
1766|43
1767|11
1768|32
1769|9
1770|37
1771|3
1772|17
1773|0
1774|19
1775|43
1776|28
1777|29
1778|22
1779|17
1780|1
1781|9
1782|37
1783|9
1784|30
1785|48
1786|2
1787|6
1788|44
1789|11
1790|35
1791|33
1792|6
1793|18
1794|13
1795|29
1796|18
1797|30
1798|49
1799|26
1800|21
1801|48
1802|41
1803|42
1804|36
1805|27
1806|47
1807|21
1808|22
1809|6
1810|40
1811|20
1812|31
1813|16
1814|28
1815|10
1816|24
1817|18
1818|45
1819|20
1820|19
1821|38
1822|0
1823|27
1824|45
1825|28
1826|31
1827|13
1828|39
1829|37
1830|46
1831|40
1832|47
1833|34
1834|16
1835|24
1836|2
1837|12
1838|27
1839|8
1840|48
1841|45
1842|15
1843|40
1844|30
1845|17
1846|16
1847|23
1848|38
1849|30
1850|7
1851|8
1852|49
1853|21
1854|49
1855|3
1856|35
1857|44
1858|9
1859|33
1860|47
1861|1
1862|17
1863|32
1864|28
1865|38
1866|8
1867|40
1868|8
1869|17
1870|13
1871|10
1872|2
1873|39
1874|37
1875|42
1876|6
1877|35
1878|38
1879|18
1880|25
1881|31
1882|32
1883|17
1884|40
1885|34
1886|14
1887|23
1888|32
1889|0
1890|21
1891|44
1892|30
1893|0
1894|31
1895|33
1896|2
1897|26
1898|1
1899|4
1900|24
1901|35
1902|46
1903|26
1904|31
1905|11
1906|40
1907|39
1908|30
1909|30
1910|12
1911|9
1912|30
1913|39
1914|0
1915|2
1916|32
1917|24
1918|20
1919|12
1920|2
1921|32
1922|19
1923|18
1924|23
1925|28
1926|49
1927|21
1928|15
1929|18
1930|27
1931|31
1932|29
1933|12
1934|28
1935|32
1936|12
1937|44
1938|44
1939|34
1940|46
1941|35
1942|15
1943|12
1944|39
1945|32
1946|47
1947|34
1948|32
1949|32
1950|36
1951|17
1952|36
1953|24
1954|31
1955|36
1956|49
1957|0
1958|40
1959|0
1960|11
1961|42
1962|34
1963|30
1964|0
1965|27
1966|34
1967|22
1968|41
1969|40
1970|1
1971|6
1972|30
1973|31
1974|13
1975|47
1976|0
1977|5
1978|28
1979|22
1980|5
1981|5
1982|10
1983|7
1984|14
1985|31
1986|23
1987|7
1988|46
1989|24
1990|41
1991|27
1992|17
1993|31
1994|44
1995|48
1996|11
1997|47
1998|4
1999|34
2000|18
2001|19
2002|33
2003|35
2004|14
2005|24
2006|1
2007|8
2008|8
2009|30
2010|23
2011|10
2012|33
2013|9
2014|36
2015|35
2016|34
2017|8
2018|25
2019|28
2020|48
2021|48
2022|37
2023|36
2024|7
2025|25
2026|8
2027|44
2028|26
2029|23
2030|35
2031|46
2032|4
2033|39
2034|46
2035|26
2036|10
2037|49
2038|6
2039|32
2040|49
2041|39
2042|9
2043|1
2044|3
2045|7
2046|33
2047|11
2048|25
2049|11
2050|9
2051|48
2052|8
2053|19
2054|13
2055|7
2056|15
2057|6
2058|48
2059|3
2060|4
2061|11
2062|26
2063|13
2064|23
2065|29
2066|4
2067|10
2068|6
2069|35
2070|31
2071|39
2072|11
2073|1
2074|28
2075|44
2076|35
2077|10
2078|13
2079|8
2080|22
2081|7
2082|17
2083|45
2084|27
2085|36
2086|30
2087|28
2088|4
2089|1
2090|17
2091|21
2092|46
2093|8
2094|20
2095|7
2096|28
2097|27
2098|11
2099|3
2100|9
2101|48
2102|6
2103|5
2104|47
2105|4
2106|29
2107|11
2108|8
2109|4
2110|32
2111|4
2112|7
2113|13
2114|48
2115|2
2116|10
2117|2
2118|44
2119|47
2120|44
2121|0
2122|25
2123|49
2124|12
2125|37
2126|42
2127|2
2128|15
2129|25
2130|36
2131|48
2132|8
2133|39
2134|7
2135|23
2136|22
2137|20
2138|46
2139|21
2140|13
2141|2
2142|7
2143|17
2144|22
2145|16
2146|10
2147|30
2148|49
2149|14
2150|22
2151|32
2152|11
2153|5
2154|33
2155|48
2156|19
2157|8
2158|41
2159|30
2160|2
2161|46
2162|30
2163|49
2164|38
2165|33
2166|9
2167|42
2168|46
2169|5
2170|20
2171|16
2172|16
2173|21
2174|8
2175|19
2176|48
2177|6
2178|12
2179|12
2180|26
2181|12
2182|4
2183|7
2184|20
2185|47
2186|31
2187|46
2188|17
2189|30
2190|24
2191|3
2192|10
2193|2
2194|35
2195|1
2196|21
2197|48
2198|17
2199|32
2200|41
2201|11
2202|32
2203|35
2204|46
2205|31
2206|6
2207|46
2208|13
2209|31
2210|20
2211|27
2212|28
2213|23
2214|49
2215|3
2216|42
2217|16
2218|19
2219|23
2220|49
2221|36
2222|48
2223|30
2224|44
2225|31
2226|40
2227|48
2228|31
2229|25
2230|27
2231|46
2232|8
2233|26
2234|32
2235|26
2236|25
2237|29
2238|3
2239|5
2240|2
2241|1
2242|37
2243|7
2244|2
2245|46
2246|31
2247|40
2248|19
2249|28
2250|25
2251|32
2252|24
2253|38
2254|46
2255|39
2256|6
2257|6
2258|31
2259|4
2260|13
2261|49
2262|19
2263|12
2264|21
2265|42
2266|14
2267|29
2268|9
2269|44
2270|36
2271|46
2272|9
2273|25
2274|37
2275|25
2276|18
2277|35
2278|13
2279|6
2280|27
2281|46
2282|28
2283|9
2284|38
2285|5
2286|19
2287|42
2288|20
2289|19
2290|20
2291|6
2292|23
2293|43
2294|28
2295|28
2296|7
2297|12
2298|42
2299|25
2300|36
2301|0
2302|29
2303|43
2304|22
2305|43
2306|21
2307|0
2308|4
2309|46
2310|40
2311|28
2312|15
2313|42
2314|21
2315|17
2316|6
2317|6
2318|12
2319|15
2320|13
2321|4
2322|41
2323|40
2324|14
2325|37
2326|43
2327|43
2328|24
2329|43
2330|36
2331|12
2332|40
2333|24
2334|27
2335|9
2336|22
2337|45
2338|36
2339|41
2340|22
2341|46
2342|41
2343|9
2344|48
2345|4
2346|10
2347|13
2348|36
2349|5
2350|1
2351|8
2352|13
2353|30
2354|27
2355|47
2356|33
2357|44
2358|47
2359|17
2360|20
2361|16
2362|32
2363|6
2364|5
2365|13
2366|17
2367|43
2368|16
2369|40
2370|48
2371|19
2372|30
2373|15
2374|11
2375|17
2376|2
2377|46
2378|39
2379|27
2380|20
2381|25
2382|11
2383|38
2384|29
2385|21
2386|26
2387|29
2388|34
2389|23
2390|12
2391|44
2392|24
2393|45
2394|28
2395|14
2396|44
2397|32
2398|36
2399|17
2400|6
2401|44
2402|3
2403|20
2404|10
2405|11
2406|39
2407|19
2408|9
2409|13
2410|19
2411|4
2412|17
2413|31
2414|8
2415|41
2416|25
2417|5
2418|13
2419|39
2420|10
2421|34
2422|3
2423|6
2424|47
2425|14
2426|46
2427|23
2428|34
2429|37
2430|11
2431|16
2432|16
2433|33
2434|17
2435|21
2436|31
2437|34
2438|34
2439|19
2440|0
2441|17
2442|35
2443|38
2444|42
2445|2
2446|15
2447|17
2448|49
2449|40
2450|10
2451|18
2452|47
2453|34
2454|44
2455|37
2456|37
2457|9
2458|14
2459|25
2460|31
2461|20
2462|41
2463|38
2464|5
2465|14
2466|28
2467|47
2468|6
2469|6
2470|37
2471|16
2472|9
2473|46
2474|41
2475|33
2476|14
2477|46
2478|0
2479|40
2480|24
2481|19
2482|23
2483|12
2484|39
2485|34
2486|22
2487|5
2488|2
2489|22
2490|35
2491|2
2492|41
2493|23
2494|9
2495|15
2496|21
2497|7
2498|46
2499|11
2500|7
2501|5
2502|21
2503|40
2504|0
2505|49
2506|34
2507|27
2508|45
2509|42
2510|24
2511|0
2512|1
2513|2
2514|44
2515|4
2516|21
2517|12
2518|11
2519|34
2520|1
2521|48
2522|26
2523|37
2524|8
2525|49
2526|36
2527|45
2528|12
2529|42
2530|49
2531|32
2532|22
2533|35
2534|3
2535|48
2536|32
2537|20
2538|47
2539|18
2540|5
2541|33
2542|47
2543|19
2544|6
2545|27
2546|44
2547|9
2548|32
2549|17
2550|42
2551|1
2552|38
2553|45
2554|25
2555|8
2556|16
2557|8
2558|17
2559|29
2560|15
2561|24
2562|15
2563|24
2564|4
2565|36
2566|20
2567|49
2568|42
2569|40
2570|20
2571|37
2572|11
2573|39
2574|23
2575|42
2576|47
2577|41
2578|41
2579|42
2580|31
2581|20
2582|30
2583|30
2584|28
2585|25
2586|29
2587|39
2588|25
2589|30
2590|48
2591|41
2592|49
2593|17
2594|28
2595|28
2596|26
2597|20
2598|27
2599|43
2600|0
2601|3
2602|30
2603|24
2604|36
2605|23
2606|33
2607|7
2608|31
2609|18
2610|34
2611|32
2612|32
2613|1
2614|6
2615|39
2616|15
2617|13
2618|14
2619|40
2620|38
2621|18
2622|28
2623|37
2624|2
2625|23
2626|3
2627|13
2628|25
2629|25
2630|7
2631|26
2632|42
2633|35
2634|3
2635|10
2636|33
2637|32
2638|1
2639|32
2640|42
2641|4
2642|29
2643|45
2644|23
2645|31
2646|17
2647|14
2648|13
2649|49
2650|1
2651|2
2652|11
2653|7
2654|11
2655|3
2656|2
2657|8
2658|13
2659|8
2660|49
2661|27
2662|4
2663|31
2664|36
2665|34
2666|34
2667|2
2668|30
2669|30
2670|7
2671|47
2672|8
2673|30
2674|30
2675|18
2676|40
2677|5
2678|44
2679|6
2680|5
2681|42
2682|40
2683|33
2684|31
2685|12
2686|40
2687|39
2688|46
2689|13
2690|6
2691|14
2692|4
2693|0
2694|23
2695|17
2696|1
2697|18
2698|39
2699|9
2700|9
2701|22
2702|7
2703|24
2704|44
2705|12
2706|14
2707|15
2708|39
2709|7
2710|24
2711|35
2712|4
2713|10
2714|40
2715|48
2716|37
2717|34
2718|9
2719|34
2720|13
2721|4
2722|43
2723|2
2724|31
2725|42
2726|42
2727|38
2728|34
2729|10
2730|23
2731|30
2732|22
2733|3
2734|43
2735|18
2736|41
2737|28
2738|23
2739|48
2740|0
2741|22
2742|36
2743|37
2744|30
2745|19
2746|15
2747|4
2748|23
2749|11
2750|17
2751|30
2752|30
2753|9
2754|46
2755|15
2756|3
2757|39
2758|45
2759|41
2760|33
2761|34
2762|16
2763|1
2764|16
2765|7
2766|12
2767|45
2768|19
2769|13
2770|48
2771|19
2772|14
2773|49
2774|19
2775|38
2776|47
2777|36
2778|31
2779|40
2780|14
2781|27
2782|14
2783|26
2784|12
2785|9
2786|33
2787|43
2788|2
2789|12
2790|23
2791|18
2792|12
2793|31
2794|30
2795|17
2796|11
2797|37
2798|24
2799|19
2800|14
2801|47
2802|23
2803|20
2804|47
2805|46
2806|24
2807|22
2808|6
2809|29
2810|22
2811|44
2812|31
2813|5
2814|28
2815|7
2816|24
2817|2
2818|19
2819|31
2820|5
2821|39
2822|42
2823|36
2824|26
2825|11
2826|43
2827|35
2828|23
2829|24
2830|9
2831|46
2832|11
2833|2
2834|15
2835|0
2836|20
2837|20
2838|38
2839|8
2840|23
2841|4
2842|4
2843|49
2844|2
2845|14
2846|18
2847|36
2848|16
2849|12
2850|0
2851|44
2852|48
2853|4
2854|30
2855|33
2856|46
2857|4
2858|47
2859|30
2860|8
2861|46
2862|34
2863|6
2864|46
2865|40
2866|16
2867|15
2868|18
2869|20
2870|3
2871|43
2872|38
2873|7
2874|7
2875|45
2876|19
2877|15
2878|34
2879|18
2880|14
2881|2
2882|21
2883|2
2884|21
2885|46
2886|22
2887|38
2888|32
2889|1
2890|18
2891|5
2892|45
2893|2
2894|0
2895|43
2896|35
2897|10
2898|36
2899|22
2900|45
2901|11
2902|44
2903|29
2904|14
2905|30
2906|43
2907|12
2908|23
2909|19
2910|44
2911|41
2912|38
2913|2
2914|36
2915|4
2916|22
2917|12
2918|41
2919|10
2920|48
2921|12
2922|8
2923|26
2924|22
2925|3
2926|10
2927|2
2928|49
2929|2
2930|9
2931|2
2932|16
2933|46
2934|45
2935|49
2936|38
2937|46
2938|20
2939|46
2940|39
2941|26
2942|11
2943|42
2944|42
2945|4
2946|23
2947|6
2948|33
2949|13
2950|20
2951|41
2952|46
2953|35
2954|1
2955|8
2956|32
2957|28
2958|12
2959|35
2960|7
2961|0
2962|25
2963|49
2964|11
2965|35
2966|47
2967|1
2968|28
2969|12
2970|22
2971|19
2972|45
2973|29
2974|40
2975|21
2976|22
2977|17
2978|48
2979|12
2980|34
2981|47
2982|26
2983|37
2984|31
2985|8
2986|2
2987|0
2988|23
2989|35
2990|11
2991|18
2992|19
2993|41
2994|0
2995|28
2996|2
2997|48
2998|30
2999|24
3000|16
