0|16
1|15
2|48
3|37
4|33
5|20
6|20
7|24
8|21
9|47
10|16
11|29
12|46
13|49
14|3
15|5
16|45
17|5
18|3
19|37
20|21
21|42
22|25
23|43
24|45
25|25
26|0
27|18
28|23
29|2
30|1
31|20
32|25
33|7
34|2
35|8
36|21
37|17
38|45
39|0
40|36
41|13
42|8
43|30
44|39
45|12
46|44
47|35
48|25
49|22
50|15
51|1
52|1
53|1
54|9
55|13
56|2
57|25
58|43
59|10
60|29
61|29
62|0
63|2
64|19
65|39
66|30
67|46
68|9
69|31
70|39
71|20
72|40
73|14
74|46
75|45
76|1
77|19
78|22
79|16
80|9
81|26
82|5
83|4
84|25
85|47
86|16
87|19
88|32
89|8
90|31
91|42
92|21
93|42
94|40
95|44
96|37
97|13
98|22
99|27
100|4
101|28
102|24
103|41
104|27
105|33
106|38
107|13
108|16
109|40
110|31
111|44
112|17
113|19
114|43
115|46
116|35
117|8
118|5
119|9
120|16
121|21
122|37
123|38
124|27
125|25
126|14
127|0
128|40
129|16
130|30
131|15
132|24
133|25
134|37
135|48
136|15
137|41
138|14
139|7
140|39
141|13
142|40
143|43
144|6
145|6
146|38
147|1
148|12
149|38
150|29
151|19
152|0
153|33
154|37
155|29
156|11
157|4
158|2
159|4
160|10
161|6
162|16
163|26
164|31
165|18
166|33
167|19
168|16
169|32
170|33
171|13
172|37
173|16
174|29
175|16
176|44
177|23
178|47
179|18
180|14
181|10
182|16
183|15
184|29
185|7
186|47
187|1
188|4
189|31
190|33
191|11
192|32
193|25
194|5
195|19
196|17
197|39
198|25
199|41
200|44
201|49
202|49
203|39
204|7
205|19
206|20
207|8
208|2
209|8
210|16
211|29
212|31
213|35
214|17
215|28
216|40
217|36
218|49
219|40
220|18
221|46
222|3
223|28
224|37
225|46
226|33
227|13
228|46
229|48
230|22
231|42
232|9
233|16
234|6
235|8
236|8
237|19
238|6
239|45
240|35
241|5
242|38
243|22
244|48
245|19
246|43
247|49
248|17
249|37
250|13
251|27
252|39
253|46
254|14
255|30
256|31
257|29
258|44
259|38
260|36
261|23
262|4
263|32
264|13
265|29
266|41
267|1
268|17
269|45
270|35
271|29
272|11
273|2
274|22
275|39
276|41
277|24
278|23
279|6
280|35
281|27
282|19
283|31
284|12
285|44
286|11
287|25
288|28
289|13
290|4
291|24
292|20
293|18
294|36
295|48
296|36
297|43
298|42
299|24
300|33
301|31
302|26
303|4
304|49
305|12
306|18
307|46
308|6
309|1
310|2
311|1
312|37
313|3
314|27
315|10
316|29
317|36
318|35
319|37
320|3
321|19
322|40
323|8
324|25
325|7
326|37
327|13
328|18
329|28
330|2
331|27
332|28
333|24
334|45
335|28
336|44
337|27
338|19
339|1
340|46
341|17
342|4
343|35
344|33
345|6
346|16
347|48
348|26
349|41
350|40
351|31
352|42
353|38
354|8
355|38
356|31
357|42
358|18
359|8
360|27
361|18
362|5
363|44
364|42
365|24
366|37
367|37
368|3
369|23
370|13
371|32
372|25
373|36
374|42
375|37
376|40
377|26
378|7
379|8
380|38
381|9
382|9
383|0
384|31
385|41
386|39
387|0
388|20
389|6
390|32
391|39
392|23
393|12
394|35
395|32
396|42
397|8
398|31
399|36
400|27
401|45
402|7
403|28
404|37
405|14
406|34
407|34
408|39
409|4
410|49
411|28
412|3
413|7
414|49
415|37
416|10
417|1
418|48
419|21
420|36
421|7
422|7
423|40
424|24
425|3
426|38
427|2
428|26
429|38
430|13
431|42
432|28
433|28
434|12
435|12
436|38
437|9
438|24
439|22
440|32
441|32
442|16
443|9
444|13
445|17
446|23
447|42
448|1
449|11
450|45
451|16
452|29
453|10
454|22
455|1
456|2
457|26
458|31
459|26
460|17
461|5
462|44
463|17
464|24
465|47
466|41
467|23
468|49
469|0
470|8
471|35
472|10
473|23
474|39
475|24
476|49
477|12
478|12
479|1
480|34
481|46
482|34
483|9
484|30
485|21
486|23
487|38
488|29
489|48
490|40
491|28
492|21
493|39
494|17
495|37
496|10
497|20
498|18
499|12
500|14
501|37
502|8
503|4
504|8
505|13
506|46
507|4
508|27
509|42
510|29
511|35
512|43
513|29
514|36
515|38
516|2
517|19
518|32
519|3
520|19
521|28
522|16
523|41
524|40
525|36
526|21
527|7
528|33
529|28
530|14
531|34
532|31
533|28
534|11
535|22
536|8
537|49
538|25
539|38
540|37
541|7
542|38
543|48
544|24
545|45
546|37
547|32
548|5
549|48
550|45
551|15
552|3
553|17
554|41
555|13
556|11
557|24
558|47
559|12
560|26
561|38
562|19
563|11
564|1
565|22
566|47
567|49
568|37
569|35
570|14
571|25
572|20
573|31
574|4
575|31
576|1
577|3
578|3
579|42
580|17
581|5
582|34
583|30
584|10
585|30
586|15
587|32
588|19
589|5
590|49
591|15
592|34
593|49
594|11
595|25
596|26
597|31
598|47
599|24
600|36
601|15
602|49
603|14
604|46
605|24
606|20
607|17
608|1
609|42
610|46
611|24
612|8
613|39
614|14
615|5
616|28
617|0
618|9
619|21
620|9
621|45
622|46
623|34
624|29
625|34
626|8
627|13
628|46
629|26
630|12
631|5
632|20
633|30
634|34
635|4
636|1
637|0
638|29
639|34
640|5
641|45
642|34
643|32
644|48
645|22
646|33
647|33
648|22
649|13
650|31
651|25
652|20
653|30
654|18
655|27
656|4
657|10
658|12
659|2
660|18
661|47
662|38
663|36
664|12
665|49
666|42
667|44
668|44
669|31
670|28
671|27
672|41
673|48
674|2
675|13
676|48
677|26
678|32
679|28
680|32
681|16
682|43
683|42
684|19
685|10
686|15
687|5
688|32
689|1
690|30
691|40
692|20
693|28
694|2
695|23
696|10
697|15
698|23
699|28
700|31
701|5
702|7
703|12
704|8
705|30
706|24
707|19
708|18
709|41
710|4
711|23
712|25
713|25
714|35
715|30
716|41
717|37
718|1
719|39
720|1
721|33
722|12
723|15
724|28
725|41
726|32
727|46
728|28
729|5
730|37
731|41
732|36
733|14
734|27
735|6
736|0
737|43
738|23
739|14
740|20
741|46
742|48
743|22
744|32
745|37
746|5
747|18
748|44
749|19
750|48
751|5
752|29
753|12
754|34
755|28
756|45
757|34
758|2
759|33
760|35
761|10
762|2
763|16
764|49
765|14
766|21
767|35
768|36
769|46
770|44
771|39
772|29
773|36
774|3
775|35
776|32
777|38
778|9
779|32
780|26
781|16
782|31
783|33
784|45
785|2
786|16
787|3
788|1
789|13
790|15
791|13
792|48
793|33
794|26
795|22
796|41
797|2
798|6
799|26
800|35
801|15
802|16
803|41
804|33
805|0
806|35
807|32
808|30
809|33
810|45
811|29
812|34
813|29
814|18
815|24
816|5
817|14
818|36
819|40
820|14
821|12
822|12
823|39
824|38
825|0
826|38
827|14
828|14
829|4
830|43
831|18
832|48
833|39
834|26
835|2
836|10
837|49
838|17
839|45
840|28
841|17
842|20
843|16
844|7
845|42
846|14
847|37
848|25
849|17
850|23
851|20
852|20
853|45
854|49
855|26
856|39
857|41
858|4
859|45
860|2
861|11
862|18
863|9
864|11
865|29
866|34
867|28
868|25
869|49
870|38
871|10
872|34
873|9
874|2
875|41
876|49
877|34
878|40
879|29
880|35
881|46
882|49
883|40
884|30
885|14
886|25
887|26
888|46
889|1
890|4
891|44
892|20
893|1
894|40
895|28
896|9
897|0
898|47
899|35
900|12
901|44
902|14
903|20
904|17
905|36
906|43
907|42
908|45
909|47
910|25
911|26
912|17
913|29
914|42
915|12
916|17
917|32
918|17
919|13
920|2
921|39
922|42
923|30
924|42
925|15
926|28
927|39
928|47
929|37
930|45
931|10
932|41
933|6
934|38
935|40
936|18
937|27
938|4
939|17
940|0
941|2
942|34
943|12
944|13
945|18
946|18
947|34
948|4
949|7
950|2
951|38
952|15
953|22
954|4
955|8
956|12
957|17
958|31
959|12
960|37
961|17
962|44
963|10
964|33
965|4
966|20
967|37
968|28
969|3
970|46
971|45
972|9
973|31
974|49
975|8
976|7
977|0
978|13
979|17
980|5
981|4
982|23
983|18
984|28
985|24
986|7
987|18
988|5
989|12
990|34
991|40
992|40
993|27
994|29
995|25
996|42
997|4
998|21
999|7
1000|32
1001|29
1002|1
1003|36
1004|30
1005|19
1006|5
1007|47
1008|25
1009|43
1010|37
1011|11
1012|26
1013|1
1014|3
1015|41
1016|24
1017|44
1018|9
1019|31
1020|23
1021|7
1022|10
1023|20
1024|37
1025|40
1026|26
1027|3
1028|34
1029|49
1030|25
1031|26
1032|36
1033|24
1034|46
1035|22
1036|23
1037|1
1038|1
1039|46
1040|29
1041|18
1042|41
1043|9
1044|27
1045|29
1046|20
1047|39
1048|48
1049|44
1050|26
1051|9
1052|20
1053|8
1054|37
1055|17
1056|38
1057|9
1058|26
1059|17
1060|8
1061|9
1062|10
1063|43
1064|39
1065|17
1066|33
1067|33
1068|28
1069|7
1070|38
1071|5
1072|13
1073|40
1074|47
1075|15
1076|23
1077|8
1078|41
1079|39
1080|18
1081|2
1082|2
1083|38
1084|17
1085|23
1086|20
1087|9
1088|28
1089|11
1090|14
1091|8
1092|42
1093|17
1094|3
1095|8
1096|46
1097|11
1098|22
1099|19
1100|26
1101|47
1102|37
1103|14
1104|29
1105|41
1106|39
1107|31
1108|15
1109|15
1110|37
1111|30
1112|13
1113|27
1114|9
1115|1
1116|34
1117|8
1118|34
1119|6
1120|44
1121|37
1122|44
1123|14
1124|12
1125|19
1126|26
1127|32
1128|31
1129|7
1130|34
1131|44
1132|39
1133|1
1134|6
1135|29
1136|6
1137|49
1138|27
1139|14
1140|22
1141|3
1142|45
1143|10
1144|48
1145|3
1146|46
1147|6
1148|45
1149|11
1150|15
1151|48
1152|4
1153|14
1154|22
1155|17
1156|47
1157|11
1158|40
1159|20
1160|32
1161|28
1162|41
1163|41
1164|7
1165|27
1166|8
1167|15
1168|16
1169|25
1170|47
1171|9
1172|42
1173|38
1174|26
1175|6
1176|23
1177|46
1178|45
1179|4
1180|48
1181|42
1182|25
1183|37
1184|9
1185|13
1186|35
1187|5
1188|1
1189|1
1190|27
1191|20
1192|6
1193|46
1194|38
1195|24
1196|3
1197|27
1198|30
1199|47
1200|31
1201|8
1202|24
1203|38
1204|19
1205|6
1206|38
1207|45
1208|4
1209|19
1210|48
1211|30
1212|20
1213|29
1214|1
1215|37
1216|34
1217|16
1218|27
1219|7
1220|18
1221|47
1222|17
1223|19
1224|1
1225|18
1226|46
1227|19
1228|23
1229|7
1230|45
1231|44
1232|48
1233|43
1234|42
1235|13
1236|29
1237|19
1238|10
1239|29
1240|36
1241|33
1242|9
1243|10
1244|19
1245|20
1246|15
1247|15
1248|10
1249|2
1250|36
1251|38
1252|0
1253|11
1254|0
1255|1
1256|5
1257|26
1258|48
1259|9
1260|33
1261|14
1262|18
1263|45
1264|2
1265|37
1266|21
1267|29
1268|26
1269|11
1270|20
1271|10
1272|33
1273|41
1274|6
1275|6
1276|45
1277|27
1278|26
1279|45
1280|49
1281|38
1282|24
1283|44
1284|34
1285|19
1286|31
1287|28
1288|6
1289|19
1290|9
1291|34
1292|20
1293|13
1294|23
1295|26
1296|21
1297|49
1298|29
1299|2
1300|15
1301|20
1302|20
1303|43
1304|11
1305|26
1306|29
1307|22
1308|27
1309|25
1310|9
1311|6
1312|32
1313|45
1314|15
1315|41
1316|14
1317|9
1318|34
1319|3
1320|18
1321|23
1322|21
1323|8
1324|40
1325|46
1326|47
1327|15
1328|4
1329|40
1330|34
1331|5
1332|14
1333|2
1334|26
1335|9
1336|34
1337|40
1338|41
1339|5
1340|17
1341|32
1342|41
1343|49
1344|16
1345|37
1346|21
1347|44
1348|22
1349|39
1350|40
1351|31
1352|37
1353|27
1354|41
1355|7
1356|15
1357|10
1358|43
1359|24
1360|18
1361|20
1362|38
1363|44
1364|29
1365|3
1366|8
1367|16
1368|2
1369|2
1370|8
1371|46
1372|43
1373|7
1374|37
1375|42
1376|1
1377|45
1378|35
1379|21
1380|5
1381|1
1382|22
1383|45
1384|45
1385|8
1386|9
1387|3
1388|32
1389|45
1390|34
1391|12
1392|24
1393|19
1394|2
1395|31
1396|31
1397|1
1398|31
1399|22
1400|15
1401|44
1402|28
1403|35
1404|26
1405|8
1406|15
1407|0
1408|2
1409|45
1410|17
1411|14
1412|13
1413|23
1414|13
1415|33
1416|6
1417|31
1418|29
1419|18
1420|5
1421|24
1422|11
1423|38
1424|29
1425|26
1426|26
1427|49
1428|3
1429|1
1430|5
1431|16
1432|24
1433|43
1434|23
1435|8
1436|30
1437|44
1438|8
1439|33
1440|46
1441|28
1442|29
1443|19
1444|28
1445|38
1446|23
1447|45
1448|16
1449|39
1450|21
1451|2
1452|2
1453|3
1454|38
1455|17
1456|1
1457|7
1458|30
1459|10
1460|19
1461|6
1462|31
1463|43
1464|6
1465|36
1466|3
1467|3
1468|29
1469|15
1470|33
1471|37
1472|17
1473|27
1474|23
1475|26
1476|7
1477|44
1478|1
1479|33
1480|15
1481|47
1482|10
1483|4
1484|17
1485|39
1486|38
1487|41
1488|26
1489|25
1490|13
1491|9
1492|6
1493|48
1494|18
1495|30
1496|17
1497|1
1498|33
1499|11
1500|38
