0|45
1|38
2|24
3|48
4|21
5|5
6|20
7|9
8|43
9|48
10|28
11|43
12|30
13|4
14|5
15|40
16|44
17|11
18|21
19|40
20|38
21|0
22|30
23|42
24|20
25|25
26|21
27|3
28|38
29|24
30|41
31|8
32|10
33|13
34|34
35|16
36|34
37|21
38|25
39|31
40|13
41|20
42|19
43|12
44|8
45|27
46|11
47|12
48|5
49|27
50|34
51|40
52|22
53|41
54|4
55|4
56|38
57|44
58|16
59|36
60|45
61|25
62|0
63|39
64|37
65|12
66|30
67|20
68|45
69|17
70|23
71|29
72|39
73|20
74|17
75|41
76|19
77|31
78|0
79|15
80|42
81|14
82|47
83|22
84|4
85|12
86|34
87|3
88|46
89|30
90|26
91|28
92|18
93|40
94|36
95|13
96|15
97|20
98|13
99|41
100|48
101|9
102|16
103|29
104|8
105|17
106|11
107|34
108|20
109|27
110|6
111|16
112|42
113|9
114|9
115|36
116|28
117|11
118|39
119|33
120|20
121|3
122|5
123|2
124|49
125|8
126|23
127|44
128|8
129|37
130|37
131|30
132|5
133|13
134|48
135|43
136|12
137|2
138|49
139|18
140|12
141|3
142|45
143|37
144|46
145|5
146|37
147|25
148|24
149|43
150|40
151|48
152|46
153|44
154|10
155|38
156|37
157|13
158|35
159|20
160|2
161|0
162|5
163|35
164|1
165|36
166|45
167|24
168|4
169|8
170|6
171|6
172|29
173|27
174|35
175|23
176|10
177|34
178|43
179|20
180|17
181|0
182|13
183|17
184|5
185|48
186|44
187|2
188|30
189|17
190|40
191|14
192|34
193|30
194|8
195|16
196|14
197|21
198|32
199|40
200|36
201|35
202|28
203|9
204|28
205|35
206|12
207|12
208|7
209|42
210|0
211|34
212|47
213|39
214|6
215|17
216|42
217|13
218|27
219|19
220|48
221|47
222|33
223|28
224|17
225|40
226|14
227|24
228|34
229|16
230|7
231|24
232|10
233|17
234|11
235|27
236|16
237|26
238|35
239|3
240|38
241|15
242|1
243|5
244|30
245|44
246|47
247|8
248|49
249|9
250|10
251|13
252|43
253|20
254|47
255|27
256|19
257|11
258|48
259|17
260|25
261|15
262|44
263|34
264|37
265|45
266|43
267|41
268|39
269|7
270|3
271|14
272|28
273|27
274|0
275|25
276|32
277|3
278|18
279|5
280|9
281|37
282|44
283|42
284|33
285|2
286|45
287|46
288|37
289|29
290|1
291|7
292|15
293|7
294|38
295|8
296|44
297|26
298|3
299|47
300|36
301|34
302|42
303|44
304|46
305|18
306|32
307|40
308|25
309|37
310|22
311|9
312|9
313|18
314|27
315|47
316|27
317|47
318|5
319|35
320|16
321|42
322|1
323|17
324|32
325|12
326|41
327|21
328|37
329|42
330|22
331|30
332|18
333|0
334|24
335|22
336|17
337|39
338|2
339|20
340|14
341|45
342|42
343|6
344|28
345|12
346|6
347|47
348|41
349|36
350|25
351|45
352|27
353|32
354|1
355|31
356|27
357|17
358|38
359|9
360|16
361|15
362|35
363|34
364|21
365|43
366|43
367|0
368|23
369|7
370|1
371|16
372|9
373|35
374|34
375|31
376|21
377|44
378|16
379|48
380|5
381|1
382|31
383|25
384|25
385|6
386|26
387|40
388|36
389|40
390|11
391|13
392|49
393|4
394|0
395|8
396|21
397|25
398|29
399|4
400|33
401|32
402|37
403|23
404|40
405|47
406|39
407|20
408|49
409|23
410|18
411|41
412|15
413|33
414|2
415|31
416|21
417|44
418|2
419|3
420|23
421|17
422|48
423|30
424|47
425|14
426|15
427|34
428|24
429|35
430|17
431|20
432|24
433|46
434|26
435|22
436|25
437|34
438|20
439|37
440|45
441|47
442|20
443|30
444|8
445|28
446|32
447|41
448|41
449|23
450|40
451|19
452|26
453|3
454|33
455|20
456|41
457|35
458|1
459|42
460|16
461|28
462|43
463|26
464|24
465|34
466|31
467|6
468|4
469|48
470|38
471|22
472|25
473|46
474|47
475|40
476|14
477|20
478|31
479|21
480|46
481|0
482|25
483|11
484|25
485|31
486|44
487|8
488|23
489|6
490|32
491|15
492|0
493|28
494|18
495|22
496|15
497|15
498|41
499|20
500|2
501|42
502|37
503|33
504|36
505|49
506|12
507|48
508|4
509|10
510|16
511|19
512|29
513|13
514|48
515|18
516|15
517|21
518|10
519|11
520|19
521|36
522|20
523|20
524|36
525|7
526|12
527|10
528|42
529|30
530|31
531|22
532|13
533|22
534|37
535|32
536|1
537|41
538|17
539|3
540|49
541|23
542|7
543|40
544|35
545|48
546|45
547|9
548|0
549|19
550|48
551|7
552|46
553|13
554|13
555|10
556|16
557|48
558|23
559|11
560|39
561|31
562|12
563|25
564|13
565|44
566|14
567|39
568|4
569|8
570|1
571|17
572|46
573|3
574|0
575|47
576|1
577|26
578|18
579|27
580|44
581|38
582|0
583|8
584|48
585|33
586|43
587|14
588|38
589|27
590|2
591|24
592|3
593|32
594|14
595|11
596|0
597|41
598|45
599|24
600|15
601|15
602|37
603|49
604|38
605|2
606|30
607|24
608|29
609|42
610|31
611|1
612|45
613|42
614|44
615|2
616|5
617|33
618|32
619|22
620|21
621|16
622|7
623|7
624|45
625|46
626|16
627|16
628|10
629|40
630|9
631|7
632|9
633|11
634|17
635|2
636|33
637|7
638|7
639|24
640|12
641|38
642|37
643|0
644|1
645|25
646|18
647|45
648|24
649|28
650|46
651|40
652|31
653|24
654|34
655|13
656|38
657|42
658|45
659|37
660|5
661|37
662|15
663|10
664|20
665|32
666|32
667|11
668|14
669|46
670|1
671|46
672|5
673|27
674|4
675|13
676|29
677|26
678|8
679|44
680|11
681|34
682|23
683|43
684|21
685|42
686|7
687|3
688|28
689|40
690|35
691|22
692|45
693|34
694|29
695|5
696|0
697|26
698|41
699|10
700|23
701|32
702|37
703|24
704|7
705|0
706|6
707|34
708|47
709|2
710|1
711|22
712|21
713|47
714|41
715|34
716|46
717|44
718|48
719|49
720|18
721|38
722|3
723|25
724|21
725|28
726|48
727|28
728|7
729|20
730|38
731|29
732|14
733|17
734|11
735|43
736|15
737|17
738|46
739|3
740|14
741|39
742|3
743|27
744|36
745|22
746|34
747|46
748|13
749|28
750|20
751|16
752|32
753|43
754|16
755|27
756|37
757|11
758|23
759|21
760|34
761|19
762|16
763|13
764|15
765|43
766|45
767|1
768|2
769|10
770|33
771|27
772|1
773|41
774|29
775|36
776|25
777|22
778|46
779|43
780|13
781|14
782|28
783|12
784|32
785|16
786|14
787|13
788|45
789|13
790|8
791|5
792|47
793|43
794|10
795|35
796|1
797|27
798|13
799|6
800|26
801|6
802|26
803|40
804|7
805|45
806|39
807|24
808|25
809|14
810|5
811|34
812|12
813|41
814|8
815|11
816|4
817|9
818|32
819|22
820|22
821|27
822|21
823|20
824|39
825|37
826|48
827|16
828|10
829|43
830|30
831|27
832|0
833|48
834|42
835|37
836|3
837|48
838|15
839|19
840|16
841|4
842|20
843|25
844|35
845|12
846|22
847|1
848|39
849|13
850|5
851|25
852|8
853|16
854|4
855|11
856|3
857|35
858|35
859|15
860|33
861|16
862|36
863|38
864|43
865|12
866|3
867|11
868|19
869|1
870|36
871|32
872|9
873|26
874|40
875|27
876|44
877|45
878|44
879|37
880|41
881|5
882|15
883|31
884|40
885|34
886|45
887|16
888|10
889|38
890|44
891|44
892|43
893|49
894|49
895|12
896|45
897|6
898|45
899|14
900|24
901|31
902|11
903|43
904|26
905|26
906|47
907|22
908|1
909|16
910|46
911|37
912|26
913|49
914|15
915|49
916|40
917|11
918|31
919|2
920|32
921|47
922|25
923|17
924|9
925|36
926|26
927|31
928|24
929|19
930|11
931|15
932|38
933|27
934|9
935|24
936|45
937|30
938|28
939|11
940|40
941|2
942|17
943|24
944|13
945|9
946|4
947|49
948|0
949|34
950|34
951|13
952|46
953|6
954|39
955|39
956|32
957|5
958|27
959|17
960|23
961|2
962|19
963|26
964|38
965|33
966|11
967|31
968|46
969|46
970|43
971|27
972|30
973|40
974|45
975|12
976|25
977|46
978|20
979|20
980|28
981|45
982|19
983|5
984|28
985|7
986|5
987|47
988|16
989|14
990|46
991|36
992|22
993|48
994|37
995|40
996|2
997|39
998|12
999|24
1000|7
1001|7
1002|31
1003|3
1004|25
1005|14
1006|42
1007|42
1008|18
1009|37
1010|44
1011|32
1012|19
1013|30
1014|26
1015|0
1016|12
1017|9
1018|12
1019|24
1020|30
1021|24
1022|40
1023|8
1024|28
1025|49
1026|13
1027|26
1028|29
1029|7
1030|29
1031|30
1032|5
1033|23
1034|19
1035|30
1036|13
1037|12
1038|5
1039|0
1040|48
1041|41
1042|15
1043|34
1044|15
1045|28
1046|49
1047|25
1048|3
1049|47
1050|17
1051|42
1052|44
1053|14
1054|29
1055|18
1056|32
1057|19
1058|46
1059|43
1060|18
1061|41
1062|49
1063|43
1064|34
1065|25
1066|24
1067|3
1068|18
1069|14
1070|34
1071|13
1072|5
1073|8
1074|8
1075|16
1076|33
1077|2
1078|9
1079|15
1080|20
1081|33
1082|32
1083|34
1084|48
1085|30
1086|1
1087|44
1088|47
1089|29
1090|3
1091|0
1092|25
1093|21
1094|39
1095|13
1096|5
1097|0
1098|18
1099|19
1100|32
1101|43
1102|44
1103|43
1104|30
1105|16
1106|23
1107|9
1108|18
1109|38
1110|38
1111|11
1112|47
1113|32
1114|5
1115|48
1116|7
1117|22
1118|17
1119|45
1120|3
1121|2
1122|11
1123|46
1124|0
1125|35
1126|29
1127|22
1128|19
1129|34
1130|10
1131|3
1132|4
1133|26
1134|13
1135|18
1136|46
1137|34
1138|29
1139|37
1140|21
1141|38
1142|22
1143|12
1144|3
1145|22
1146|3
1147|38
1148|43
1149|26
1150|29
1151|43
1152|45
1153|39
1154|10
1155|8
1156|29
1157|20
1158|31
1159|11
1160|29
1161|41
1162|3
1163|44
1164|20
1165|19
1166|1
1167|34
1168|49
1169|6
1170|43
1171|17
1172|12
1173|35
1174|23
1175|34
1176|37
1177|6
1178|27
1179|17
1180|1
1181|27
1182|27
1183|28
1184|12
1185|46
1186|33
1187|42
1188|4
1189|30
1190|13
1191|32
1192|22
1193|6
1194|45
1195|9
1196|17
1197|28
1198|30
1199|24
1200|23
1201|31
1202|39
1203|11
1204|6
1205|41
1206|35
1207|7
1208|22
1209|29
1210|28
1211|3
1212|2
1213|6
1214|3
1215|11
1216|31
1217|43
1218|33
1219|3
1220|34
1221|5
1222|6
1223|47
1224|40
1225|48
1226|5
1227|49
1228|14
1229|44
1230|48
1231|32
1232|33
1233|48
1234|42
1235|20
1236|23
1237|35
1238|15
1239|35
1240|27
1241|11
1242|11
1243|2
1244|24
1245|37
1246|20
1247|38
1248|49
1249|15
1250|44
1251|13
1252|47
1253|34
1254|49
1255|8
1256|20
1257|8
1258|22
1259|20
1260|18
1261|2
1262|8
1263|47
1264|29
1265|27
1266|27
1267|37
1268|27
1269|18
1270|36
1271|15
1272|15
1273|34
1274|40
1275|47
1276|11
1277|7
1278|49
1279|18
1280|18
1281|49
1282|7
1283|3
1284|25
1285|10
1286|21
1287|47
1288|23
1289|18
1290|47
1291|5
1292|34
1293|18
1294|13
1295|14
1296|0
1297|3
1298|28
1299|33
1300|34
1301|11
1302|24
1303|26
1304|30
1305|47
1306|17
1307|43
1308|24
1309|40
1310|47
1311|4
1312|21
1313|37
1314|37
1315|13
1316|30
1317|35
1318|30
1319|23
1320|23
1321|20
1322|16
1323|28
1324|16
1325|4
1326|43
1327|37
1328|43
1329|37
1330|8
1331|9
1332|42
1333|25
1334|17
1335|20
1336|31
1337|21
1338|35
1339|17
1340|19
1341|38
1342|24
1343|18
1344|5
1345|27
1346|44
1347|40
1348|21
1349|11
1350|16
1351|42
1352|11
1353|35
1354|29
1355|14
1356|15
1357|2
1358|2
1359|5
1360|2
1361|41
1362|2
1363|32
1364|1
1365|31
1366|19
1367|8
1368|23
1369|16
1370|44
1371|28
1372|48
1373|34
1374|31
1375|19
1376|5
1377|10
1378|3
1379|16
1380|14
1381|24
1382|19
1383|33
1384|33
1385|26
1386|47
1387|29
1388|25
1389|45
1390|24
1391|39
1392|48
1393|7
1394|2
1395|33
1396|2
1397|30
1398|46
1399|46
1400|11
1401|21
1402|28
1403|21
1404|17
1405|10
1406|37
1407|40
1408|22
1409|9
1410|19
1411|40
1412|6
1413|33
1414|18
1415|4
1416|44
1417|7
1418|46
1419|30
1420|10
1421|6
1422|11
1423|35
1424|38
1425|36
1426|27
1427|38
1428|39
1429|39
1430|39
1431|44
1432|16
1433|21
1434|21
1435|49
1436|0
1437|19
1438|48
1439|11
1440|33
1441|40
1442|46
1443|18
1444|24
1445|45
1446|21
1447|42
1448|24
1449|10
1450|6
1451|40
1452|43
1453|43
1454|48
1455|15
1456|23
1457|15
1458|30
1459|14
1460|44
1461|29
1462|28
1463|41
1464|26
1465|16
1466|12
1467|36
1468|47
1469|37
1470|0
1471|26
1472|30
1473|42
1474|49
1475|11
1476|37
1477|28
1478|44
1479|33
1480|26
1481|31
1482|25
1483|30
1484|39
1485|2
1486|21
1487|19
1488|20
1489|22
1490|42
1491|1
1492|12
1493|18
1494|33
1495|17
1496|32
1497|12
1498|48
1499|5
1500|23
1501|4
1502|34
1503|21
1504|18
1505|8
1506|31
1507|10
1508|8
1509|36
1510|30
1511|13
1512|49
1513|34
1514|32
1515|31
1516|6
1517|21
1518|25
1519|35
1520|45
1521|38
1522|13
1523|4
1524|38
1525|31
1526|47
1527|29
1528|7
1529|2
1530|34
1531|8
1532|40
1533|47
1534|15
1535|14
1536|48
1537|6
1538|35
1539|2
1540|49
1541|8
1542|47
1543|6
1544|1
1545|1
1546|10
1547|2
1548|31
1549|23
1550|24
1551|37
1552|5
1553|17
1554|11
1555|18
1556|40
1557|42
1558|34
1559|19
1560|40
1561|27
1562|10
1563|12
1564|41
1565|13
1566|31
1567|48
1568|11
1569|36
1570|23
1571|8
1572|49
1573|23
1574|43
1575|6
1576|33
1577|39
1578|16
1579|24
1580|26
1581|31
1582|10
1583|7
1584|4
1585|17
1586|1
1587|18
1588|43
1589|9
1590|13
1591|13
1592|46
1593|21
1594|41
1595|39
1596|5
1597|6
1598|20
1599|40
1600|22
1601|41
1602|29
1603|41
1604|2
1605|0
1606|33
1607|39
1608|48
1609|3
1610|16
1611|8
1612|43
1613|3
1614|2
1615|12
1616|0
1617|8
1618|11
1619|36
1620|15
1621|23
1622|28
1623|27
1624|23
1625|9
1626|38
1627|2
1628|1
1629|36
1630|30
1631|4
1632|9
1633|34
1634|27
1635|0
1636|14
1637|26
1638|19
1639|27
1640|3
1641|5
1642|15
1643|9
1644|17
1645|42
1646|40
1647|13
1648|34
1649|16
1650|43
1651|47
1652|47
1653|3
1654|19
1655|13
1656|48
1657|0
1658|23
1659|13
1660|49
1661|48
1662|35
1663|1
1664|29
1665|47
1666|46
1667|0
1668|2
1669|2
1670|19
1671|28
1672|23
1673|43
1674|6
1675|34
1676|16
1677|2
1678|30
1679|42
1680|9
1681|41
1682|3
1683|38
1684|39
1685|23
1686|3
1687|28
1688|27
1689|16
1690|43
1691|40
1692|45
1693|46
1694|41
1695|36
1696|26
1697|43
1698|32
1699|0
1700|40
1701|16
1702|16
1703|28
1704|12
1705|40
1706|13
1707|46
1708|26
1709|27
1710|40
1711|0
1712|43
1713|7
1714|37
1715|48
1716|36
1717|49
1718|9
1719|36
1720|18
1721|5
1722|25
1723|4
1724|29
1725|31
1726|34
1727|27
1728|24
1729|33
1730|7
1731|46
1732|23
1733|15
1734|2
1735|11
1736|27
1737|19
1738|1
1739|37
1740|37
1741|18
1742|28
1743|15
1744|11
1745|32
1746|47
1747|32
1748|13
1749|42
1750|2
1751|16
1752|5
1753|28
1754|15
1755|5
1756|33
1757|19
1758|1
1759|7
1760|37
1761|41
1762|34
1763|21
1764|44
1765|15
1766|29
1767|31
1768|41
1769|45
1770|21
1771|19
1772|21
1773|23
1774|27
1775|40
1776|24
1777|42
1778|35
1779|43
1780|14
1781|6
1782|23
1783|32
1784|24
1785|6
1786|32
1787|31
1788|7
1789|44
1790|32
1791|20
1792|11
1793|35
1794|28
1795|17
1796|47
1797|22
1798|23
1799|5
1800|31
1801|34
1802|41
1803|9
1804|10
1805|47
1806|30
1807|11
1808|43
1809|42
1810|49
1811|2
1812|39
1813|0
1814|31
1815|42
1816|2
1817|15
1818|31
1819|39
1820|31
1821|49
1822|30
1823|36
1824|23
1825|30
1826|14
1827|1
1828|6
1829|24
1830|7
1831|13
1832|46
1833|42
1834|8
1835|23
1836|0
1837|2
1838|5
1839|13
1840|21
1841|30
1842|7
1843|24
1844|41
1845|4
1846|37
1847|11
1848|21
1849|8
1850|0
1851|32
1852|16
1853|28
1854|15
1855|6
1856|23
1857|1
1858|37
1859|15
1860|20
1861|44
1862|11
1863|32
1864|11
1865|24
1866|25
1867|6
1868|34
1869|8
1870|26
1871|42
1872|43
1873|47
1874|5
1875|32
1876|1
1877|40
1878|49
1879|35
1880|2
1881|25
1882|16
1883|42
1884|18
1885|22
1886|7
1887|4
1888|29
1889|14
1890|23
1891|8
1892|31
1893|33
1894|15
1895|0
1896|41
1897|9
1898|31
1899|19
1900|46
1901|2
1902|29
1903|24
1904|43
1905|28
1906|23
1907|35
1908|35
1909|5
1910|23
1911|5
1912|36
1913|39
1914|12
1915|11
1916|5
1917|10
1918|0
1919|45
1920|15
1921|26
1922|36
1923|8
1924|23
1925|49
1926|36
1927|32
1928|4
1929|9
1930|44
1931|42
1932|20
1933|31
1934|44
1935|41
1936|12
1937|5
1938|11
1939|32
1940|28
1941|1
1942|2
1943|31
1944|7
1945|33
1946|33
1947|0
1948|41
1949|14
1950|8
1951|33
1952|48
1953|45
1954|37
1955|36
1956|24
1957|43
1958|14
1959|20
1960|11
1961|33
1962|42
1963|10
1964|27
1965|23
1966|38
1967|11
1968|23
1969|32
1970|5
1971|46
1972|32
1973|27
1974|25
1975|10
1976|12
1977|11
1978|39
1979|23
1980|18
1981|12
1982|7
1983|8
1984|22
1985|12
1986|39
1987|38
1988|38
1989|29
1990|16
1991|20
1992|19
1993|41
1994|31
1995|33
1996|33
1997|16
1998|25
1999|4
2000|31
2001|42
2002|43
2003|24
2004|6
2005|33
2006|24
2007|10
2008|11
2009|47
2010|32
2011|6
2012|49
2013|38
2014|1
2015|4
2016|44
2017|42
2018|19
2019|31
2020|23
2021|47
2022|8
2023|32
2024|30
2025|15
2026|30
2027|26
2028|21
2029|37
2030|31
2031|4
2032|3
2033|12
2034|16
2035|12
2036|14
2037|19
2038|36
2039|35
2040|24
2041|22
2042|12
2043|46
2044|16
2045|1
2046|31
2047|11
2048|19
2049|37
2050|20
2051|2
2052|47
2053|34
2054|42
2055|16
2056|9
2057|39
2058|43
2059|20
2060|28
2061|34
2062|29
2063|23
2064|45
2065|40
2066|44
2067|5
2068|23
2069|49
2070|6
2071|11
2072|31
2073|31
2074|38
2075|17
2076|31
2077|18
2078|10
2079|6
2080|16
2081|10
2082|6
2083|24
2084|37
2085|18
2086|0
2087|0
2088|45
2089|13
2090|18
2091|18
2092|24
2093|0
2094|39
2095|45
2096|8
2097|17
2098|47
2099|19
2100|44
2101|17
2102|5
2103|10
2104|44
2105|48
2106|18
2107|0
2108|40
2109|13
2110|42
2111|23
2112|12
2113|31
2114|20
2115|34
2116|29
2117|24
2118|20
2119|32
2120|15
2121|47
2122|24
2123|39
2124|29
2125|15
2126|22
2127|46
2128|19
2129|8
2130|14
2131|1
2132|39
2133|22
2134|29
2135|38
2136|32
2137|46
2138|48
2139|39
2140|9
2141|16
2142|37
2143|47
2144|47
2145|28
2146|39
2147|17
2148|27
2149|18
2150|13
2151|48
2152|10
2153|8
2154|24
2155|16
2156|24
2157|49
2158|18
2159|23
2160|21
2161|29
2162|32
2163|27
2164|14
2165|49
2166|36
2167|13
2168|35
2169|27
2170|47
2171|37
2172|40
2173|43
2174|36
2175|14
2176|18
2177|22
2178|21
2179|12
2180|32
2181|32
2182|21
2183|22
2184|13
2185|3
2186|7
2187|22
2188|25
2189|25
2190|27
2191|38
2192|27
2193|36
2194|33
2195|12
2196|22
2197|3
2198|46
2199|49
2200|22
2201|34
2202|40
2203|22
2204|16
2205|21
2206|48
2207|14
2208|33
2209|0
2210|17
2211|5
2212|46
2213|12
2214|19
2215|8
2216|17
2217|23
2218|32
2219|49
2220|22
2221|24
2222|41
2223|14
2224|23
2225|10
2226|48
2227|31
2228|13
2229|7
2230|24
2231|2
2232|38
2233|20
2234|10
2235|41
2236|31
2237|39
2238|49
2239|0
2240|36
2241|38
2242|22
2243|19
2244|2
2245|34
2246|41
2247|6
2248|26
2249|28
2250|17
2251|28
2252|43
2253|34
2254|24
2255|11
2256|42
2257|0
2258|28
2259|43
2260|35
2261|45
2262|42
2263|45
2264|42
2265|43
2266|30
2267|7
2268|9
2269|7
2270|24
2271|14
2272|21
2273|9
2274|22
2275|28
2276|10
2277|17
2278|29
2279|48
2280|29
2281|24
2282|34
2283|35
2284|32
2285|3
2286|31
2287|6
2288|43
2289|16
2290|24
2291|27
2292|44
2293|29
2294|22
2295|17
2296|41
2297|13
2298|4
2299|35
2300|41
2301|19
2302|44
2303|13
2304|1
2305|28
2306|46
2307|17
2308|10
2309|42
2310|28
2311|34
2312|3
2313|2
2314|28
2315|41
2316|7
2317|10
2318|31
2319|13
2320|5
2321|31
2322|19
2323|6
2324|46
2325|48
2326|47
2327|18
2328|7
2329|39
2330|25
2331|4
2332|18
2333|48
2334|20
2335|8
2336|10
2337|49
2338|29
2339|18
2340|4
2341|14
2342|10
2343|1
2344|1
2345|1
2346|14
2347|16
2348|26
2349|1
2350|14
2351|5
2352|27
2353|26
2354|1
2355|19
2356|19
2357|48
2358|5
2359|41
2360|45
2361|10
2362|11
2363|7
2364|36
2365|35
2366|0
2367|7
2368|22
2369|39
2370|43
2371|40
2372|23
2373|1
2374|15
2375|33
2376|8
2377|45
2378|5
2379|9
2380|32
2381|9
2382|22
2383|35
2384|34
2385|3
2386|8
2387|45
2388|49
2389|5
2390|14
2391|30
2392|4
2393|48
2394|47
2395|15
2396|42
2397|48
2398|38
2399|23
2400|1
2401|8
2402|15
2403|35
2404|35
2405|34
2406|43
2407|9
2408|38
2409|4
2410|24
2411|30
2412|11
2413|10
2414|33
2415|31
2416|10
2417|32
2418|21
2419|31
2420|5
2421|4
2422|16
2423|18
2424|9
2425|16
2426|0
2427|49
2428|2
2429|15
2430|14
2431|27
2432|19
2433|12
2434|10
2435|40
2436|5
2437|48
2438|29
2439|2
2440|12
2441|15
2442|41
2443|20
2444|19
2445|14
2446|37
2447|19
2448|20
2449|22
2450|44
2451|8
2452|37
2453|29
2454|12
2455|37
2456|15
2457|45
2458|8
2459|36
2460|12
2461|36
2462|17
2463|21
2464|39
2465|17
2466|46
2467|25
2468|15
2469|10
2470|13
2471|36
2472|41
2473|45
2474|47
2475|23
2476|47
2477|42
2478|21
2479|7
2480|11
2481|34
2482|15
2483|9
2484|39
2485|8
2486|1
2487|0
2488|30
2489|45
2490|30
2491|6
2492|35
2493|8
2494|27
2495|21
2496|37
2497|33
2498|28
2499|3
2500|3
2501|45
2502|49
2503|32
2504|22
2505|4
2506|7
2507|26
2508|22
2509|22
2510|31
2511|49
2512|8
2513|44
2514|4
2515|44
2516|4
2517|15
2518|26
2519|27
2520|43
2521|18
2522|13
2523|4
2524|23
2525|12
2526|26
2527|31
2528|34
2529|10
2530|3
2531|45
2532|20
2533|10
2534|0
2535|35
2536|34
2537|9
2538|37
2539|32
2540|8
2541|43
2542|2
2543|21
2544|32
2545|18
2546|8
2547|4
2548|47
2549|30
2550|27
2551|32
2552|25
2553|31
2554|34
2555|36
2556|12
2557|48
2558|43
2559|43
2560|3
2561|3
2562|5
2563|22
2564|36
2565|6
2566|30
2567|35
2568|37
2569|23
2570|22
2571|26
2572|12
2573|24
2574|4
2575|23
2576|23
2577|35
2578|20
2579|49
2580|48
2581|45
2582|30
2583|35
2584|1
2585|45
2586|9
2587|11
2588|16
2589|20
2590|32
2591|37
2592|15
2593|3
2594|3
2595|39
2596|25
2597|36
2598|31
2599|30
2600|30
2601|30
2602|13
2603|37
2604|14
2605|8
2606|29
2607|1
2608|20
2609|18
2610|43
2611|40
2612|34
2613|48
2614|3
2615|20
2616|32
2617|10
2618|9
2619|35
2620|43
2621|25
2622|31
2623|39
2624|19
2625|22
2626|42
2627|43
2628|49
2629|5
2630|41
2631|22
2632|2
2633|16
2634|38
2635|32
2636|15
2637|24
2638|22
2639|31
2640|18
2641|10
2642|39
2643|39
2644|35
2645|34
2646|7
2647|47
2648|18
2649|21
2650|13
2651|5
2652|39
2653|26
2654|17
2655|42
2656|47
2657|20
2658|43
2659|35
2660|20
2661|23
2662|5
2663|15
2664|4
2665|32
2666|24
2667|18
2668|9
2669|5
2670|7
2671|44
2672|6
2673|15
2674|7
2675|35
2676|43
2677|2
2678|11
2679|8
2680|12
2681|15
2682|11
2683|25
2684|20
2685|19
2686|24
2687|20
2688|42
2689|23
2690|45
2691|2
2692|20
2693|33
2694|18
2695|19
2696|3
2697|21
2698|18
2699|23
2700|17
2701|29
2702|18
2703|43
2704|41
2705|31
2706|22
2707|32
2708|39
2709|41
2710|42
2711|45
2712|7
2713|10
2714|40
2715|8
2716|45
2717|14
2718|18
2719|26
2720|48
2721|7
2722|0
2723|1
2724|25
2725|13
2726|22
2727|4
2728|20
2729|23
2730|16
2731|21
2732|48
2733|40
2734|13
2735|20
2736|24
2737|39
2738|24
2739|36
2740|3
2741|22
2742|2
2743|10
2744|38
2745|20
2746|23
2747|0
2748|2
2749|49
2750|38
2751|24
2752|47
2753|30
2754|16
2755|6
2756|4
2757|27
2758|25
2759|19
2760|29
2761|8
2762|1
2763|23
2764|22
2765|48
2766|2
2767|14
2768|37
2769|8
2770|32
2771|28
2772|30
2773|6
2774|27
2775|36
2776|40
2777|2
2778|46
2779|38
2780|37
2781|33
2782|26
2783|43
2784|29
2785|31
2786|48
2787|18
2788|31
2789|28
2790|29
2791|13
2792|21
2793|13
2794|28
2795|3
2796|23
2797|43
2798|48
2799|21
2800|35
2801|29
2802|13
2803|12
2804|9
2805|3
2806|15
2807|3
2808|2
2809|11
2810|28
2811|39
2812|24
2813|37
2814|2
2815|25
2816|42
2817|35
2818|43
2819|39
2820|4
2821|1
2822|28
2823|10
2824|47
2825|21
2826|19
2827|45
2828|16
2829|7
2830|34
2831|47
2832|5
2833|26
2834|13
2835|24
2836|31
2837|34
2838|30
2839|12
2840|44
2841|41
2842|36
2843|20
2844|46
2845|19
2846|46
2847|1
2848|43
2849|4
2850|32
2851|4
2852|37
2853|28
2854|23
2855|37
2856|45
2857|43
2858|23
2859|12
2860|30
2861|8
2862|20
2863|46
2864|29
2865|9
2866|5
2867|27
2868|17
2869|11
2870|39
2871|49
2872|1
2873|17
2874|49
2875|36
2876|25
2877|29
2878|1
2879|9
2880|0
2881|14
2882|16
2883|21
2884|46
2885|49
2886|36
2887|26
2888|45
2889|41
2890|17
2891|48
2892|17
2893|25
2894|46
2895|25
2896|22
2897|27
2898|42
2899|26
2900|37
2901|2
2902|19
2903|18
2904|46
2905|1
2906|43
2907|20
2908|31
2909|18
2910|19
2911|26
2912|43
2913|30
2914|15
2915|21
2916|26
2917|1
2918|21
2919|36
2920|42
2921|9
2922|19
2923|8
2924|30
2925|4
2926|26
2927|24
2928|6
2929|34
2930|24
2931|1
2932|32
2933|34
2934|6
2935|10
2936|4
2937|0
2938|0
2939|27
2940|20
2941|24
2942|30
2943|4
2944|4
2945|27
2946|47
2947|40
2948|21
2949|14
2950|49
2951|31
2952|26
2953|37
2954|6
2955|39
2956|13
2957|9
2958|0
2959|0
2960|18
2961|5
2962|36
2963|26
2964|42
2965|21
2966|0
2967|33
2968|0
2969|41
2970|42
2971|37
2972|0
2973|41
2974|11
2975|25
2976|14
2977|44
2978|25
2979|24
2980|15
2981|42
2982|46
2983|16
2984|0
2985|29
2986|41
2987|32
2988|29
2989|41
2990|19
2991|15
2992|12
2993|43
2994|29
2995|46
2996|27
2997|12
2998|23
2999|41
3000|14
