0|8
1|4
2|5
3|6
4|6
5|46
6|33
7|4
8|1
9|31
10|31
11|7
12|47
13|9
14|25
15|38
16|25
17|34
18|12
19|33
20|14
21|36
22|33
23|2
24|47
25|31
26|48
27|3
28|20
29|29
30|3
31|1
32|37
33|4
34|17
35|17
36|2
37|28
38|24
39|39
40|13
41|19
42|23
43|49
44|2
45|29
46|31
47|3
48|29
49|25
50|46
51|31
52|31
53|1
54|17
55|14
56|37
57|3
58|25
59|45
60|45
61|35
62|41
63|42
64|31
65|1
66|24
67|47
68|42
69|37
70|38
71|41
72|12
73|6
74|13
75|6
76|29
77|7
78|32
79|31
80|37
81|28
82|5
83|37
84|48
85|22
86|10
87|47
88|7
89|41
90|29
91|40
92|45
93|42
94|22
95|38
96|29
97|48
98|14
99|23
100|24
101|32
102|28
103|30
104|15
105|42
106|29
107|5
108|49
109|35
110|38
111|12
112|36
113|20
114|12
115|26
116|38
117|23
118|13
119|34
120|35
121|39
122|20
123|33
124|4
125|44
126|24
127|37
128|24
129|7
130|4
131|44
132|15
133|23
134|28
135|23
136|42
137|30
138|9
139|11
140|44
141|25
142|12
143|38
144|23
145|22
146|15
147|22
148|33
149|12
150|46
151|49
152|7
153|4
154|44
155|32
156|9
157|33
158|12
159|3
160|25
161|49
162|47
163|9
164|39
165|2
166|42
167|16
168|5
169|3
170|10
171|4
172|17
173|25
174|37
175|45
176|9
177|18
178|47
179|20
180|0
181|10
182|11
183|41
184|28
185|43
186|7
187|28
188|38
189|47
190|35
191|26
192|36
193|43
194|33
195|9
196|9
197|42
198|41
199|22
200|42
201|45
202|29
203|6
204|15
205|18
206|32
207|19
208|39
209|9
210|31
211|14
212|27
213|37
214|15
215|14
216|24
217|49
218|21
219|47
220|11
221|18
222|37
223|16
224|30
225|25
226|11
227|19
228|8
229|10
230|47
231|13
232|21
233|28
234|30
235|32
236|37
237|9
238|1
239|48
240|31
241|47
242|21
243|23
244|27
245|25
246|34
247|49
248|26
249|27
250|21
251|18
252|25
253|15
254|15
255|45
256|16
257|30
258|6
259|29
260|43
261|20
262|32
263|6
264|5
265|1
266|6
267|8
268|22
269|46
270|16
271|46
272|4
273|38
274|16
275|12
276|7
277|43
278|41
279|8
280|19
281|25
282|26
283|14
284|2
285|45
286|24
287|31
288|17
289|24
290|32
291|20
292|15
293|48
294|14
295|16
296|4
297|5
298|6
299|46
300|36
301|46
302|21
303|33
304|2
305|48
306|47
307|34
308|45
309|4
310|38
311|31
312|33
313|6
314|20
315|38
316|5
317|49
318|5
319|28
320|18
321|47
322|22
323|14
324|14
325|11
326|6
327|37
328|9
329|20
330|15
331|19
332|8
333|33
334|40
335|5
336|21
337|39
338|43
339|16
340|32
341|22
342|13
343|28
344|11
345|16
346|20
347|15
348|25
349|3
350|0
351|46
352|11
353|47
354|11
355|36
356|18
357|47
358|14
359|9
360|37
361|6
362|29
363|43
364|34
365|29
366|6
367|38
368|33
369|7
370|14
371|33
372|27
373|9
374|16
375|1
376|47
377|12
378|22
379|10
380|40
381|8
382|23
383|31
384|13
385|24
386|1
387|12
388|18
389|44
390|4
391|38
392|47
393|20
394|17
395|11
396|40
397|35
398|22
399|32
400|6
401|0
402|9
403|12
404|30
405|20
406|29
407|8
408|17
409|15
410|31
411|44
412|38
413|2
414|12
415|33
416|35
417|28
418|11
419|31
420|23
421|41
422|43
423|28
424|6
425|23
426|28
427|37
428|37
429|43
430|12
431|21
432|17
433|32
434|17
435|26
436|11
437|35
438|29
439|15
440|28
441|39
442|22
443|10
444|24
445|37
446|48
447|16
448|16
449|12
450|20
451|33
452|6
453|27
454|25
455|7
456|4
457|15
458|4
459|4
460|3
461|32
462|14
463|35
464|26
465|49
466|6
467|24
468|18
469|42
470|40
471|0
472|1
473|33
474|12
475|15
476|22
477|4
478|35
479|27
480|19
481|33
482|35
483|25
484|25
485|36
486|21
487|47
488|4
489|17
490|4
491|6
492|3
493|19
494|30
495|31
496|38
497|8
498|25
499|45
500|17
501|14
502|29
503|23
504|34
505|49
506|10
507|34
508|24
509|8
510|31
511|44
512|28
513|3
514|5
515|23
516|47
517|24
518|47
519|9
520|19
521|14
522|15
523|20
524|36
525|27
526|40
527|15
528|14
529|25
530|3
531|22
532|35
533|26
534|22
535|6
536|38
537|41
538|32
539|42
540|34
541|37
542|17
543|32
544|20
545|12
546|32
547|46
548|28
549|25
550|35
551|10
552|19
553|18
554|19
555|47
556|22
557|45
558|31
559|42
560|25
561|3
562|36
563|23
564|36
565|14
566|49
567|41
568|12
569|21
570|14
571|41
572|8
573|39
574|1
575|40
576|32
577|34
578|38
579|23
580|10
581|36
582|1
583|24
584|31
585|32
586|17
587|44
588|49
589|44
590|13
591|5
592|24
593|41
594|43
595|13
596|28
597|38
598|39
599|45
600|39
601|49
602|47
603|30
604|34
605|47
606|5
607|36
608|5
609|33
610|2
611|27
612|23
613|38
614|15
615|48
616|25
617|14
618|10
619|38
620|46
621|12
622|26
623|46
624|35
625|49
626|5
627|28
628|19
629|23
630|24
631|38
632|10
633|37
634|39
635|27
636|10
637|3
638|2
639|9
640|20
641|9
642|15
643|25
644|35
645|47
646|30
647|8
648|6
649|28
650|38
651|0
652|33
653|23
654|27
655|16
656|21
657|3
658|4
659|11
660|4
661|17
662|38
663|39
664|38
665|34
666|28
667|21
668|17
669|30
670|34
671|40
672|4
673|47
674|30
675|24
676|46
677|43
678|7
679|33
680|28
681|22
682|6
683|29
684|4
685|15
686|48
687|4
688|27
689|24
690|33
691|2
692|49
693|5
694|41
695|22
696|39
697|19
698|36
699|14
700|41
701|14
702|11
703|29
704|3
705|7
706|42
707|47
708|45
709|37
710|44
711|13
712|25
713|40
714|15
715|34
716|1
717|34
718|17
719|8
720|27
721|19
722|17
723|48
724|48
725|29
726|0
727|30
728|46
729|32
730|4
731|19
732|24
733|21
734|12
735|40
736|4
737|48
738|13
739|45
740|8
741|10
742|12
743|21
744|46
745|36
746|12
747|26
748|6
749|30
750|29
751|26
752|28
753|0
754|28
755|20
756|41
757|23
758|41
759|9
760|10
761|21
762|13
763|45
764|25
765|26
766|23
767|41
768|18
769|17
770|20
771|13
772|5
773|48
774|40
775|29
776|29
777|41
778|19
779|15
780|27
781|35
782|27
783|6
784|14
785|44
786|3
787|37
788|0
789|12
790|4
791|21
792|14
793|4
794|20
795|13
796|33
797|37
798|36
799|44
800|33
801|28
802|17
803|45
804|47
805|41
806|47
807|35
808|21
809|48
810|3
811|2
812|15
813|28
814|0
815|42
816|28
817|6
818|7
819|10
820|9
821|9
822|42
823|36
824|29
825|7
826|37
827|34
828|38
829|29
830|31
831|5
832|19
833|10
834|49
835|4
836|48
837|25
838|41
839|27
840|28
841|3
842|13
843|47
844|8
845|37
846|32
847|42
848|28
849|0
850|12
851|42
852|44
853|40
854|43
855|25
856|1
857|38
858|43
859|11
860|47
861|7
862|11
863|32
864|41
865|43
866|31
867|24
868|27
869|3
870|4
871|19
872|24
873|6
874|27
875|13
876|4
877|36
878|10
879|0
880|16
881|2
882|39
883|38
884|26
885|25
886|13
887|45
888|1
889|10
890|15
891|1
892|4
893|39
894|31
895|33
896|45
897|12
898|49
899|20
900|14
901|2
902|40
903|21
904|28
905|29
906|16
907|44
908|35
909|16
910|40
911|9
912|25
913|7
914|47
915|29
916|17
917|41
918|24
919|42
920|23
921|2
922|1
923|1
924|27
925|31
926|26
927|26
928|38
929|0
930|6
931|48
932|8
933|44
934|26
935|17
936|0
937|14
938|33
939|25
940|39
941|17
942|39
943|20
944|5
945|16
946|21
947|0
948|13
949|2
950|31
951|30
952|49
953|34
954|18
955|42
956|27
957|7
958|34
959|16
960|45
961|49
962|41
963|3
964|38
965|25
966|10
967|47
968|9
969|37
970|26
971|12
972|15
973|9
974|45
975|15
976|5
977|25
978|17
979|48
980|13
981|48
982|7
983|14
984|47
985|20
986|23
987|11
988|36
989|30
990|12
991|44
992|15
993|5
994|17
995|26
996|24
997|46
998|10
999|39
1000|43
1001|15
1002|48
1003|12
1004|1
1005|11
1006|40
1007|19
1008|49
1009|39
1010|38
1011|24
1012|39
1013|16
1014|24
1015|45
1016|49
1017|42
1018|42
1019|39
1020|10
1021|34
1022|1
1023|20
1024|29
1025|43
1026|44
1027|14
1028|33
1029|9
1030|29
1031|39
1032|27
1033|24
1034|4
1035|11
1036|35
1037|2
1038|33
1039|9
1040|20
1041|7
1042|35
1043|13
1044|26
1045|27
1046|28
1047|33
1048|6
1049|40
1050|40
1051|41
1052|3
1053|45
1054|41
1055|47
1056|49
1057|16
1058|45
1059|3
1060|40
1061|8
1062|47
1063|7
1064|14
1065|5
1066|18
1067|14
1068|13
1069|49
1070|40
1071|33
1072|29
1073|45
1074|28
1075|0
1076|25
1077|23
1078|1
1079|21
1080|22
1081|30
1082|6
1083|0
1084|3
1085|13
1086|22
1087|1
1088|46
1089|30
1090|19
1091|39
1092|47
1093|33
1094|7
1095|39
1096|26
1097|27
1098|43
1099|0
1100|3
1101|3
1102|33
1103|30
1104|44
1105|19
1106|6
1107|23
1108|26
1109|14
1110|15
1111|28
1112|24
1113|47
1114|0
1115|46
1116|47
1117|40
1118|46
1119|0
1120|5
1121|16
1122|10
1123|9
1124|38
1125|36
1126|47
1127|20
1128|40
1129|14
1130|24
1131|48
1132|25
1133|4
1134|42
1135|20
1136|8
1137|4
1138|6
1139|7
1140|21
1141|45
1142|21
1143|4
1144|43
1145|45
1146|39
1147|6
1148|2
1149|8
1150|23
1151|21
1152|28
1153|40
1154|1
1155|2
1156|6
1157|31
1158|42
1159|0
1160|5
1161|43
1162|1
1163|19
1164|24
1165|2
1166|36
1167|43
1168|4
1169|25
1170|44
1171|42
1172|21
1173|19
1174|31
1175|48
1176|1
1177|45
1178|4
1179|42
1180|12
1181|2
1182|12
1183|10
1184|18
1185|47
1186|15
1187|36
1188|4
1189|44
1190|9
1191|2
1192|16
1193|29
1194|49
1195|40
1196|18
1197|33
1198|13
1199|9
1200|33
1201|22
1202|7
1203|0
1204|36
1205|25
1206|3
1207|46
1208|5
1209|26
1210|45
1211|18
1212|20
1213|38
1214|28
1215|38
1216|47
1217|30
1218|20
1219|25
1220|20
1221|7
1222|31
1223|6
1224|8
1225|38
1226|15
1227|32
1228|35
1229|19
1230|19
1231|8
1232|18
1233|18
1234|32
1235|12
1236|18
1237|32
1238|28
1239|15
1240|26
1241|10
1242|41
1243|23
1244|10
1245|2
1246|17
1247|7
1248|7
1249|9
1250|13
1251|2
1252|43
1253|24
1254|24
1255|1
1256|20
1257|48
1258|5
1259|21
1260|23
1261|13
1262|7
1263|24
1264|19
1265|0
1266|39
1267|28
1268|33
1269|5
1270|14
1271|17
1272|13
1273|4
1274|25
1275|41
1276|15
1277|15
1278|42
1279|47
1280|11
1281|34
1282|49
1283|26
1284|33
1285|43
1286|26
1287|23
1288|19
1289|32
1290|2
1291|16
1292|0
1293|39
1294|5
1295|7
1296|3
1297|36
1298|15
1299|12
1300|9
1301|48
1302|49
1303|35
1304|25
1305|32
1306|0
1307|38
1308|43
1309|18
1310|30
1311|8
1312|46
1313|10
1314|35
1315|8
1316|37
1317|18
1318|12
1319|20
1320|43
1321|37
1322|35
1323|31
1324|35
1325|46
1326|17
1327|11
1328|34
1329|28
1330|43
1331|7
1332|48
1333|49
1334|10
1335|19
1336|9
1337|15
1338|18
1339|21
1340|35
1341|1
1342|32
1343|46
1344|12
1345|42
1346|7
1347|10
1348|11
1349|0
1350|36
1351|34
1352|19
1353|31
1354|39
1355|27
1356|10
1357|34
1358|40
1359|26
1360|44
1361|19
1362|42
1363|28
1364|0
1365|8
1366|13
1367|31
1368|42
1369|46
1370|24
1371|23
1372|18
1373|34
1374|6
1375|17
1376|45
1377|40
1378|23
1379|29
1380|44
1381|13
1382|6
1383|21
1384|30
1385|6
1386|13
1387|39
1388|11
1389|29
1390|40
1391|34
1392|35
1393|24
1394|32
1395|34
1396|48
1397|33
1398|42
1399|25
1400|0
1401|24
1402|39
1403|33
1404|16
1405|41
1406|32
1407|0
1408|3
1409|13
1410|27
1411|31
1412|21
1413|5
1414|23
1415|49
1416|16
1417|45
1418|9
1419|27
1420|14
1421|30
1422|39
1423|7
1424|25
1425|5
1426|28
1427|48
1428|16
1429|48
1430|46
1431|25
1432|30
1433|10
1434|5
1435|18
1436|33
1437|29
1438|40
1439|23
1440|43
1441|14
1442|24
1443|39
1444|14
1445|39
1446|14
1447|4
1448|32
1449|41
1450|25
1451|18
1452|25
1453|27
1454|48
1455|31
1456|1
1457|6
1458|15
1459|49
1460|26
1461|17
1462|29
1463|25
1464|13
1465|16
1466|45
1467|41
1468|4
1469|27
1470|11
1471|35
1472|12
1473|15
1474|46
1475|15
1476|35
1477|8
1478|44
1479|42
1480|26
1481|32
1482|38
1483|14
1484|44
1485|47
1486|37
1487|16
1488|17
1489|4
1490|23
1491|12
1492|29
1493|5
1494|35
1495|45
1496|49
1497|0
1498|12
1499|17
1500|27
1501|3
1502|39
1503|22
1504|32
1505|48
1506|15
1507|40
1508|25
1509|38
1510|26
1511|17
1512|28
1513|47
1514|35
1515|43
1516|18
1517|20
1518|26
1519|39
1520|40
1521|10
1522|13
1523|35
1524|43
1525|42
1526|28
1527|23
1528|31
1529|44
1530|8
1531|18
1532|38
1533|5
1534|42
1535|22
1536|35
1537|36
1538|32
1539|45
1540|34
1541|13
1542|45
1543|23
1544|17
1545|3
1546|21
1547|28
1548|13
1549|42
1550|20
1551|12
1552|39
1553|16
1554|49
1555|26
1556|19
1557|6
1558|45
1559|37
1560|33
1561|9
1562|2
1563|5
1564|45
1565|36
1566|9
1567|34
1568|6
1569|38
1570|14
1571|41
1572|28
1573|43
1574|48
1575|22
1576|44
1577|18
1578|43
1579|48
1580|37
1581|8
1582|17
1583|8
1584|31
1585|31
1586|20
1587|32
1588|43
1589|28
1590|49
1591|26
1592|41
1593|41
1594|1
1595|30
1596|34
1597|34
1598|48
1599|6
1600|41
1601|40
1602|0
1603|2
1604|45
1605|3
1606|36
1607|47
1608|25
1609|37
1610|41
1611|12
1612|23
1613|19
1614|31
1615|33
1616|19
1617|46
1618|35
1619|35
1620|27
1621|33
1622|29
1623|42
1624|8
1625|29
1626|37
1627|44
1628|1
1629|3
1630|39
1631|7
1632|11
1633|17
1634|23
1635|32
1636|49
1637|12
1638|35
1639|29
1640|4
1641|0
1642|43
1643|35
1644|22
1645|25
1646|39
1647|16
1648|27
1649|11
1650|28
1651|37
1652|9
1653|11
1654|35
1655|4
1656|35
1657|2
1658|43
1659|35
1660|42
1661|45
1662|7
1663|4
1664|37
1665|4
1666|33
1667|45
1668|24
1669|36
1670|35
1671|12
1672|23
1673|5
1674|12
1675|28
1676|38
1677|10
1678|35
1679|5
1680|36
1681|31
1682|45
1683|7
1684|2
1685|46
1686|39
1687|32
1688|34
1689|26
1690|6
1691|26
1692|22
1693|42
1694|28
1695|9
1696|33
1697|41
1698|36
1699|35
1700|4
1701|35
1702|10
1703|23
1704|27
1705|34
1706|29
1707|18
1708|0
1709|19
1710|1
1711|12
1712|11
1713|20
1714|17
1715|27
1716|18
1717|44
1718|7
1719|11
1720|31
1721|9
1722|9
1723|41
1724|17
1725|34
1726|0
1727|10
1728|44
1729|42
1730|3
1731|7
1732|0
1733|18
1734|28
1735|48
1736|9
1737|25
1738|23
1739|6
1740|6
1741|4
1742|13
1743|39
1744|47
1745|34
1746|34
1747|48
1748|14
1749|32
1750|2
1751|17
1752|14
1753|32
1754|32
1755|39
1756|49
1757|5
1758|32
1759|5
1760|9
1761|38
1762|31
1763|36
1764|40
1765|4
1766|12
1767|47
1768|47
1769|42
1770|39
1771|5
1772|5
1773|42
1774|43
1775|36
1776|25
1777|3
1778|16
1779|29
1780|26
1781|25
1782|25
1783|17
1784|10
1785|46
1786|8
1787|22
1788|41
1789|5
1790|10
1791|27
1792|33
1793|20
1794|21
1795|49
1796|44
1797|3
1798|4
1799|42
1800|47
1801|0
1802|11
1803|38
1804|17
1805|46
1806|30
1807|27
1808|7
1809|49
1810|36
1811|3
1812|42
1813|27
1814|49
1815|8
1816|40
1817|5
1818|4
1819|43
1820|38
1821|42
1822|24
1823|19
1824|1
1825|20
1826|12
1827|31
1828|21
1829|29
1830|40
1831|34
1832|43
1833|2
1834|2
1835|4
1836|11
1837|11
1838|43
1839|4
1840|48
1841|48
1842|1
1843|35
1844|25
1845|24
1846|44
1847|0
1848|2
1849|2
1850|16
1851|7
1852|30
1853|16
1854|40
1855|40
1856|32
1857|18
1858|40
1859|3
1860|44
1861|46
1862|21
1863|39
1864|36
1865|40
1866|29
1867|33
1868|2
1869|48
1870|18
1871|13
1872|27
1873|23
1874|13
1875|30
1876|5
1877|15
1878|36
1879|39
1880|32
1881|48
1882|18
1883|11
1884|36
1885|35
1886|11
1887|45
1888|18
1889|37
1890|38
1891|29
1892|39
1893|43
1894|27
1895|20
1896|23
1897|4
1898|36
1899|0
1900|2
1901|14
1902|9
1903|2
1904|7
1905|1
1906|45
1907|41
1908|24
1909|17
1910|15
1911|15
1912|49
1913|3
1914|21
1915|26
1916|16
1917|18
1918|34
1919|26
1920|40
1921|2
1922|27
1923|34
1924|33
1925|41
1926|13
1927|11
1928|24
1929|44
1930|42
1931|1
1932|9
1933|16
1934|16
1935|45
1936|11
1937|28
1938|10
1939|5
1940|18
1941|19
1942|27
1943|12
1944|25
1945|41
1946|33
1947|31
1948|27
1949|11
1950|16
1951|27
1952|27
1953|34
1954|29
1955|12
1956|28
1957|38
1958|15
1959|10
1960|37
1961|46
1962|18
1963|28
1964|41
1965|3
1966|19
1967|40
1968|29
1969|10
1970|37
1971|29
1972|27
1973|12
1974|7
1975|44
1976|26
1977|41
1978|34
1979|17
1980|35
1981|26
1982|25
1983|40
1984|2
1985|19
1986|38
1987|3
1988|4
1989|28
1990|3
1991|13
1992|1
1993|32
1994|18
1995|40
1996|32
1997|24
1998|27
1999|0
2000|40
2001|13
2002|34
2003|0
2004|7
2005|11
2006|3
2007|41
2008|10
2009|36
2010|32
2011|17
2012|15
2013|28
2014|34
2015|2
2016|4
2017|23
2018|15
2019|24
2020|48
2021|46
2022|45
2023|3
2024|38
2025|33
2026|29
2027|15
2028|29
2029|23
2030|9
2031|21
2032|19
2033|23
2034|3
2035|37
2036|26
2037|0
2038|39
2039|5
2040|14
2041|38
2042|13
2043|44
2044|44
2045|14
2046|24
2047|27
2048|1
2049|49
2050|16
2051|11
2052|8
2053|18
2054|15
2055|36
2056|40
2057|11
2058|0
2059|25
2060|6
2061|27
2062|30
2063|40
2064|43
2065|46
2066|20
2067|20
2068|39
2069|46
2070|16
2071|28
2072|8
2073|4
2074|13
2075|46
2076|46
2077|42
2078|25
2079|48
2080|0
2081|10
2082|25
2083|2
2084|28
2085|8
2086|12
2087|39
2088|7
2089|23
2090|33
2091|41
2092|25
2093|24
2094|0
2095|19
2096|47
2097|41
2098|0
2099|19
2100|22
2101|41
2102|18
2103|25
2104|1
2105|42
2106|8
2107|38
2108|17
2109|24
2110|3
2111|5
2112|10
2113|11
2114|46
2115|2
2116|42
2117|28
2118|17
2119|48
2120|10
2121|34
2122|33
2123|30
2124|16
2125|16
2126|19
2127|15
2128|41
2129|47
2130|5
2131|3
2132|13
2133|43
2134|24
2135|27
2136|44
2137|22
2138|12
2139|38
2140|24
2141|1
2142|44
2143|5
2144|36
2145|8
2146|15
2147|38
2148|22
2149|14
2150|30
2151|5
2152|7
2153|14
2154|45
2155|5
2156|44
2157|24
2158|39
2159|32
2160|48
2161|4
2162|17
2163|32
2164|34
2165|12
2166|2
2167|10
2168|42
2169|22
2170|36
2171|37
2172|6
2173|37
2174|44
2175|12
2176|7
2177|3
2178|18
2179|9
2180|22
2181|28
2182|17
2183|5
2184|47
2185|24
2186|41
2187|45
2188|17
2189|29
2190|37
2191|6
2192|5
2193|10
2194|7
2195|35
2196|7
2197|35
2198|14
2199|43
2200|27
2201|39
2202|32
2203|15
2204|7
2205|40
2206|24
2207|48
2208|40
2209|17
2210|21
2211|42
2212|26
2213|12
2214|12
2215|46
2216|23
2217|23
2218|44
2219|1
2220|5
2221|43
2222|46
2223|29
2224|25
2225|21
2226|48
2227|31
2228|43
2229|5
2230|19
2231|8
2232|20
2233|34
2234|18
2235|47
2236|40
2237|7
2238|15
2239|25
2240|45
2241|30
2242|14
2243|36
2244|45
2245|43
2246|17
2247|25
2248|44
2249|25
2250|45
2251|20
2252|18
2253|14
2254|37
2255|43
2256|27
2257|43
2258|21
2259|30
2260|48
2261|32
2262|19
2263|27
2264|11
2265|30
2266|33
2267|9
2268|41
2269|3
2270|19
2271|33
2272|5
2273|23
2274|18
2275|20
2276|15
2277|14
2278|7
2279|1
2280|35
2281|28
2282|11
2283|19
2284|42
2285|39
2286|18
2287|26
2288|40
2289|16
2290|49
2291|21
2292|32
2293|3
2294|44
2295|3
2296|32
2297|44
2298|28
2299|13
2300|23
2301|0
2302|31
2303|14
2304|3
2305|15
2306|1
2307|44
2308|48
2309|36
2310|40
2311|28
2312|38
2313|47
2314|8
2315|11
2316|24
2317|44
2318|43
2319|18
2320|34
2321|29
2322|38
2323|4
2324|43
2325|42
2326|18
2327|40
2328|49
2329|42
2330|33
2331|0
2332|32
2333|6
2334|8
2335|46
2336|20
2337|12
2338|3
2339|23
2340|28
2341|34
2342|13
2343|37
2344|46
2345|45
2346|24
2347|46
2348|33
2349|15
2350|22
2351|11
2352|28
2353|44
2354|7
2355|36
2356|1
2357|5
2358|41
2359|45
2360|36
2361|21
2362|49
2363|4
2364|23
2365|8
2366|11
2367|47
2368|35
2369|7
2370|33
2371|39
2372|24
2373|27
2374|18
2375|25
2376|34
2377|40
2378|27
2379|39
2380|49
2381|5
2382|39
2383|39
2384|7
2385|40
2386|45
2387|48
2388|13
2389|19
2390|22
2391|36
2392|28
2393|31
2394|31
2395|43
2396|15
2397|48
2398|28
2399|17
2400|42
2401|30
2402|18
2403|35
2404|28
2405|23
2406|25
2407|18
2408|25
2409|22
2410|2
2411|28
2412|39
2413|39
2414|49
2415|42
2416|22
2417|18
2418|18
2419|9
2420|35
2421|24
2422|34
2423|25
2424|5
2425|25
2426|2
2427|7
2428|16
2429|15
2430|11
2431|18
2432|26
2433|10
2434|20
2435|47
2436|24
2437|8
2438|29
2439|38
2440|12
2441|16
2442|15
2443|16
2444|24
2445|1
2446|3
2447|18
2448|10
2449|22
2450|35
2451|14
2452|1
2453|47
2454|47
2455|48
2456|48
2457|22
2458|33
2459|32
2460|42
2461|31
2462|40
2463|10
2464|48
2465|26
2466|8
2467|6
2468|28
2469|17
2470|32
2471|7
2472|3
2473|5
2474|46
2475|19
2476|6
2477|17
2478|5
2479|1
2480|39
2481|35
2482|16
2483|28
2484|33
2485|38
2486|5
2487|27
2488|42
2489|42
2490|24
2491|33
2492|8
2493|30
2494|4
2495|25
2496|33
2497|26
2498|9
2499|22
2500|0
2501|35
2502|14
2503|21
2504|27
2505|39
2506|48
2507|34
2508|48
2509|4
2510|15
2511|37
2512|28
2513|29
2514|32
2515|26
2516|35
2517|21
2518|32
2519|34
2520|30
2521|22
2522|45
2523|8
2524|26
2525|7
2526|43
2527|46
2528|40
2529|38
2530|38
2531|24
2532|3
2533|16
2534|49
2535|6
2536|5
2537|15
2538|6
2539|0
2540|28
2541|42
2542|25
2543|17
2544|24
2545|34
2546|40
2547|32
2548|20
2549|16
2550|44
2551|29
2552|25
2553|34
2554|27
2555|47
2556|24
2557|36
2558|45
2559|19
2560|13
2561|49
2562|33
2563|46
2564|12
2565|10
2566|48
2567|44
2568|46
2569|42
2570|35
2571|12
2572|19
2573|41
2574|25
2575|23
2576|30
2577|36
2578|16
2579|25
2580|4
2581|47
2582|38
2583|1
2584|25
2585|10
2586|23
2587|35
2588|6
2589|24
2590|19
2591|19
2592|21
2593|12
2594|5
2595|7
2596|11
2597|44
2598|21
2599|42
2600|7
2601|10
2602|28
2603|1
2604|20
2605|40
2606|44
2607|36
2608|27
2609|7
2610|38
2611|41
2612|43
2613|39
2614|30
2615|32
2616|35
2617|48
2618|44
2619|41
2620|40
2621|38
2622|23
2623|14
2624|33
2625|39
2626|5
2627|8
2628|13
2629|10
2630|26
2631|45
2632|13
2633|20
2634|41
2635|8
2636|46
2637|4
2638|34
2639|38
2640|36
2641|1
2642|26
2643|11
2644|5
2645|5
2646|30
2647|21
2648|36
2649|22
2650|43
2651|0
2652|18
2653|46
2654|3
2655|11
2656|24
2657|15
2658|35
2659|2
2660|17
2661|6
2662|40
2663|23
2664|48
2665|14
2666|18
2667|16
2668|17
2669|45
2670|37
2671|34
2672|49
2673|15
2674|6
2675|35
2676|42
2677|0
2678|49
2679|30
2680|23
2681|48
2682|18
2683|40
2684|34
2685|46
2686|0
2687|12
2688|27
2689|40
2690|46
2691|34
2692|25
2693|39
2694|5
2695|35
2696|19
2697|32
2698|26
2699|44
2700|20
2701|37
2702|32
2703|26
2704|39
2705|2
2706|14
2707|30
2708|38
2709|34
2710|11
2711|30
2712|21
2713|25
2714|35
2715|4
2716|31
2717|18
2718|26
2719|11
2720|7
2721|16
2722|27
2723|13
2724|44
2725|28
2726|17
2727|11
2728|19
2729|2
2730|5
2731|31
2732|11
2733|23
2734|11
2735|2
2736|15
2737|33
2738|14
2739|40
2740|46
2741|10
2742|49
2743|25
2744|32
2745|0
2746|17
2747|2
2748|17
2749|47
2750|31
2751|30
2752|32
2753|31
2754|13
2755|48
2756|5
2757|27
2758|18
2759|29
2760|37
2761|26
2762|47
2763|44
2764|46
2765|5
2766|8
2767|24
2768|6
2769|24
2770|28
2771|10
2772|26
2773|43
2774|27
2775|26
2776|21
2777|7
2778|14
2779|30
2780|48
2781|16
2782|6
2783|12
2784|19
2785|48
2786|16
2787|17
2788|28
2789|32
2790|39
2791|44
2792|42
2793|38
2794|26
2795|18
2796|31
2797|16
2798|32
2799|32
2800|39
2801|43
2802|18
2803|0
2804|8
2805|16
2806|33
2807|12
2808|17
2809|22
2810|6
2811|47
2812|47
2813|1
2814|43
2815|4
2816|23
2817|12
2818|42
2819|7
2820|37
2821|14
2822|49
2823|24
2824|24
2825|1
2826|19
2827|28
2828|36
2829|0
2830|15
2831|46
2832|30
2833|15
2834|25
2835|43
2836|48
2837|44
2838|25
2839|27
2840|47
2841|43
2842|41
2843|27
2844|12
2845|46
2846|48
2847|22
2848|11
2849|42
2850|2
2851|16
2852|26
2853|5
2854|3
2855|32
2856|32
2857|44
2858|19
2859|39
2860|4
2861|47
2862|21
2863|38
2864|12
2865|0
2866|27
2867|34
2868|24
2869|26
2870|1
2871|16
2872|2
2873|46
2874|34
2875|34
2876|34
2877|6
2878|23
2879|44
2880|14
2881|35
2882|3
2883|3
2884|25
2885|27
2886|5
2887|6
2888|25
2889|19
2890|43
2891|31
2892|23
2893|6
2894|1
2895|6
2896|2
2897|1
2898|42
2899|2
2900|15
2901|33
2902|30
2903|8
2904|34
2905|7
2906|36
2907|41
2908|37
2909|47
2910|29
2911|15
2912|24
2913|19
2914|30
2915|35
2916|19
2917|45
2918|47
2919|10
2920|6
2921|16
2922|33
2923|17
2924|5
2925|36
2926|23
2927|4
2928|1
2929|5
2930|25
2931|26
2932|39
2933|10
2934|1
2935|21
2936|28
2937|47
2938|32
2939|7
2940|38
2941|13
2942|15
2943|10
2944|24
2945|17
2946|14
2947|25
2948|20
2949|22
2950|29
2951|6
2952|0
2953|35
2954|46
2955|21
2956|22
2957|7
2958|47
2959|32
2960|36
2961|26
2962|31
2963|27
2964|40
2965|44
2966|34
2967|33
2968|47
2969|5
2970|18
2971|21
2972|32
2973|33
2974|18
2975|13
2976|41
2977|9
2978|41
2979|39
2980|28
2981|16
2982|16
2983|10
2984|26
2985|16
2986|45
2987|14
2988|2
2989|25
2990|24
2991|40
2992|13
2993|37
2994|8
2995|12
2996|4
2997|3
2998|4
2999|10
3000|28
