0|30
1|36
2|23
3|34
4|26
5|38
6|34
7|3
8|30
9|9
10|29
11|19
12|21
13|5
14|14
15|37
16|18
17|20
18|40
19|16
20|5
21|48
22|24
23|46
24|46
25|27
26|47
27|1
28|21
29|45
30|9
31|44
32|39
33|42
34|6
35|44
36|15
37|18
38|7
39|2
40|8
41|30
42|28
43|36
44|20
45|18
46|33
47|20
48|14
49|10
50|25
51|38
52|41
53|3
54|43
55|11
56|25
57|47
58|15
59|34
60|15
61|16
62|24
63|48
64|24
65|44
66|16
67|49
68|41
69|3
70|29
71|19
72|42
73|48
74|16
75|37
76|32
77|0
78|31
79|7
80|35
81|2
82|14
83|49
84|26
85|32
86|46
87|8
88|43
89|24
90|38
91|37
92|42
93|5
94|6
95|26
96|26
97|20
98|46
99|20
100|22
101|16
102|3
103|28
104|14
105|18
106|45
107|5
108|22
109|18
110|48
111|3
112|35
113|30
114|42
115|20
116|23
117|4
118|18
119|27
120|13
121|22
122|22
123|12
124|32
125|23
126|35
127|36
128|40
129|23
130|30
131|12
132|16
133|46
134|33
135|45
136|20
137|19
138|8
139|25
140|16
141|39
142|20
143|44
144|47
145|23
146|12
147|48
148|14
149|32
150|45
151|27
152|47
153|20
154|26
155|44
156|33
157|47
158|49
159|24
160|2
161|15
162|5
163|41
164|45
165|21
166|47
167|12
168|7
169|4
170|16
171|12
172|31
173|27
174|23
175|44
176|16
177|2
178|10
179|48
180|34
181|28
182|45
183|35
184|38
185|0
186|10
187|9
188|17
189|49
190|25
191|0
192|36
193|22
194|8
195|34
196|23
197|35
198|26
199|36
200|3
201|41
202|0
203|41
204|26
205|28
206|40
207|25
208|17
209|21
210|47
211|49
212|45
213|45
214|31
215|35
216|9
217|15
218|20
219|34
220|42
221|17
222|37
223|18
224|7
225|23
226|25
227|22
228|43
229|43
230|30
231|18
232|7
233|6
234|39
235|47
236|23
237|16
238|40
239|39
240|7
241|9
242|46
243|14
244|4
245|49
246|43
247|12
248|24
249|34
250|44
251|35
252|8
253|49
254|5
255|14
256|5
257|29
258|13
259|8
260|29
261|7
262|5
263|24
264|7
265|39
266|9
267|25
268|13
269|4
270|24
271|29
272|45
273|40
274|49
275|22
276|30
277|46
278|0
279|28
280|12
281|3
282|19
283|37
284|23
285|27
286|4
287|30
288|43
289|47
290|43
291|8
292|27
293|28
294|26
295|35
296|23
297|31
298|6
299|49
300|10
301|33
302|38
303|28
304|3
305|36
306|5
307|19
308|17
309|5
310|18
311|12
312|39
313|15
314|24
315|13
316|4
317|36
318|20
319|9
320|2
321|19
322|13
323|34
324|31
325|16
326|19
327|11
328|15
329|5
330|45
331|2
332|3
333|17
334|38
335|2
336|8
337|32
338|49
339|44
340|19
341|44
342|15
343|28
344|41
345|22
346|2
347|40
348|9
349|40
350|11
351|21
352|32
353|13
354|16
355|41
356|29
357|35
358|26
359|23
360|22
361|36
362|35
363|18
364|17
365|30
366|42
367|22
368|37
369|5
370|49
371|7
372|29
373|46
374|17
375|45
376|1
377|2
378|29
379|45
380|22
381|16
382|20
383|15
384|26
385|33
386|49
387|28
388|47
389|8
390|39
391|41
392|24
393|16
394|25
395|28
396|47
397|26
398|25
399|37
400|30
401|46
402|36
403|3
404|44
405|3
406|12
407|3
408|30
409|43
410|8
411|1
412|48
413|4
414|41
415|1
416|47
417|13
418|10
419|34
420|10
421|39
422|37
423|16
424|12
425|5
426|36
427|24
428|47
429|16
430|46
431|35
432|5
433|37
434|25
435|24
436|16
437|25
438|35
439|34
440|6
441|49
442|12
443|25
444|5
445|42
446|36
447|44
448|38
449|13
450|46
451|6
452|6
453|39
454|32
455|32
456|9
457|29
458|36
459|31
460|40
461|43
462|32
463|25
464|47
465|6
466|7
467|5
468|38
469|33
470|18
471|2
472|47
473|48
474|6
475|20
476|8
477|29
478|6
479|6
480|38
481|26
482|46
483|2
484|3
485|29
486|28
487|23
488|30
489|0
490|35
491|42
492|38
493|25
494|21
495|45
496|16
497|11
498|16
499|28
500|9
501|24
502|36
503|23
504|9
505|49
506|14
507|19
508|17
509|29
510|19
511|2
512|20
513|46
514|5
515|20
516|27
517|33
518|38
519|25
520|45
521|18
522|12
523|12
524|21
525|23
526|37
527|11
528|29
529|20
530|46
531|43
532|19
533|18
534|23
535|49
536|33
537|47
538|2
539|28
540|28
541|45
542|27
543|33
544|35
545|38
546|19
547|13
548|0
549|9
550|4
551|14
552|49
553|6
554|2
555|17
556|45
557|31
558|16
559|3
560|17
561|11
562|27
563|17
564|9
565|15
566|25
567|24
568|12
569|48
570|34
571|9
572|27
573|35
574|48
575|47
576|47
577|27
578|38
579|22
580|29
581|21
582|34
583|24
584|2
585|46
586|20
587|21
588|36
589|25
590|49
591|6
592|33
593|35
594|4
595|31
596|33
597|40
598|15
599|10
600|8
601|26
602|30
603|29
604|11
605|43
606|7
607|33
608|3
609|43
610|26
611|6
612|14
613|46
614|35
615|1
616|48
617|7
618|49
619|1
620|31
621|40
622|42
623|10
624|7
625|4
626|21
627|20
628|16
629|15
630|19
631|31
632|43
633|11
634|27
635|40
636|18
637|41
638|47
639|34
640|44
641|29
642|26
643|31
644|37
645|15
646|27
647|41
648|23
649|40
650|23
651|42
652|2
653|12
654|3
655|36
656|14
657|15
658|6
659|3
660|4
661|41
662|41
663|3
664|29
665|37
666|30
667|16
668|43
669|17
670|35
671|34
672|18
673|41
674|48
675|10
676|0
677|2
678|40
679|44
680|43
681|9
682|45
683|31
684|17
685|38
686|13
687|10
688|34
689|17
690|34
691|1
692|7
693|24
694|25
695|4
696|45
697|6
698|41
699|43
700|10
701|19
702|49
703|35
704|24
705|37
706|4
707|5
708|21
709|39
710|43
711|43
712|13
713|15
714|30
715|27
716|0
717|11
718|44
719|26
720|33
721|32
722|4
723|17
724|48
725|6
726|20
727|46
728|24
729|31
730|27
731|42
732|1
733|27
734|4
735|0
736|4
737|9
738|5
739|30
740|35
741|20
742|6
743|8
744|21
745|42
746|26
747|30
748|3
749|10
750|30
751|39
752|35
753|24
754|23
755|23
756|39
757|0
758|36
759|49
760|46
761|5
762|32
763|9
764|29
765|39
766|9
767|22
768|18
769|5
770|20
771|46
772|14
773|12
774|3
775|36
776|40
777|33
778|44
779|14
780|13
781|26
782|45
783|9
784|49
785|12
786|48
787|29
788|14
789|9
790|9
791|44
792|21
793|8
794|19
795|48
796|18
797|15
798|10
799|27
800|26
801|15
802|16
803|45
804|16
805|18
806|44
807|37
808|9
809|5
810|39
811|24
812|38
813|2
814|12
815|31
816|11
817|21
818|21
819|18
820|7
821|17
822|42
823|35
824|23
825|32
826|47
827|38
828|18
829|39
830|41
831|1
832|44
833|48
834|46
835|45
836|37
837|14
838|32
839|34
840|37
841|11
842|29
843|35
844|44
845|27
846|11
847|47
848|9
849|4
850|30
851|29
852|14
853|16
854|7
855|1
856|11
857|43
858|39
859|24
860|3
861|49
862|14
863|40
864|3
865|35
866|30
867|29
868|13
869|0
870|24
871|1
872|31
873|40
874|31
875|18
876|19
877|22
878|14
879|9
880|42
881|27
882|0
883|41
884|19
885|35
886|46
887|47
888|36
889|49
890|46
891|31
892|27
893|32
894|37
895|27
896|47
897|31
898|32
899|8
900|39
901|49
902|7
903|3
904|41
905|0
906|32
907|13
908|31
909|28
910|30
911|17
912|1
913|44
914|24
915|34
916|37
917|18
918|2
919|45
920|14
921|44
922|22
923|6
924|30
925|10
926|15
927|48
928|25
929|28
930|15
931|15
932|46
933|34
934|17
935|35
936|42
937|11
938|12
939|31
940|34
941|25
942|13
943|16
944|32
945|24
946|3
947|11
948|32
949|12
950|7
951|24
952|23
953|19
954|19
955|20
956|42
957|47
958|3
959|14
960|16
961|42
962|21
963|31
964|6
965|15
966|42
967|25
968|13
969|13
970|30
971|44
972|37
973|8
974|42
975|6
976|33
977|10
978|0
979|45
980|9
981|45
982|25
983|9
984|42
985|10
986|34
987|12
988|38
989|4
990|27
991|27
992|1
993|30
994|2
995|36
996|8
997|32
998|2
999|6
1000|22
1001|43
1002|29
1003|2
1004|40
1005|40
1006|9
1007|18
1008|12
1009|2
1010|35
1011|29
1012|1
1013|5
1014|21
1015|44
1016|13
1017|20
1018|32
1019|37
1020|8
1021|49
1022|41
1023|16
1024|33
1025|48
1026|36
1027|46
1028|7
1029|12
1030|18
1031|15
1032|2
1033|27
1034|31
1035|6
1036|37
1037|24
1038|24
1039|11
1040|6
1041|6
1042|47
1043|19
1044|23
1045|25
1046|41
1047|27
1048|3
1049|24
1050|16
1051|12
1052|46
1053|32
1054|43
1055|49
1056|38
1057|1
1058|2
1059|26
1060|19
1061|49
1062|23
1063|42
1064|31
1065|34
1066|41
1067|44
1068|30
1069|37
1070|37
1071|17
1072|42
1073|12
1074|13
1075|6
1076|35
1077|15
1078|39
1079|26
1080|43
1081|46
1082|13
1083|11
1084|31
1085|11
1086|3
1087|24
1088|15
1089|2
1090|23
1091|28
1092|39
1093|31
1094|34
1095|45
1096|44
1097|1
1098|38
1099|36
1100|41
1101|40
1102|26
1103|20
1104|12
1105|34
1106|9
1107|8
1108|38
1109|40
1110|33
1111|49
1112|49
1113|19
1114|35
1115|43
1116|22
1117|30
1118|22
1119|33
1120|19
1121|49
1122|34
1123|24
1124|34
1125|47
1126|35
1127|13
1128|23
1129|18
1130|26
1131|35
1132|25
1133|10
1134|48
1135|30
1136|48
1137|38
1138|42
1139|10
1140|28
1141|3
1142|36
1143|3
1144|40
1145|26
1146|31
1147|14
1148|31
1149|13
1150|14
1151|10
1152|1
1153|9
1154|11
1155|5
1156|0
1157|34
1158|20
1159|45
1160|48
1161|37
1162|24
1163|4
1164|2
1165|24
1166|46
1167|38
1168|44
1169|19
1170|27
1171|49
1172|27
1173|37
1174|2
1175|5
1176|36
1177|3
1178|14
1179|49
1180|25
1181|10
1182|31
1183|1
1184|14
1185|4
1186|15
1187|11
1188|5
1189|16
1190|35
1191|33
1192|32
1193|41
1194|27
1195|38
1196|38
1197|35
1198|40
1199|25
1200|3
1201|26
1202|34
1203|49
1204|37
1205|15
1206|45
1207|41
1208|27
1209|6
1210|0
1211|40
1212|4
1213|40
1214|44
1215|8
1216|1
1217|22
1218|25
1219|1
1220|6
1221|23
1222|2
1223|8
1224|21
1225|29
1226|28
1227|12
1228|13
1229|49
1230|20
1231|38
1232|10
1233|39
1234|13
1235|24
1236|45
1237|16
1238|32
1239|49
1240|7
1241|4
1242|0
1243|22
1244|1
1245|18
1246|18
1247|15
1248|18
1249|14
1250|7
1251|37
1252|20
1253|6
1254|20
1255|27
1256|14
1257|17
1258|37
1259|20
1260|25
1261|29
1262|8
1263|28
1264|31
1265|32
1266|6
1267|7
1268|33
1269|24
1270|47
1271|35
1272|14
1273|2
1274|39
1275|24
1276|14
1277|47
1278|48
1279|34
1280|18
1281|31
1282|30
1283|17
1284|45
1285|37
1286|1
1287|2
1288|25
1289|4
1290|3
1291|48
1292|42
1293|17
1294|32
1295|11
1296|14
1297|40
1298|0
1299|36
1300|12
1301|35
1302|19
1303|46
1304|29
1305|12
1306|17
1307|29
1308|2
1309|10
1310|12
1311|43
1312|0
1313|42
1314|29
1315|20
1316|48
1317|36
1318|3
1319|0
1320|45
1321|14
1322|25
1323|47
1324|21
1325|23
1326|17
1327|29
1328|22
1329|26
1330|33
1331|11
1332|18
1333|25
1334|34
1335|16
1336|36
1337|6
1338|49
1339|35
1340|28
1341|36
1342|29
1343|30
1344|26
1345|27
1346|8
1347|44
1348|3
1349|4
1350|25
1351|19
1352|35
1353|38
1354|31
1355|11
1356|46
1357|36
1358|41
1359|40
1360|7
1361|37
1362|6
1363|31
1364|49
1365|46
1366|8
1367|39
1368|44
1369|7
1370|14
1371|10
1372|6
1373|37
1374|32
1375|29
1376|14
1377|32
1378|38
1379|13
1380|41
1381|36
1382|1
1383|24
1384|47
1385|45
1386|34
1387|26
1388|27
1389|1
1390|11
1391|15
1392|0
1393|11
1394|13
1395|22
1396|38
1397|0
1398|31
1399|6
1400|26
1401|0
1402|0
1403|39
1404|30
1405|48
1406|39
1407|25
1408|15
1409|21
1410|36
1411|28
1412|6
1413|12
1414|26
1415|43
1416|18
1417|23
1418|7
1419|33
1420|49
1421|16
1422|43
1423|42
1424|40
1425|40
1426|7
1427|9
1428|37
1429|33
1430|47
1431|17
1432|43
1433|25
1434|36
1435|37
1436|49
1437|33
1438|18
1439|38
1440|13
1441|46
1442|16
1443|30
1444|13
1445|42
1446|12
1447|47
1448|19
1449|23
1450|40
1451|38
1452|17
1453|49
1454|15
1455|6
1456|21
1457|7
1458|45
1459|36
1460|27
1461|4
1462|25
1463|5
1464|14
1465|47
1466|19
1467|47
1468|32
1469|20
1470|19
1471|37
1472|29
1473|31
1474|41
1475|5
1476|25
1477|33
1478|31
1479|30
1480|7
1481|15
1482|18
1483|38
1484|17
1485|23
1486|38
1487|43
1488|32
1489|49
1490|13
1491|18
1492|36
1493|39
1494|45
1495|48
1496|23
1497|1
1498|9
1499|42
1500|39
