0|26
1|44
2|16
3|23
4|28
5|5
6|14
7|46
8|34
9|27
10|14
11|0
12|23
13|33
14|18
15|36
16|49
17|10
18|21
19|33
20|35
21|42
22|46
23|33
24|7
25|34
26|12
27|41
28|0
29|18
30|26
31|37
32|44
33|21
34|11
35|24
36|10
37|27
38|36
39|44
40|34
41|26
42|22
43|41
44|16
45|1
46|39
47|14
48|27
49|39
50|21
51|39
52|10
53|49
54|9
55|24
56|23
57|25
58|16
59|29
60|42
61|35
62|24
63|37
64|0
65|7
66|17
67|34
68|25
69|23
70|32
71|22
72|37
73|25
74|8
75|39
76|22
77|19
78|49
79|24
80|1
81|49
82|25
83|25
84|4
85|5
86|47
87|11
88|4
89|11
90|40
91|39
92|9
93|33
94|14
95|7
96|13
97|49
98|27
99|23
100|3
101|11
102|44
103|28
104|32
105|40
106|31
107|25
108|44
109|43
110|37
111|42
112|25
113|31
114|44
115|45
116|31
117|28
118|12
119|6
120|0
121|4
122|24
123|38
124|44
125|11
126|20
127|22
128|45
129|35
130|26
131|24
132|14
133|17
134|32
135|35
136|49
137|42
138|14
139|27
140|30
141|20
142|29
143|4
144|13
145|18
146|14
147|3
148|13
149|43
150|42
151|43
152|13
153|32
154|17
155|32
156|40
157|36
158|32
159|42
160|42
161|9
162|46
163|38
164|10
165|48
166|46
167|16
168|44
169|19
170|3
171|1
172|7
173|24
174|47
175|32
176|5
177|42
178|40
179|16
180|0
181|12
182|20
183|33
184|25
185|10
186|14
187|44
188|23
189|7
190|44
191|25
192|19
193|39
194|42
195|31
196|3
197|21
198|38
199|15
200|19
201|33
202|13
203|28
204|16
205|16
206|1
207|28
208|46
209|12
210|3
211|42
212|37
213|46
214|16
215|14
216|34
217|8
218|29
219|22
220|26
221|21
222|48
223|0
224|44
225|24
226|16
227|4
228|1
229|29
230|9
231|48
232|23
233|30
234|11
235|35
236|5
237|44
238|19
239|16
240|39
241|14
242|21
243|0
244|44
245|9
246|14
247|48
248|13
249|3
250|3
251|29
252|10
253|7
254|19
255|26
256|41
257|20
258|28
259|46
260|18
261|37
262|33
263|0
264|28
265|25
266|20
267|18
268|41
269|29
270|14
271|49
272|43
273|23
274|11
275|35
276|41
277|32
278|14
279|40
280|34
281|1
282|0
283|14
284|9
285|36
286|9
287|37
288|31
289|4
290|14
291|39
292|39
293|13
294|22
295|7
296|14
297|32
298|7
299|4
300|25
301|33
302|44
303|29
304|8
305|19
306|14
307|33
308|47
309|45
310|36
311|17
312|38
313|20
314|31
315|3
316|10
317|37
318|36
319|9
320|30
321|47
322|20
323|35
324|31
325|21
326|49
327|23
328|6
329|2
330|9
331|42
332|46
333|24
334|11
335|46
336|8
337|25
338|7
339|41
340|5
341|24
342|14
343|11
344|25
345|10
346|28
347|26
348|38
349|23
350|34
351|21
352|4
353|35
354|3
355|11
356|36
357|28
358|41
359|28
360|24
361|19
362|35
363|4
364|34
365|7
366|37
367|45
368|49
369|13
370|35
371|7
372|3
373|8
374|48
375|32
376|41
377|29
378|31
379|20
380|11
381|45
382|43
383|37
384|11
385|47
386|3
387|22
388|11
389|41
390|18
391|26
392|40
393|17
394|37
395|14
396|27
397|22
398|44
399|47
400|44
401|19
402|43
403|6
404|6
405|31
406|25
407|49
408|47
409|45
410|39
411|2
412|30
413|17
414|7
415|23
416|26
417|28
418|31
419|34
420|28
421|35
422|43
423|13
424|49
425|37
426|46
427|21
428|16
429|47
430|13
431|10
432|41
433|23
434|8
435|27
436|35
437|31
438|15
439|24
440|49
441|2
442|16
443|40
444|28
445|18
446|13
447|46
448|26
449|18
450|12
451|43
452|26
453|48
454|30
455|17
456|39
457|47
458|3
459|6
460|11
461|1
462|40
463|28
464|24
465|39
466|24
467|36
468|19
469|3
470|36
471|30
472|21
473|30
474|5
475|33
476|29
477|6
478|1
479|3
480|22
481|31
482|15
483|16
484|16
485|7
486|3
487|40
488|26
489|38
490|30
491|1
492|38
493|37
494|11
495|40
496|36
497|29
498|2
499|3
500|24
501|48
502|34
503|45
504|11
505|37
506|18
507|26
508|8
509|34
510|49
511|42
512|12
513|37
514|26
515|42
516|13
517|48
518|26
519|8
520|49
521|46
522|10
523|20
524|47
525|19
526|46
527|14
528|47
529|27
530|15
531|27
532|23
533|22
534|39
535|11
536|20
537|10
538|15
539|5
540|40
541|2
542|35
543|35
544|49
545|48
546|18
547|39
548|22
549|2
550|18
551|7
552|22
553|7
554|8
555|4
556|15
557|17
558|45
559|36
560|13
561|19
562|40
563|41
564|41
565|5
566|32
567|45
568|40
569|1
570|9
571|22
572|30
573|9
574|23
575|23
576|4
577|45
578|45
579|16
580|15
581|9
582|7
583|49
584|43
585|13
586|37
587|44
588|1
589|32
590|11
591|49
592|24
593|5
594|27
595|27
596|30
597|40
598|1
599|32
600|37
601|25
602|24
603|44
604|27
605|24
606|30
607|10
608|49
609|27
610|49
611|12
612|44
613|24
614|7
615|33
616|15
617|19
618|34
619|3
620|46
621|46
622|28
623|8
624|39
625|3
626|49
627|42
628|19
629|39
630|32
631|38
632|22
633|30
634|11
635|28
636|37
637|22
638|16
639|3
640|20
641|38
642|0
643|19
644|16
645|0
646|26
647|39
648|24
649|25
650|22
651|15
652|32
653|17
654|6
655|29
656|21
657|41
658|20
659|44
660|15
661|2
662|13
663|13
664|31
665|37
666|40
667|34
668|12
669|0
670|43
671|35
672|0
673|11
674|23
675|44
676|36
677|34
678|20
679|15
680|20
681|40
682|22
683|0
684|18
685|18
686|33
687|14
688|45
689|38
690|2
691|34
692|5
693|16
694|18
695|2
696|38
697|2
698|32
699|9
700|25
701|25
702|27
703|7
704|40
705|17
706|20
707|43
708|13
709|23
710|10
711|42
712|27
713|31
714|14
715|41
716|13
717|45
718|45
719|44
720|19
721|28
722|41
723|19
724|17
725|49
726|40
727|39
728|28
729|42
730|8
731|48
732|45
733|32
734|48
735|24
736|2
737|0
738|35
739|14
740|46
741|18
742|2
743|47
744|29
745|14
746|11
747|17
748|3
749|21
750|20
751|3
752|16
753|18
754|36
755|45
756|45
757|40
758|27
759|16
760|47
761|4
762|12
763|37
764|35
765|16
766|45
767|11
768|32
769|21
770|15
771|49
772|21
773|34
774|20
775|6
776|2
777|6
778|40
779|32
780|21
781|30
782|13
783|38
784|31
785|36
786|17
787|16
788|2
789|23
790|45
791|28
792|29
793|10
794|19
795|24
796|38
797|0
798|36
799|5
800|0
801|14
802|43
803|26
804|19
805|26
806|36
807|15
808|18
809|40
810|24
811|20
812|34
813|13
814|26
815|35
816|36
817|25
818|27
819|3
820|22
821|8
822|2
823|40
824|29
825|34
826|34
827|26
828|20
829|7
830|15
831|27
832|38
833|32
834|49
835|7
836|13
837|43
838|18
839|24
840|42
841|26
842|18
843|7
844|45
845|42
846|19
847|16
848|27
849|13
850|16
851|21
852|27
853|38
854|6
855|36
856|43
857|28
858|14
859|38
860|8
861|22
862|28
863|44
864|36
865|43
866|17
867|41
868|9
869|25
870|30
871|38
872|13
873|36
874|16
875|43
876|42
877|6
878|20
879|2
880|5
881|44
882|28
883|32
884|21
885|49
886|34
887|26
888|45
889|48
890|44
891|4
892|20
893|23
894|5
895|10
896|32
897|40
898|24
899|23
900|19
901|17
902|36
903|20
904|42
905|36
906|1
907|0
908|45
909|14
910|3
911|38
912|41
913|14
914|2
915|11
916|33
917|17
918|20
919|7
920|29
921|12
922|27
923|44
924|27
925|31
926|49
927|28
928|7
929|39
930|42
931|17
932|2
933|9
934|21
935|24
936|23
937|30
938|40
939|41
940|48
941|31
942|15
943|10
944|10
945|38
946|14
947|39
948|26
949|1
950|12
951|19
952|8
953|26
954|30
955|21
956|46
957|48
958|36
959|12
960|35
961|36
962|9
963|43
964|18
965|40
966|13
967|24
968|48
969|11
970|26
971|41
972|28
973|30
974|2
975|4
976|19
977|23
978|41
979|22
980|41
981|32
982|2
983|0
984|38
985|29
986|3
987|24
988|43
989|47
990|24
991|14
992|41
993|21
994|6
995|17
996|9
997|24
998|8
999|11
1000|27
1001|14
1002|30
1003|34
1004|25
1005|30
1006|4
1007|45
1008|19
1009|45
1010|9
1011|26
1012|18
1013|25
1014|34
1015|45
1016|13
1017|2
1018|27
1019|42
1020|33
1021|6
1022|25
1023|35
1024|43
1025|32
1026|11
1027|1
1028|29
1029|10
1030|11
1031|6
1032|34
1033|47
1034|24
1035|28
1036|49
1037|26
1038|49
1039|13
1040|33
1041|10
1042|17
1043|40
1044|12
1045|17
1046|6
1047|15
1048|36
1049|25
1050|25
1051|9
1052|13
1053|48
1054|13
1055|32
1056|21
1057|13
1058|19
1059|15
1060|16
1061|44
1062|26
1063|33
1064|36
1065|1
1066|43
1067|35
1068|17
1069|5
1070|35
1071|15
1072|29
1073|13
1074|44
1075|49
1076|10
1077|14
1078|19
1079|42
1080|41
1081|5
1082|15
1083|35
1084|44
1085|21
1086|48
1087|37
1088|17
1089|38
1090|24
1091|8
1092|22
1093|18
1094|13
1095|6
1096|1
1097|41
1098|44
1099|45
1100|2
1101|38
1102|3
1103|33
1104|27
1105|27
1106|20
1107|49
1108|20
1109|45
1110|43
1111|44
1112|25
1113|33
1114|2
1115|45
1116|48
1117|47
1118|34
1119|18
1120|3
1121|15
1122|19
1123|38
1124|47
1125|41
1126|40
1127|27
1128|5
1129|47
1130|16
1131|14
1132|23
1133|31
1134|37
1135|39
1136|22
1137|32
1138|10
1139|17
1140|47
1141|14
1142|20
1143|18
1144|4
1145|7
1146|0
1147|34
1148|10
1149|29
1150|44
1151|18
1152|38
1153|13
1154|17
1155|16
1156|25
1157|9
1158|7
1159|49
1160|7
1161|16
1162|40
1163|7
1164|42
1165|25
1166|18
1167|28
1168|2
1169|38
1170|33
1171|3
1172|38
1173|44
1174|42
1175|21
1176|36
1177|24
1178|29
1179|49
1180|11
1181|4
1182|34
1183|33
1184|45
1185|12
1186|30
1187|45
1188|40
1189|32
1190|10
1191|47
1192|15
1193|6
1194|30
1195|17
1196|46
1197|32
1198|7
1199|26
1200|2
1201|47
1202|0
1203|14
1204|27
1205|34
1206|37
1207|7
1208|27
1209|46
1210|35
1211|8
1212|49
1213|9
1214|14
1215|7
1216|22
1217|3
1218|25
1219|39
1220|36
1221|3
1222|27
1223|7
1224|40
1225|17
1226|15
1227|44
1228|6
1229|1
1230|15
1231|2
1232|16
1233|48
1234|46
1235|39
1236|35
1237|11
1238|34
1239|2
1240|33
1241|33
1242|40
1243|37
1244|41
1245|23
1246|25
1247|21
1248|15
1249|28
1250|37
1251|43
1252|33
1253|1
1254|2
1255|27
1256|16
1257|4
1258|48
1259|38
1260|48
1261|26
1262|16
1263|27
1264|22
1265|9
1266|28
1267|28
1268|31
1269|25
1270|5
1271|1
1272|23
1273|1
1274|31
1275|43
1276|26
1277|23
1278|47
1279|10
1280|46
1281|30
1282|1
1283|44
1284|24
1285|13
1286|44
1287|28
1288|35
1289|17
1290|44
1291|29
1292|11
1293|32
1294|9
1295|11
1296|19
1297|0
1298|14
1299|19
1300|36
1301|15
1302|40
1303|40
1304|19
1305|42
1306|40
1307|17
1308|36
1309|32
1310|40
1311|12
1312|39
1313|5
1314|12
1315|32
1316|21
1317|48
1318|25
1319|28
1320|28
1321|27
1322|46
1323|25
1324|24
1325|11
1326|32
1327|4
1328|43
1329|16
1330|43
1331|1
1332|8
1333|10
1334|1
1335|39
1336|46
1337|29
1338|2
1339|47
1340|16
1341|26
1342|48
1343|41
1344|45
1345|2
1346|33
1347|31
1348|34
1349|10
1350|43
1351|31
1352|17
1353|36
1354|41
1355|36
1356|2
1357|37
1358|12
1359|24
1360|22
1361|27
1362|8
1363|37
1364|49
1365|15
1366|34
1367|29
1368|20
1369|26
1370|2
1371|39
1372|35
1373|17
1374|39
1375|0
1376|32
1377|34
1378|29
1379|14
1380|12
1381|28
1382|31
1383|28
1384|16
1385|24
1386|30
1387|15
1388|35
1389|49
1390|24
1391|42
1392|36
1393|32
1394|38
1395|29
1396|41
1397|5
1398|49
1399|0
1400|43
1401|27
1402|49
1403|40
1404|20
1405|18
1406|25
1407|29
1408|11
1409|19
1410|18
1411|14
1412|12
1413|2
1414|39
1415|4
1416|43
1417|19
1418|41
1419|46
1420|21
1421|12
1422|44
1423|5
1424|43
1425|31
1426|40
1427|28
1428|39
1429|45
1430|37
1431|18
1432|26
1433|14
1434|4
1435|9
1436|39
1437|16
1438|40
1439|18
1440|30
1441|9
1442|1
1443|3
1444|14
1445|19
1446|13
1447|33
1448|8
1449|11
1450|43
1451|22
1452|7
1453|19
1454|37
1455|47
1456|20
1457|14
1458|26
1459|38
1460|3
1461|14
1462|36
1463|27
1464|29
1465|36
1466|27
1467|44
1468|12
1469|44
1470|10
1471|23
1472|7
1473|20
1474|17
1475|27
1476|27
1477|25
1478|27
1479|33
1480|22
1481|39
1482|7
1483|22
1484|25
1485|15
1486|48
1487|10
1488|22
1489|9
1490|27
1491|34
1492|47
1493|11
1494|32
1495|23
1496|30
1497|9
1498|11
1499|16
1500|15
1501|38
1502|44
1503|42
1504|33
1505|30
1506|20
1507|5
1508|8
1509|43
1510|35
1511|5
1512|4
1513|17
1514|9
1515|8
1516|31
1517|25
1518|13
1519|38
1520|42
1521|0
1522|26
1523|5
1524|40
1525|21
1526|15
1527|0
1528|11
1529|29
1530|7
1531|4
1532|27
1533|13
1534|7
1535|42
1536|0
1537|5
1538|37
1539|24
1540|32
1541|9
1542|21
1543|16
1544|23
1545|40
1546|40
1547|43
1548|37
1549|2
1550|26
1551|40
1552|25
1553|3
1554|20
1555|9
1556|23
1557|1
1558|21
1559|19
1560|11
1561|24
1562|36
1563|24
1564|42
1565|24
1566|2
1567|48
1568|18
1569|39
1570|44
1571|12
1572|10
1573|2
1574|7
1575|46
1576|17
1577|34
1578|9
1579|19
1580|46
1581|32
1582|27
1583|17
1584|30
1585|12
1586|18
1587|15
1588|11
1589|22
1590|33
1591|20
1592|2
1593|0
1594|25
1595|36
1596|40
1597|24
1598|45
1599|35
1600|47
1601|6
1602|21
1603|10
1604|0
1605|30
1606|24
1607|15
1608|34
1609|17
1610|49
1611|6
1612|43
1613|43
1614|44
1615|11
1616|38
1617|7
1618|17
1619|7
1620|23
1621|3
1622|9
1623|29
1624|44
1625|34
1626|42
1627|21
1628|36
1629|39
1630|13
1631|30
1632|15
1633|44
1634|25
1635|1
1636|40
1637|30
1638|34
1639|44
1640|44
1641|16
1642|5
1643|8
1644|17
1645|40
1646|6
1647|34
1648|0
1649|18
1650|49
1651|11
1652|47
1653|33
1654|13
1655|20
1656|6
1657|12
1658|6
1659|40
1660|19
1661|11
1662|8
1663|13
1664|7
1665|46
1666|7
1667|9
1668|17
1669|7
1670|7
1671|9
1672|36
1673|45
1674|44
1675|41
1676|10
1677|34
1678|23
1679|35
1680|8
1681|30
1682|25
1683|49
1684|31
1685|40
1686|43
1687|28
1688|2
1689|19
1690|39
1691|33
1692|20
1693|21
1694|10
1695|38
1696|36
1697|19
1698|35
1699|1
1700|31
1701|2
1702|18
1703|32
1704|49
1705|41
1706|41
1707|33
1708|31
1709|2
1710|21
1711|31
1712|38
1713|11
1714|22
1715|9
1716|14
1717|45
1718|7
1719|14
1720|6
1721|18
1722|47
1723|17
1724|30
1725|42
1726|45
1727|40
1728|44
1729|23
1730|34
1731|41
1732|42
1733|30
1734|42
1735|6
1736|34
1737|15
1738|26
1739|23
1740|7
1741|38
1742|36
1743|10
1744|47
1745|42
1746|3
1747|47
1748|13
1749|18
1750|24
1751|20
1752|45
1753|11
1754|46
1755|2
1756|39
1757|41
1758|37
1759|25
1760|23
1761|23
1762|41
1763|23
1764|28
1765|10
1766|43
1767|16
1768|5
1769|35
1770|28
1771|0
1772|4
1773|23
1774|41
1775|44
1776|39
1777|41
1778|15
1779|42
1780|37
1781|18
1782|46
1783|39
1784|41
1785|33
1786|14
1787|1
1788|29
1789|39
1790|33
1791|37
1792|17
1793|44
1794|35
1795|47
1796|20
1797|27
1798|6
1799|32
1800|20
1801|2
1802|8
1803|23
1804|7
1805|15
1806|18
1807|33
1808|2
1809|11
1810|46
1811|47
1812|21
1813|33
1814|9
1815|19
1816|0
1817|1
1818|26
1819|33
1820|35
1821|16
1822|5
1823|5
1824|6
1825|18
1826|25
1827|5
1828|41
1829|4
1830|39
1831|8
1832|43
1833|9
1834|1
1835|0
1836|7
1837|44
1838|49
1839|6
1840|1
1841|32
1842|47
1843|40
1844|3
1845|2
1846|35
1847|34
1848|49
1849|35
1850|44
1851|6
1852|20
1853|8
1854|22
1855|37
1856|15
1857|46
1858|10
1859|43
1860|26
1861|26
1862|2
1863|10
1864|7
1865|24
1866|38
1867|43
1868|28
1869|49
1870|28
1871|8
1872|38
1873|9
1874|1
1875|19
1876|24
1877|42
1878|12
1879|39
1880|22
1881|9
1882|19
1883|31
1884|47
1885|10
1886|5
1887|21
1888|34
1889|2
1890|46
1891|8
1892|3
1893|31
1894|36
1895|25
1896|28
1897|11
1898|47
1899|19
1900|1
1901|20
1902|19
1903|31
1904|37
1905|31
1906|39
1907|0
1908|7
1909|6
1910|5
1911|41
1912|31
1913|9
1914|32
1915|40
1916|35
1917|27
1918|11
1919|25
1920|9
1921|42
1922|2
1923|29
1924|47
1925|40
1926|17
1927|24
1928|42
1929|30
1930|23
1931|38
1932|3
1933|1
1934|2
1935|39
1936|29
1937|38
1938|24
1939|37
1940|36
1941|44
1942|22
1943|10
1944|46
1945|29
1946|43
1947|25
1948|14
1949|20
1950|28
1951|31
1952|1
1953|14
1954|44
1955|34
1956|49
1957|5
1958|30
1959|47
1960|34
1961|39
1962|3
1963|47
1964|23
1965|43
1966|5
1967|43
1968|10
1969|36
1970|30
1971|40
1972|24
1973|44
1974|1
1975|30
1976|16
1977|15
1978|43
1979|11
1980|27
1981|3
1982|19
1983|29
1984|26
1985|22
1986|36
1987|5
1988|1
1989|49
1990|36
1991|34
1992|0
1993|41
1994|46
1995|37
1996|7
1997|45
1998|25
1999|12
2000|18
2001|13
2002|30
2003|32
2004|18
2005|31
2006|28
2007|38
2008|29
2009|7
2010|17
2011|47
2012|39
2013|39
2014|10
2015|13
2016|41
2017|38
2018|8
2019|10
2020|4
2021|28
2022|30
2023|42
2024|38
2025|9
2026|11
2027|18
2028|10
2029|24
2030|46
2031|32
2032|12
2033|47
2034|27
2035|48
2036|30
2037|42
2038|7
2039|10
2040|43
2041|20
2042|24
2043|31
2044|4
2045|34
2046|44
2047|6
2048|16
2049|24
2050|32
2051|19
2052|46
2053|27
2054|19
2055|2
2056|21
2057|7
2058|16
2059|21
2060|49
2061|21
2062|20
2063|11
2064|32
2065|2
2066|14
2067|0
2068|39
2069|49
2070|24
2071|46
2072|25
2073|23
2074|31
2075|16
2076|34
2077|31
2078|22
2079|7
2080|43
2081|36
2082|21
2083|20
2084|34
2085|28
2086|21
2087|7
2088|19
2089|12
2090|26
2091|46
2092|8
2093|2
2094|30
2095|17
2096|16
2097|6
2098|2
2099|14
2100|2
2101|38
2102|0
2103|21
2104|19
2105|28
2106|9
2107|41
2108|2
2109|46
2110|2
2111|29
2112|5
2113|12
2114|5
2115|48
2116|18
2117|30
2118|31
2119|40
2120|36
2121|19
2122|46
2123|40
2124|24
2125|31
2126|38
2127|27
2128|21
2129|35
2130|35
2131|40
2132|49
2133|8
2134|45
2135|12
2136|48
2137|42
2138|37
2139|40
2140|40
2141|16
2142|43
2143|5
2144|30
2145|26
2146|48
2147|19
2148|6
2149|11
2150|33
2151|2
2152|39
2153|30
2154|15
2155|33
2156|9
2157|49
2158|27
2159|8
2160|39
2161|15
2162|44
2163|38
2164|17
2165|24
2166|5
2167|49
2168|8
2169|1
2170|31
2171|34
2172|8
2173|28
2174|10
2175|0
2176|34
2177|20
2178|12
2179|22
2180|26
2181|10
2182|15
2183|7
2184|24
2185|8
2186|40
2187|4
2188|24
2189|16
2190|24
2191|46
2192|40
2193|31
2194|9
2195|24
2196|7
2197|23
2198|2
2199|38
2200|23
2201|18
2202|6
2203|37
2204|8
2205|15
2206|23
2207|22
2208|25
2209|29
2210|6
2211|40
2212|25
2213|12
2214|11
2215|26
2216|7
2217|41
2218|31
2219|36
2220|0
2221|4
2222|21
2223|13
2224|18
2225|12
2226|8
2227|5
2228|21
2229|33
2230|24
2231|21
2232|19
2233|7
2234|21
2235|19
2236|42
2237|34
2238|2
2239|44
2240|41
2241|3
2242|32
2243|39
2244|10
2245|28
2246|24
2247|27
2248|14
2249|19
2250|39
2251|21
2252|16
2253|30
2254|28
2255|40
2256|18
2257|22
2258|9
2259|17
2260|38
2261|15
2262|46
2263|1
2264|32
2265|19
2266|31
2267|6
2268|46
2269|8
2270|30
2271|44
2272|17
2273|39
2274|25
2275|26
2276|5
2277|35
2278|34
2279|32
2280|34
2281|1
2282|31
2283|46
2284|19
2285|8
2286|16
2287|23
2288|3
2289|14
2290|28
2291|11
2292|11
2293|31
2294|18
2295|43
2296|27
2297|8
2298|41
2299|4
2300|16
2301|6
2302|46
2303|16
2304|26
2305|7
2306|20
2307|2
2308|9
2309|32
2310|31
2311|27
2312|21
2313|25
2314|34
2315|29
2316|43
2317|47
2318|3
2319|24
2320|16
2321|6
2322|4
2323|22
2324|44
2325|8
2326|24
2327|3
2328|32
2329|12
2330|19
2331|15
2332|16
2333|19
2334|0
2335|43
2336|5
2337|40
2338|40
2339|25
2340|37
2341|28
2342|49
2343|11
2344|31
2345|22
2346|37
2347|34
2348|33
2349|48
2350|11
2351|26
2352|39
2353|10
2354|35
2355|10
2356|16
2357|46
2358|8
2359|35
2360|24
2361|49
2362|44
2363|48
2364|33
2365|48
2366|17
2367|13
2368|48
2369|2
2370|31
2371|9
2372|37
2373|7
2374|44
2375|19
2376|23
2377|2
2378|43
2379|42
2380|13
2381|8
2382|42
2383|20
2384|19
2385|45
2386|14
2387|22
2388|18
2389|12
2390|22
2391|10
2392|31
2393|5
2394|23
2395|10
2396|13
2397|35
2398|41
2399|45
2400|35
2401|38
2402|40
2403|37
2404|46
2405|35
2406|10
2407|47
2408|27
2409|37
2410|23
2411|0
2412|8
2413|33
2414|12
2415|38
2416|7
2417|35
2418|12
2419|21
2420|17
2421|37
2422|38
2423|33
2424|27
2425|10
2426|6
2427|12
2428|28
2429|25
2430|49
2431|44
2432|30
2433|13
2434|37
2435|28
2436|43
2437|27
2438|19
2439|6
2440|9
2441|1
2442|45
2443|19
2444|17
2445|39
2446|41
2447|42
2448|23
2449|49
2450|25
2451|47
2452|33
2453|46
2454|41
2455|8
2456|21
2457|14
2458|40
2459|22
2460|35
2461|12
2462|13
2463|17
2464|22
2465|27
2466|22
2467|32
2468|9
2469|11
2470|42
2471|20
2472|4
2473|36
2474|40
2475|49
2476|22
2477|13
2478|30
2479|35
2480|21
2481|39
2482|22
2483|42
2484|0
2485|34
2486|35
2487|1
2488|45
2489|19
2490|45
2491|30
2492|35
2493|3
2494|44
2495|41
2496|22
2497|36
2498|32
2499|7
2500|4
2501|17
2502|15
2503|5
2504|48
2505|49
2506|27
2507|24
2508|16
2509|44
2510|21
2511|41
2512|39
2513|47
2514|41
2515|3
2516|48
2517|40
2518|16
2519|20
2520|39
2521|31
2522|36
2523|0
2524|40
2525|40
2526|17
2527|5
2528|5
2529|24
2530|22
2531|32
2532|7
2533|42
2534|10
2535|38
2536|31
2537|32
2538|4
2539|13
2540|10
2541|15
2542|43
2543|3
2544|37
2545|29
2546|48
2547|42
2548|40
2549|49
2550|15
2551|10
2552|21
2553|36
2554|25
2555|49
2556|5
2557|28
2558|28
2559|37
2560|25
2561|5
2562|20
2563|12
2564|49
2565|46
2566|32
2567|19
2568|2
2569|44
2570|48
2571|33
2572|15
2573|43
2574|9
2575|6
2576|24
2577|39
2578|48
2579|2
2580|6
2581|48
2582|23
2583|46
2584|26
2585|7
2586|15
2587|0
2588|29
2589|3
2590|47
2591|3
2592|2
2593|13
2594|37
2595|1
2596|22
2597|36
2598|47
2599|11
2600|29
2601|1
2602|30
2603|47
2604|43
2605|48
2606|42
2607|5
2608|38
2609|25
2610|40
2611|44
2612|44
2613|26
2614|16
2615|26
2616|14
2617|46
2618|15
2619|20
2620|5
2621|2
2622|41
2623|1
2624|42
2625|12
2626|48
2627|26
2628|49
2629|11
2630|40
2631|31
2632|24
2633|43
2634|15
2635|9
2636|33
2637|24
2638|40
2639|35
2640|0
2641|49
2642|48
2643|18
2644|17
2645|7
2646|17
2647|4
2648|3
2649|48
2650|11
2651|30
2652|45
2653|29
2654|38
2655|19
2656|36
2657|27
2658|38
2659|40
2660|43
2661|16
2662|8
2663|11
2664|27
2665|23
2666|36
2667|35
2668|10
2669|16
2670|27
2671|43
2672|10
2673|14
2674|27
2675|41
2676|6
2677|29
2678|14
2679|5
2680|18
2681|45
2682|4
2683|2
2684|0
2685|21
2686|32
2687|3
2688|26
2689|11
2690|20
2691|7
2692|0
2693|44
2694|39
2695|15
2696|47
2697|25
2698|18
2699|36
2700|6
2701|23
2702|10
2703|19
2704|2
2705|2
2706|8
2707|3
2708|34
2709|29
2710|15
2711|38
2712|17
2713|34
2714|41
2715|22
2716|21
2717|21
2718|11
2719|13
2720|16
2721|38
2722|17
2723|20
2724|49
2725|42
2726|17
2727|27
2728|5
2729|14
2730|16
2731|11
2732|16
2733|42
2734|38
2735|15
2736|5
2737|36
2738|4
2739|5
2740|20
2741|37
2742|49
2743|19
2744|30
2745|29
2746|39
2747|44
2748|40
2749|32
2750|13
2751|10
2752|43
2753|13
2754|1
2755|9
2756|37
2757|31
2758|9
2759|40
2760|0
2761|39
2762|26
2763|24
2764|17
2765|47
2766|48
2767|27
2768|37
2769|48
2770|14
2771|2
2772|10
2773|49
2774|8
2775|38
2776|34
2777|27
2778|23
2779|9
2780|4
2781|35
2782|48
2783|36
2784|35
2785|25
2786|19
2787|40
2788|0
2789|22
2790|45
2791|30
2792|22
2793|30
2794|19
2795|27
2796|33
2797|9
2798|9
2799|45
2800|38
2801|19
2802|49
2803|32
2804|7
2805|26
2806|3
2807|23
2808|27
2809|5
2810|21
2811|8
2812|48
2813|47
2814|20
2815|43
2816|2
2817|8
2818|10
2819|25
2820|1
2821|42
2822|9
2823|11
2824|31
2825|20
2826|2
2827|11
2828|41
2829|28
2830|15
2831|21
2832|0
2833|17
2834|37
2835|1
2836|4
2837|30
2838|25
2839|19
2840|7
2841|17
2842|42
2843|8
2844|35
2845|39
2846|40
2847|46
2848|35
2849|49
2850|17
2851|38
2852|29
2853|10
2854|39
2855|27
2856|35
2857|22
2858|42
2859|13
2860|34
2861|2
2862|35
2863|9
2864|34
2865|27
2866|49
2867|22
2868|19
2869|8
2870|6
2871|45
2872|25
2873|39
2874|15
2875|19
2876|1
2877|28
2878|6
2879|29
2880|4
2881|46
2882|41
2883|19
2884|23
2885|25
2886|37
2887|2
2888|43
2889|0
2890|26
2891|49
2892|40
2893|18
2894|27
2895|20
2896|10
2897|20
2898|18
2899|24
2900|4
2901|29
2902|14
2903|21
2904|7
2905|9
2906|3
2907|27
2908|36
2909|3
2910|10
2911|34
2912|19
2913|33
2914|24
2915|33
2916|13
2917|2
2918|23
2919|44
2920|6
2921|18
2922|32
2923|12
2924|18
2925|38
2926|1
2927|0
2928|34
2929|38
2930|39
2931|45
2932|30
2933|42
2934|44
2935|39
2936|19
2937|7
2938|15
2939|21
2940|39
2941|18
2942|27
2943|41
2944|31
2945|28
2946|43
2947|1
2948|20
2949|14
2950|12
2951|20
2952|41
2953|34
2954|31
2955|25
2956|33
2957|22
2958|30
2959|29
2960|49
2961|18
2962|19
2963|42
2964|9
2965|42
2966|26
2967|21
2968|7
2969|43
2970|28
2971|32
2972|25
2973|2
2974|28
2975|38
2976|44
2977|15
2978|35
2979|39
2980|47
2981|45
2982|42
2983|42
2984|37
2985|6
2986|8
2987|18
2988|6
2989|27
2990|22
2991|25
2992|37
2993|1
2994|46
2995|12
2996|3
2997|28
2998|32
2999|48
3000|20
