0|23
1|47
2|8
3|28
4|48
5|26
6|11
7|47
8|40
9|19
10|40
11|30
12|13
13|19
14|15
15|13
16|26
17|20
18|24
19|47
20|22
21|47
22|13
23|6
24|12
25|22
26|17
27|45
28|6
29|47
30|18
31|20
32|32
33|31
34|11
35|22
36|19
37|24
38|22
39|10
40|44
41|44
42|33
43|10
44|19
45|18
46|41
47|34
48|37
49|29
50|29
51|43
52|18
53|22
54|18
55|34
56|11
57|24
58|45
59|17
60|9
61|12
62|13
63|39
64|23
65|5
66|6
67|35
68|46
69|49
70|4
71|23
72|48
73|10
74|21
75|37
76|16
77|45
78|16
79|40
80|18
81|7
82|11
83|28
84|3
85|21
86|14
87|3
88|42
89|33
90|27
91|49
92|20
93|39
94|24
95|0
96|0
97|28
98|48
99|14
100|30
101|5
102|22
103|1
104|24
105|32
106|35
107|13
108|10
109|44
110|25
111|41
112|45
113|8
114|36
115|49
116|41
117|36
118|22
119|45
120|23
121|8
122|8
123|1
124|15
125|20
126|30
127|30
128|44
129|15
130|5
131|44
132|32
133|20
134|16
135|40
136|29
137|19
138|11
139|38
140|29
141|21
142|6
143|30
144|42
145|19
146|4
147|29
148|20
149|21
150|47
151|44
152|23
153|23
154|29
155|40
156|26
157|24
158|20
159|15
160|33
161|33
162|47
163|48
164|48
165|6
166|41
167|44
168|17
169|40
170|15
171|42
172|44
173|47
174|22
175|43
176|0
177|14
178|39
179|24
180|1
181|46
182|28
183|12
184|49
185|45
186|1
187|39
188|23
189|30
190|48
191|1
192|37
193|45
194|34
195|5
196|39
197|13
198|18
199|18
200|26
201|28
202|12
203|47
204|36
205|19
206|8
207|39
208|26
209|36
210|41
211|2
212|8
213|33
214|39
215|2
216|31
217|24
218|24
219|30
220|37
221|22
222|31
223|3
224|43
225|35
226|24
227|48
228|38
229|23
230|39
231|35
232|8
233|28
234|34
235|44
236|8
237|29
238|28
239|11
240|15
241|20
242|0
243|12
244|25
245|18
246|7
247|1
248|0
249|47
250|1
251|39
252|11
253|13
254|6
255|38
256|40
257|19
258|38
259|19
260|42
261|22
262|30
263|33
264|29
265|45
266|25
267|4
268|37
269|6
270|31
271|35
272|43
273|19
274|38
275|34
276|45
277|47
278|5
279|12
280|19
281|41
282|12
283|14
284|29
285|26
286|16
287|17
288|48
289|44
290|2
291|39
292|23
293|21
294|2
295|27
296|9
297|17
298|13
299|16
300|40
301|20
302|25
303|34
304|3
305|5
306|22
307|42
308|22
309|35
310|3
311|23
312|34
313|27
314|31
315|24
316|43
317|35
318|10
319|14
320|44
321|26
322|30
323|20
324|37
325|15
326|27
327|40
328|27
329|49
330|34
331|31
332|20
333|18
334|14
335|24
336|18
337|18
338|22
339|30
340|28
341|14
342|45
343|0
344|46
345|36
346|24
347|32
348|21
349|45
350|30
351|41
352|3
353|17
354|4
355|16
356|10
357|36
358|8
359|14
360|28
361|27
362|1
363|17
364|8
365|28
366|43
367|1
368|14
369|1
370|6
371|48
372|4
373|49
374|32
375|23
376|8
377|19
378|28
379|4
380|29
381|10
382|17
383|35
384|14
385|16
386|20
387|23
388|47
389|29
390|44
391|39
392|42
393|28
394|19
395|0
396|19
397|29
398|47
399|29
400|42
401|37
402|17
403|16
404|28
405|42
406|26
407|2
408|20
409|35
410|21
411|8
412|13
413|36
414|19
415|25
416|20
417|3
418|7
419|10
420|29
421|36
422|19
423|6
424|46
425|26
426|22
427|7
428|34
429|35
430|22
431|32
432|35
433|6
434|15
435|40
436|16
437|49
438|30
439|41
440|13
441|7
442|5
443|1
444|42
445|3
446|8
447|5
448|39
449|29
450|46
451|20
452|1
453|8
454|36
455|24
456|48
457|36
458|11
459|22
460|34
461|28
462|46
463|12
464|3
465|44
466|46
467|33
468|47
469|35
470|15
471|13
472|38
473|26
474|44
475|9
476|3
477|37
478|42
479|26
480|38
481|31
482|9
483|35
484|21
485|11
486|40
487|25
488|7
489|0
490|10
491|21
492|44
493|20
494|17
495|22
496|3
497|16
498|4
499|2
500|23
501|46
502|27
503|34
504|38
505|19
506|14
507|38
508|14
509|48
510|11
511|45
512|23
513|20
514|18
515|10
516|8
517|18
518|26
519|21
520|36
521|21
522|36
523|33
524|1
525|25
526|46
527|49
528|26
529|15
530|39
531|26
532|40
533|20
534|19
535|31
536|15
537|5
538|1
539|19
540|39
541|26
542|48
543|10
544|49
545|34
546|3
547|29
548|25
549|41
550|19
551|9
552|27
553|31
554|23
555|28
556|33
557|21
558|14
559|48
560|25
561|26
562|23
563|42
564|10
565|7
566|19
567|19
568|33
569|30
570|21
571|3
572|22
573|33
574|27
575|39
576|9
577|9
578|37
579|26
580|8
581|8
582|34
583|10
584|11
585|5
586|4
587|12
588|32
589|6
590|45
591|25
592|38
593|31
594|12
595|13
596|46
597|42
598|5
599|36
600|42
601|31
602|25
603|32
604|14
605|21
606|23
607|27
608|1
609|26
610|20
611|28
612|29
613|21
614|26
615|33
616|5
617|28
618|28
619|37
620|21
621|2
622|21
623|40
624|27
625|17
626|9
627|9
628|13
629|16
630|9
631|1
632|1
633|32
634|41
635|8
636|17
637|40
638|45
639|15
640|6
641|28
642|1
643|21
644|12
645|4
646|45
647|46
648|30
649|29
650|49
651|39
652|20
653|5
654|28
655|27
656|28
657|32
658|46
659|42
660|40
661|39
662|17
663|6
664|40
665|12
666|43
667|34
668|43
669|20
670|39
671|29
672|7
673|30
674|30
675|20
676|19
677|49
678|0
679|41
680|9
681|39
682|19
683|38
684|2
685|29
686|5
687|19
688|32
689|35
690|21
691|11
692|29
693|37
694|16
695|5
696|25
697|17
698|0
699|17
700|25
701|49
702|38
703|31
704|23
705|9
706|5
707|31
708|45
709|42
710|22
711|49
712|12
713|14
714|17
715|37
716|1
717|44
718|41
719|23
720|33
721|0
722|48
723|45
724|48
725|2
726|14
727|18
728|1
729|34
730|14
731|33
732|31
733|19
734|38
735|30
736|16
737|39
738|9
739|10
740|35
741|31
742|39
743|43
744|9
745|12
746|29
747|26
748|23
749|11
750|8
751|40
752|45
753|16
754|5
755|24
756|17
757|48
758|36
759|33
760|1
761|16
762|38
763|46
764|3
765|19
766|49
767|23
768|27
769|44
770|31
771|47
772|9
773|36
774|40
775|4
776|21
777|26
778|29
779|17
780|32
781|18
782|28
783|13
784|27
785|36
786|11
787|14
788|49
789|18
790|15
791|42
792|10
793|12
794|19
795|11
796|37
797|39
798|32
799|43
800|39
801|21
802|21
803|38
804|14
805|45
806|17
807|14
808|41
809|26
810|35
811|8
812|6
813|0
814|17
815|46
816|14
817|25
818|48
819|19
820|47
821|31
822|26
823|6
824|27
825|4
826|39
827|10
828|32
829|0
830|24
831|16
832|6
833|1
834|0
835|40
836|31
837|48
838|33
839|23
840|42
841|24
842|35
843|26
844|26
845|14
846|34
847|3
848|25
849|7
850|32
851|26
852|38
853|11
854|10
855|14
856|12
857|0
858|20
859|35
860|46
861|7
862|31
863|8
864|11
865|1
866|46
867|26
868|41
869|16
870|14
871|22
872|13
873|19
874|33
875|20
876|15
877|10
878|42
879|44
880|19
881|14
882|31
883|10
884|25
885|25
886|37
887|9
888|22
889|23
890|23
891|45
892|17
893|44
894|4
895|0
896|49
897|9
898|12
899|49
900|26
901|11
902|42
903|17
904|30
905|39
906|9
907|24
908|15
909|33
910|23
911|26
912|12
913|17
914|3
915|1
916|44
917|17
918|28
919|17
920|7
921|20
922|28
923|27
924|24
925|8
926|20
927|21
928|34
929|0
930|48
931|19
932|16
933|0
934|44
935|1
936|45
937|11
938|16
939|45
940|30
941|48
942|19
943|38
944|24
945|35
946|49
947|48
948|9
949|48
950|30
951|2
952|30
953|9
954|45
955|33
956|29
957|6
958|0
959|11
960|31
961|1
962|11
963|1
964|11
965|35
966|46
967|49
968|23
969|43
970|22
971|21
972|46
973|21
974|5
975|27
976|12
977|16
978|15
979|1
980|14
981|42
982|36
983|8
984|48
985|46
986|46
987|5
988|13
989|6
990|49
991|26
992|9
993|29
994|34
995|48
996|16
997|47
998|17
999|3
1000|48
1001|44
1002|39
1003|12
1004|7
1005|46
1006|11
1007|23
1008|37
1009|24
1010|39
1011|40
1012|5
1013|22
1014|33
1015|36
1016|17
1017|34
1018|7
1019|45
1020|28
1021|6
1022|6
1023|38
1024|22
1025|22
1026|39
1027|21
1028|35
1029|10
1030|37
1031|14
1032|16
1033|22
1034|18
1035|11
1036|28
1037|13
1038|16
1039|24
1040|32
1041|40
1042|13
1043|10
1044|20
1045|8
1046|15
1047|43
1048|6
1049|0
1050|2
1051|20
1052|2
1053|2
1054|39
1055|19
1056|13
1057|9
1058|28
1059|11
1060|48
1061|6
1062|44
1063|2
1064|47
1065|36
1066|14
1067|35
1068|23
1069|24
1070|35
1071|41
1072|34
1073|35
1074|27
1075|25
1076|23
1077|16
1078|17
1079|6
1080|0
1081|13
1082|40
1083|47
1084|13
1085|20
1086|39
1087|27
1088|45
1089|2
1090|4
1091|9
1092|26
1093|25
1094|13
1095|12
1096|44
1097|47
1098|11
1099|38
1100|7
1101|3
1102|38
1103|21
1104|27
1105|18
1106|28
1107|11
1108|1
1109|48
1110|44
1111|26
1112|44
1113|21
1114|5
1115|28
1116|9
1117|42
1118|3
1119|15
1120|1
1121|42
1122|16
1123|4
1124|35
1125|4
1126|16
1127|8
1128|24
1129|44
1130|40
1131|42
1132|10
1133|48
1134|48
1135|9
1136|0
1137|5
1138|31
1139|19
1140|40
1141|2
1142|1
1143|17
1144|24
1145|27
1146|37
1147|15
1148|45
1149|18
1150|38
1151|6
1152|13
1153|28
1154|38
1155|41
1156|45
1157|6
1158|46
1159|29
1160|28
1161|32
1162|35
1163|10
1164|26
1165|1
1166|45
1167|27
1168|12
1169|17
1170|10
1171|36
1172|3
1173|14
1174|3
1175|37
1176|9
1177|33
1178|32
1179|11
1180|24
1181|1
1182|25
1183|30
1184|10
1185|7
1186|47
1187|19
1188|49
1189|37
1190|41
1191|12
1192|16
1193|40
1194|39
1195|34
1196|22
1197|16
1198|31
1199|43
1200|23
1201|2
1202|29
1203|10
1204|32
1205|22
1206|38
1207|30
1208|14
1209|40
1210|4
1211|17
1212|2
1213|22
1214|26
1215|29
1216|7
1217|48
1218|37
1219|26
1220|9
1221|7
1222|30
1223|11
1224|39
1225|43
1226|10
1227|40
1228|29
1229|32
1230|44
1231|4
1232|41
1233|24
1234|28
1235|27
1236|47
1237|10
1238|15
1239|39
1240|31
1241|36
1242|42
1243|7
1244|2
1245|49
1246|0
1247|27
1248|36
1249|49
1250|3
1251|19
1252|9
1253|21
1254|48
1255|11
1256|46
1257|13
1258|7
1259|39
1260|44
1261|36
1262|8
1263|11
1264|11
1265|28
1266|0
1267|34
1268|4
1269|22
1270|49
1271|7
1272|19
1273|8
1274|34
1275|3
1276|29
1277|25
1278|40
1279|14
1280|40
1281|27
1282|7
1283|14
1284|20
1285|20
1286|39
1287|28
1288|21
1289|10
1290|27
1291|30
1292|4
1293|24
1294|10
1295|14
1296|1
1297|30
1298|35
1299|0
1300|45
1301|16
1302|49
1303|15
1304|33
1305|1
1306|34
1307|15
1308|0
1309|35
1310|43
1311|10
1312|9
1313|2
1314|24
1315|45
1316|44
1317|4
1318|44
1319|32
1320|39
1321|41
1322|10
1323|1
1324|42
1325|47
1326|16
1327|37
1328|11
1329|40
1330|0
1331|41
1332|11
1333|32
1334|36
1335|9
1336|49
1337|24
1338|18
1339|6
1340|33
1341|21
1342|2
1343|12
1344|14
1345|9
1346|31
1347|37
1348|7
1349|44
1350|0
1351|30
1352|23
1353|20
1354|38
1355|36
1356|7
1357|19
1358|33
1359|37
1360|23
1361|29
1362|37
1363|39
1364|43
1365|46
1366|19
1367|45
1368|16
1369|34
1370|48
1371|49
1372|42
1373|14
1374|6
1375|3
1376|48
1377|11
1378|44
1379|11
1380|23
1381|41
1382|44
1383|41
1384|18
1385|1
1386|30
1387|7
1388|42
1389|16
1390|34
1391|27
1392|49
1393|14
1394|36
1395|44
1396|7
1397|39
1398|37
1399|37
1400|35
1401|40
1402|46
1403|14
1404|41
1405|4
1406|31
1407|27
1408|4
1409|13
1410|25
1411|47
1412|33
1413|17
1414|11
1415|22
1416|2
1417|1
1418|3
1419|37
1420|18
1421|49
1422|42
1423|48
1424|45
1425|20
1426|40
1427|37
1428|1
1429|5
1430|18
1431|25
1432|38
1433|1
1434|35
1435|15
1436|15
1437|1
1438|2
1439|26
1440|17
1441|21
1442|49
1443|15
1444|39
1445|45
1446|8
1447|31
1448|11
1449|2
1450|35
1451|47
1452|4
1453|28
1454|32
1455|46
1456|31
1457|10
1458|23
1459|13
1460|33
1461|31
1462|17
1463|49
1464|2
1465|44
1466|7
1467|3
1468|31
1469|15
1470|8
1471|6
1472|41
1473|14
1474|36
1475|28
1476|21
1477|17
1478|9
1479|4
1480|25
1481|1
1482|21
1483|13
1484|17
1485|16
1486|26
1487|1
1488|41
1489|41
1490|44
1491|4
1492|23
1493|7
1494|45
1495|20
1496|20
1497|14
1498|42
1499|48
1500|28
