0|3
1|46
2|16
3|36
4|32
5|35
6|27
7|41
8|7
9|32
10|16
11|30
12|9
13|28
14|4
15|22
16|30
17|47
18|41
19|24
20|30
21|46
22|36
23|47
24|24
25|9
26|4
27|47
28|17
29|21
30|22
31|44
32|45
33|23
34|7
35|11
36|9
37|1
38|14
39|7
40|47
41|43
42|17
43|8
44|4
45|18
46|22
47|19
48|4
49|18
50|38
51|25
52|43
53|29
54|12
55|23
56|37
57|14
58|44
59|46
60|6
61|5
62|27
63|25
64|7
65|30
66|28
67|5
68|12
69|11
70|17
71|9
72|18
73|34
74|28
75|41
76|0
77|14
78|28
79|8
80|47
81|18
82|13
83|23
84|47
85|34
86|9
87|17
88|3
89|47
90|21
91|12
92|39
93|24
94|7
95|28
96|41
97|27
98|38
99|21
100|36
101|0
102|28
103|22
104|28
105|49
106|4
107|47
108|36
109|5
110|17
111|9
112|2
113|17
114|45
115|2
116|24
117|28
118|12
119|33
120|9
121|5
122|9
123|18
124|13
125|24
126|31
127|23
128|31
129|29
130|36
131|45
132|28
133|16
134|9
135|37
136|12
137|31
138|7
139|14
140|39
141|40
142|26
143|14
144|23
145|48
146|35
147|19
148|31
149|24
150|6
151|40
152|2
153|26
154|30
155|20
156|10
157|49
158|35
159|1
160|16
161|24
162|5
163|37
164|35
165|30
166|34
167|16
168|19
169|2
170|42
171|26
172|11
173|20
174|23
175|28
176|6
177|30
178|14
179|9
180|46
181|41
182|15
183|3
184|41
185|22
186|34
187|11
188|25
189|8
190|22
191|0
192|8
193|49
194|7
195|34
196|45
197|34
198|21
199|9
200|15
201|8
202|6
203|18
204|43
205|16
206|29
207|6
208|14
209|47
210|43
211|23
212|47
213|32
214|27
215|4
216|24
217|29
218|3
219|36
220|22
221|11
222|30
223|4
224|7
225|40
226|47
227|25
228|38
229|40
230|8
231|13
232|23
233|35
234|40
235|1
236|22
237|40
238|40
239|6
240|13
241|28
242|15
243|33
244|47
245|10
246|47
247|9
248|21
249|15
250|36
251|33
252|4
253|44
254|49
255|4
256|45
257|27
258|16
259|19
260|26
261|5
262|31
263|23
264|12
265|49
266|11
267|17
268|22
269|15
270|49
271|34
272|0
273|26
274|42
275|7
276|23
277|39
278|29
279|24
280|14
281|38
282|49
283|34
284|20
285|20
286|30
287|39
288|26
289|24
290|14
291|0
292|46
293|19
294|35
295|3
296|23
297|0
298|28
299|38
300|28
301|1
302|34
303|25
304|1
305|47
306|31
307|32
308|21
309|8
310|47
311|20
312|33
313|16
314|45
315|28
316|38
317|2
318|25
319|1
320|7
321|49
322|14
323|38
324|36
325|18
326|48
327|43
328|14
329|2
330|41
331|24
332|13
333|11
334|20
335|31
336|48
337|45
338|11
339|45
340|24
341|49
342|45
343|22
344|29
345|13
346|17
347|44
348|41
349|3
350|17
351|8
352|15
353|38
354|28
355|0
356|44
357|43
358|22
359|13
360|21
361|35
362|33
363|11
364|26
365|25
366|24
367|26
368|30
369|44
370|34
371|29
372|1
373|11
374|27
375|14
376|29
377|21
378|19
379|0
380|2
381|38
382|41
383|43
384|4
385|1
386|30
387|47
388|25
389|7
390|3
391|34
392|44
393|6
394|35
395|45
396|40
397|8
398|22
399|7
400|33
401|38
402|45
403|24
404|7
405|36
406|5
407|0
408|13
409|7
410|4
411|20
412|36
413|2
414|42
415|22
416|8
417|2
418|42
419|39
420|48
421|30
422|11
423|31
424|8
425|49
426|44
427|19
428|25
429|28
430|36
431|7
432|45
433|21
434|14
435|34
436|21
437|47
438|13
439|30
440|43
441|17
442|48
443|7
444|21
445|36
446|25
447|19
448|29
449|9
450|10
451|20
452|18
453|28
454|41
455|48
456|33
457|27
458|9
459|18
460|13
461|10
462|11
463|20
464|42
465|39
466|32
467|6
468|19
469|27
470|30
471|37
472|19
473|34
474|31
475|46
476|40
477|34
478|30
479|19
480|19
481|44
482|39
483|37
484|34
485|8
486|1
487|9
488|43
489|22
490|15
491|6
492|45
493|14
494|9
495|6
496|7
497|18
498|31
499|11
500|19
501|29
502|40
503|46
504|7
505|0
506|5
507|13
508|12
509|22
510|20
511|37
512|39
513|11
514|35
515|1
516|26
517|24
518|37
519|27
520|27
521|22
522|36
523|27
524|12
525|21
526|20
527|1
528|18
529|26
530|17
531|35
532|28
533|5
534|27
535|35
536|24
537|46
538|30
539|49
540|29
541|3
542|31
543|47
544|35
545|28
546|3
547|0
548|24
549|6
550|9
551|19
552|39
553|12
554|3
555|11
556|23
557|20
558|24
559|22
560|21
561|4
562|23
563|36
564|21
565|31
566|3
567|9
568|32
569|18
570|19
571|11
572|30
573|43
574|29
575|3
576|19
577|31
578|44
579|21
580|7
581|17
582|15
583|13
584|5
585|44
586|17
587|18
588|20
589|40
590|5
591|44
592|29
593|26
594|13
595|7
596|35
597|36
598|14
599|46
600|33
601|31
602|36
603|21
604|44
605|42
606|46
607|2
608|22
609|39
610|1
611|37
612|30
613|49
614|2
615|17
616|14
617|26
618|42
619|8
620|24
621|28
622|45
623|19
624|38
625|39
626|29
627|37
628|25
629|1
630|35
631|46
632|46
633|12
634|40
635|2
636|17
637|3
638|11
639|34
640|18
641|22
642|25
643|36
644|40
645|21
646|36
647|27
648|16
649|28
650|40
651|38
652|20
653|35
654|14
655|13
656|44
657|27
658|34
659|6
660|47
661|42
662|32
663|44
664|3
665|17
666|12
667|4
668|42
669|4
670|14
671|38
672|44
673|15
674|34
675|48
676|14
677|11
678|35
679|36
680|11
681|9
682|22
683|37
684|28
685|36
686|5
687|37
688|7
689|1
690|25
691|19
692|0
693|9
694|31
695|48
696|4
697|39
698|5
699|29
700|38
701|12
702|6
703|2
704|8
705|7
706|17
707|18
708|30
709|41
710|45
711|7
712|28
713|26
714|24
715|21
716|15
717|17
718|26
719|0
720|28
721|15
722|24
723|5
724|3
725|45
726|48
727|19
728|28
729|43
730|12
731|39
732|35
733|14
734|2
735|38
736|44
737|22
738|25
739|27
740|21
741|40
742|12
743|22
744|15
745|37
746|19
747|10
748|28
749|40
750|37
751|8
752|10
753|19
754|23
755|30
756|12
757|35
758|6
759|33
760|1
761|39
762|21
763|0
764|0
765|3
766|3
767|25
768|40
769|1
770|19
771|11
772|2
773|14
774|37
775|9
776|20
777|12
778|6
779|5
780|42
781|32
782|41
783|13
784|42
785|15
786|40
787|16
788|31
789|28
790|41
791|34
792|37
793|37
794|21
795|30
796|18
797|42
798|22
799|32
800|34
801|11
802|16
803|27
804|47
805|45
806|42
807|46
808|3
809|25
810|3
811|21
812|19
813|39
814|33
815|43
816|30
817|20
818|22
819|22
820|29
821|42
822|38
823|35
824|9
825|30
826|49
827|34
828|12
829|8
830|37
831|43
832|21
833|44
834|12
835|6
836|19
837|40
838|21
839|24
840|23
841|0
842|9
843|3
844|18
845|19
846|33
847|3
848|12
849|36
850|26
851|25
852|34
853|48
854|36
855|35
856|13
857|13
858|4
859|19
860|36
861|38
862|45
863|10
864|18
865|10
866|22
867|26
868|5
869|32
870|36
871|20
872|41
873|4
874|8
875|29
876|35
877|41
878|40
879|26
880|12
881|48
882|46
883|29
884|28
885|36
886|46
887|48
888|11
889|46
890|27
891|11
892|36
893|43
894|40
895|26
896|5
897|23
898|11
899|9
900|15
901|42
902|13
903|48
904|42
905|22
906|2
907|29
908|35
909|23
910|22
911|30
912|3
913|7
914|34
915|17
916|33
917|13
918|9
919|42
920|8
921|25
922|20
923|14
924|34
925|24
926|40
927|15
928|32
929|13
930|0
931|28
932|25
933|25
934|28
935|33
936|44
937|0
938|47
939|42
940|19
941|34
942|10
943|31
944|14
945|31
946|13
947|16
948|39
949|19
950|25
951|46
952|10
953|14
954|14
955|0
956|5
957|10
958|2
959|30
960|33
961|40
962|2
963|2
964|32
965|21
966|32
967|23
968|2
969|11
970|49
971|49
972|23
973|23
974|2
975|20
976|12
977|37
978|29
979|26
980|34
981|37
982|43
983|24
984|29
985|38
986|40
987|47
988|1
989|48
990|22
991|9
992|6
993|40
994|34
995|1
996|22
997|28
998|49
999|48
1000|11
1001|34
1002|13
1003|26
1004|17
1005|23
1006|7
1007|33
1008|39
1009|9
1010|43
1011|15
1012|10
1013|24
1014|37
1015|40
1016|0
1017|23
1018|43
1019|19
1020|18
1021|11
1022|13
1023|28
1024|12
1025|16
1026|10
1027|36
1028|26
1029|43
1030|13
1031|41
1032|7
1033|17
1034|27
1035|39
1036|23
1037|27
1038|42
1039|46
1040|21
1041|19
1042|22
1043|0
1044|27
1045|33
1046|15
1047|19
1048|45
1049|6
1050|40
1051|33
1052|37
1053|12
1054|4
1055|14
1056|39
1057|9
1058|23
1059|2
1060|48
1061|14
1062|24
1063|4
1064|8
1065|37
1066|24
1067|11
1068|37
1069|32
1070|37
1071|47
1072|6
1073|1
1074|14
1075|12
1076|25
1077|41
1078|17
1079|36
1080|34
1081|3
1082|41
1083|10
1084|27
1085|27
1086|37
1087|37
1088|26
1089|23
1090|28
1091|11
1092|38
1093|23
1094|24
1095|8
1096|12
1097|12
1098|25
1099|7
1100|27
1101|20
1102|30
1103|12
1104|16
1105|31
1106|16
1107|11
1108|49
1109|37
1110|28
1111|47
1112|41
1113|23
1114|47
1115|40
1116|35
1117|43
1118|28
1119|48
1120|9
1121|17
1122|45
1123|37
1124|27
1125|17
1126|30
1127|37
1128|25
1129|6
1130|41
1131|21
1132|17
1133|5
1134|31
1135|25
1136|8
1137|4
1138|37
1139|11
1140|8
1141|24
1142|48
1143|6
1144|33
1145|44
1146|14
1147|7
1148|48
1149|0
1150|18
1151|26
1152|30
1153|19
1154|0
1155|47
1156|16
1157|30
1158|10
1159|17
1160|4
1161|23
1162|25
1163|20
1164|23
1165|43
1166|4
1167|20
1168|15
1169|10
1170|0
1171|9
1172|44
1173|43
1174|16
1175|30
1176|42
1177|16
1178|2
1179|30
1180|20
1181|0
1182|43
1183|37
1184|49
1185|36
1186|24
1187|20
1188|17
1189|45
1190|2
1191|15
1192|34
1193|5
1194|45
1195|19
1196|1
1197|36
1198|48
1199|17
1200|17
1201|16
1202|38
1203|32
1204|12
1205|43
1206|41
1207|28
1208|26
1209|41
1210|31
1211|34
1212|37
1213|34
1214|11
1215|29
1216|46
1217|4
1218|21
1219|38
1220|9
1221|3
1222|34
1223|34
1224|1
1225|20
1226|14
1227|4
1228|13
1229|1
1230|25
1231|20
1232|48
1233|15
1234|24
1235|47
1236|48
1237|31
1238|0
1239|46
1240|4
1241|31
1242|31
1243|8
1244|44
1245|16
1246|6
1247|28
1248|18
1249|22
1250|10
1251|3
1252|35
1253|47
1254|24
1255|36
1256|20
1257|2
1258|25
1259|4
1260|41
1261|3
1262|37
1263|31
1264|8
1265|31
1266|5
1267|10
1268|33
1269|28
1270|28
1271|30
1272|30
1273|22
1274|37
1275|14
1276|13
1277|18
1278|38
1279|13
1280|38
1281|30
1282|8
1283|6
1284|23
1285|22
1286|44
1287|7
1288|4
1289|27
1290|7
1291|9
1292|31
1293|29
1294|19
1295|48
1296|27
1297|35
1298|19
1299|7
1300|40
1301|42
1302|29
1303|30
1304|8
1305|46
1306|35
1307|28
1308|12
1309|33
1310|31
1311|15
1312|2
1313|30
1314|26
1315|0
1316|44
1317|49
1318|11
1319|26
1320|24
1321|35
1322|31
1323|19
1324|38
1325|17
1326|11
1327|38
1328|40
1329|22
1330|3
1331|17
1332|42
1333|28
1334|28
1335|1
1336|19
1337|47
1338|14
1339|29
1340|19
1341|40
1342|43
1343|22
1344|20
1345|30
1346|14
1347|12
1348|39
1349|6
1350|41
1351|25
1352|24
1353|22
1354|33
1355|16
1356|34
1357|26
1358|48
1359|9
1360|1
1361|44
1362|48
1363|19
1364|45
1365|28
1366|3
1367|34
1368|19
1369|31
1370|39
1371|22
1372|49
1373|26
1374|29
1375|2
1376|22
1377|6
1378|21
1379|8
1380|45
1381|49
1382|22
1383|17
1384|32
1385|30
1386|42
1387|46
1388|31
1389|22
1390|35
1391|47
1392|10
1393|17
1394|40
1395|32
1396|23
1397|37
1398|4
1399|19
1400|22
1401|46
1402|14
1403|5
1404|17
1405|32
1406|41
1407|19
1408|2
1409|10
1410|31
1411|0
1412|33
1413|14
1414|18
1415|46
1416|12
1417|31
1418|27
1419|27
1420|4
1421|32
1422|6
1423|39
1424|38
1425|5
1426|2
1427|38
1428|48
1429|47
1430|38
1431|14
1432|21
1433|46
1434|48
1435|34
1436|4
1437|45
1438|23
1439|34
1440|43
1441|22
1442|44
1443|3
1444|45
1445|27
1446|25
1447|24
1448|7
1449|31
1450|39
1451|26
1452|4
1453|34
1454|29
1455|26
1456|5
1457|18
1458|10
1459|43
1460|15
1461|33
1462|9
1463|31
1464|30
1465|38
1466|7
1467|6
1468|20
1469|18
1470|32
1471|6
1472|44
1473|40
1474|22
1475|36
1476|35
1477|1
1478|8
1479|34
1480|1
1481|14
1482|35
1483|18
1484|0
1485|5
1486|19
1487|6
1488|13
1489|13
1490|22
1491|6
1492|40
1493|47
1494|22
1495|21
1496|37
1497|10
1498|31
1499|20
1500|34
1501|31
1502|11
1503|33
1504|21
1505|46
1506|22
1507|25
1508|26
1509|17
1510|17
1511|49
1512|0
1513|7
1514|41
1515|25
1516|4
1517|12
1518|16
1519|25
1520|29
1521|33
1522|32
1523|38
1524|37
1525|23
1526|24
1527|49
1528|9
1529|49
1530|29
1531|35
1532|21
1533|33
1534|34
1535|45
1536|15
1537|32
1538|4
1539|7
1540|13
1541|8
1542|46
1543|7
1544|25
1545|14
1546|44
1547|31
1548|46
1549|10
1550|31
1551|3
1552|17
1553|26
1554|24
1555|43
1556|1
1557|24
1558|39
1559|1
1560|44
1561|33
1562|46
1563|11
1564|39
1565|26
1566|10
1567|25
1568|31
1569|48
1570|10
1571|11
1572|27
1573|34
1574|35
1575|24
1576|48
1577|6
1578|21
1579|37
1580|24
1581|18
1582|21
1583|49
1584|35
1585|29
1586|13
1587|33
1588|8
1589|10
1590|13
1591|23
1592|26
1593|11
1594|2
1595|4
1596|35
1597|37
1598|11
1599|44
1600|16
1601|7
1602|5
1603|6
1604|3
1605|42
1606|36
1607|11
1608|25
1609|22
1610|9
1611|14
1612|3
1613|25
1614|7
1615|32
1616|18
1617|31
1618|39
1619|37
1620|6
1621|43
1622|15
1623|14
1624|24
1625|13
1626|2
1627|31
1628|20
1629|13
1630|40
1631|26
1632|34
1633|49
1634|42
1635|49
1636|1
1637|30
1638|40
1639|46
1640|23
1641|28
1642|3
1643|23
1644|35
1645|14
1646|38
1647|16
1648|26
1649|36
1650|27
1651|44
1652|37
1653|17
1654|1
1655|47
1656|8
1657|49
1658|17
1659|9
1660|18
1661|16
1662|43
1663|9
1664|19
1665|35
1666|17
1667|1
1668|36
1669|37
1670|43
1671|38
1672|46
1673|13
1674|49
1675|34
1676|33
1677|8
1678|10
1679|1
1680|39
1681|7
1682|20
1683|20
1684|8
1685|14
1686|21
1687|20
1688|36
1689|35
1690|6
1691|43
1692|38
1693|3
1694|5
1695|9
1696|41
1697|47
1698|2
1699|33
1700|14
1701|47
1702|3
1703|49
1704|0
1705|4
1706|6
1707|43
1708|15
1709|44
1710|36
1711|12
1712|8
1713|34
1714|37
1715|26
1716|20
1717|11
1718|5
1719|9
1720|26
1721|2
1722|26
1723|37
1724|31
1725|26
1726|31
1727|7
1728|23
1729|44
1730|39
1731|36
1732|24
1733|13
1734|44
1735|13
1736|18
1737|33
1738|10
1739|41
1740|2
1741|23
1742|22
1743|0
1744|3
1745|48
1746|13
1747|13
1748|8
1749|36
1750|27
1751|6
1752|10
1753|47
1754|2
1755|33
1756|3
1757|49
1758|35
1759|12
1760|47
1761|46
1762|5
1763|8
1764|29
1765|37
1766|16
1767|5
1768|24
1769|2
1770|19
1771|7
1772|37
1773|20
1774|26
1775|7
1776|18
1777|25
1778|4
1779|37
1780|12
1781|23
1782|19
1783|32
1784|27
1785|0
1786|42
1787|49
1788|23
1789|11
1790|27
1791|36
1792|7
1793|25
1794|43
1795|27
1796|23
1797|49
1798|26
1799|5
1800|32
1801|47
1802|31
1803|15
1804|6
1805|36
1806|46
1807|21
1808|32
1809|14
1810|21
1811|40
1812|5
1813|3
1814|34
1815|6
1816|44
1817|43
1818|45
1819|40
1820|42
1821|13
1822|46
1823|31
1824|26
1825|9
1826|43
1827|27
1828|30
1829|0
1830|48
1831|28
1832|12
1833|32
1834|14
1835|44
1836|32
1837|10
1838|30
1839|2
1840|9
1841|39
1842|47
1843|39
1844|46
1845|47
1846|34
1847|36
1848|11
1849|45
1850|12
1851|23
1852|36
1853|16
1854|24
1855|14
1856|10
1857|11
1858|45
1859|1
1860|38
1861|35
1862|28
1863|29
1864|43
1865|9
1866|33
1867|40
1868|12
1869|16
1870|9
1871|1
1872|15
1873|34
1874|11
1875|7
1876|3
1877|26
1878|16
1879|8
1880|8
1881|43
1882|6
1883|17
1884|30
1885|45
1886|26
1887|46
1888|33
1889|2
1890|49
1891|34
1892|35
1893|27
1894|46
1895|43
1896|48
1897|14
1898|4
1899|29
1900|47
1901|13
1902|21
1903|9
1904|38
1905|43
1906|0
1907|40
1908|25
1909|14
1910|7
1911|7
1912|15
1913|7
1914|0
1915|11
1916|49
1917|47
1918|9
1919|35
1920|24
1921|22
1922|48
1923|7
1924|16
1925|19
1926|10
1927|31
1928|10
1929|48
1930|4
1931|39
1932|49
1933|0
1934|32
1935|26
1936|41
1937|16
1938|9
1939|19
1940|23
1941|6
1942|16
1943|36
1944|26
1945|17
1946|36
1947|21
1948|30
1949|33
1950|42
1951|49
1952|29
1953|33
1954|47
1955|5
1956|40
1957|7
1958|48
1959|24
1960|47
1961|22
1962|26
1963|16
1964|37
1965|16
1966|22
1967|26
1968|40
1969|15
1970|20
1971|29
1972|19
1973|33
1974|35
1975|45
1976|32
1977|3
1978|23
1979|43
1980|18
1981|4
1982|30
1983|20
1984|34
1985|8
1986|44
1987|23
1988|28
1989|15
1990|5
1991|22
1992|2
1993|40
1994|22
1995|14
1996|28
1997|25
1998|6
1999|42
2000|27
2001|42
2002|14
2003|44
2004|4
2005|34
2006|10
2007|44
2008|7
2009|42
2010|34
2011|5
2012|41
2013|7
2014|13
2015|41
2016|6
2017|14
2018|7
2019|30
2020|0
2021|4
2022|15
2023|35
2024|32
2025|21
2026|25
2027|1
2028|2
2029|36
2030|20
2031|45
2032|39
2033|26
2034|18
2035|26
2036|33
2037|37
2038|7
2039|49
2040|17
2041|8
2042|8
2043|36
2044|45
2045|48
2046|22
2047|3
2048|39
2049|21
2050|21
2051|7
2052|23
2053|39
2054|40
2055|33
2056|35
2057|29
2058|15
2059|13
2060|14
2061|21
2062|43
2063|39
2064|36
2065|43
2066|40
2067|16
2068|24
2069|42
2070|42
2071|15
2072|3
2073|36
2074|38
2075|49
2076|17
2077|8
2078|5
2079|28
2080|35
2081|26
2082|22
2083|0
2084|16
2085|35
2086|28
2087|36
2088|25
2089|33
2090|10
2091|24
2092|41
2093|25
2094|38
2095|48
2096|34
2097|48
2098|22
2099|5
2100|32
2101|0
2102|13
2103|27
2104|21
2105|44
2106|17
2107|3
2108|28
2109|33
2110|4
2111|6
2112|22
2113|32
2114|43
2115|18
2116|4
2117|0
2118|47
2119|22
2120|8
2121|31
2122|1
2123|43
2124|15
2125|5
2126|26
2127|36
2128|34
2129|13
2130|43
2131|5
2132|30
2133|20
2134|2
2135|37
2136|0
2137|7
2138|23
2139|10
2140|43
2141|22
2142|7
2143|8
2144|23
2145|7
2146|21
2147|20
2148|33
2149|21
2150|34
2151|7
2152|0
2153|6
2154|15
2155|2
2156|29
2157|20
2158|26
2159|46
2160|4
2161|4
2162|5
2163|22
2164|28
2165|5
2166|8
2167|37
2168|36
2169|39
2170|15
2171|34
2172|23
2173|39
2174|18
2175|4
2176|42
2177|34
2178|38
2179|0
2180|43
2181|40
2182|7
2183|10
2184|36
2185|24
2186|26
2187|8
2188|22
2189|15
2190|30
2191|35
2192|20
2193|28
2194|29
2195|9
2196|37
2197|6
2198|29
2199|22
2200|15
2201|0
2202|8
2203|27
2204|28
2205|23
2206|14
2207|26
2208|27
2209|49
2210|41
2211|40
2212|40
2213|36
2214|16
2215|29
2216|43
2217|49
2218|32
2219|24
2220|38
2221|18
2222|5
2223|35
2224|5
2225|3
2226|14
2227|1
2228|30
2229|33
2230|49
2231|48
2232|42
2233|28
2234|22
2235|47
2236|16
2237|22
2238|7
2239|21
2240|31
2241|27
2242|45
2243|21
2244|33
2245|19
2246|41
2247|10
2248|35
2249|25
2250|33
2251|0
2252|34
2253|17
2254|5
2255|40
2256|19
2257|18
2258|22
2259|43
2260|29
2261|14
2262|34
2263|5
2264|19
2265|21
2266|41
2267|2
2268|2
2269|29
2270|25
2271|44
2272|46
2273|46
2274|7
2275|22
2276|12
2277|46
2278|26
2279|24
2280|31
2281|28
2282|46
2283|44
2284|31
2285|11
2286|36
2287|30
2288|4
2289|10
2290|22
2291|43
2292|11
2293|12
2294|42
2295|5
2296|38
2297|35
2298|18
2299|35
2300|1
2301|36
2302|40
2303|13
2304|8
2305|47
2306|34
2307|34
2308|45
2309|18
2310|27
2311|35
2312|42
2313|2
2314|28
2315|15
2316|25
2317|20
2318|18
2319|28
2320|32
2321|17
2322|48
2323|7
2324|39
2325|2
2326|18
2327|42
2328|35
2329|24
2330|25
2331|34
2332|34
2333|30
2334|48
2335|28
2336|2
2337|26
2338|23
2339|43
2340|25
2341|22
2342|25
2343|23
2344|23
2345|31
2346|35
2347|0
2348|25
2349|40
2350|42
2351|33
2352|6
2353|13
2354|34
2355|34
2356|34
2357|35
2358|38
2359|36
2360|4
2361|10
2362|5
2363|30
2364|28
2365|42
2366|2
2367|10
2368|2
2369|33
2370|25
2371|43
2372|27
2373|3
2374|22
2375|8
2376|24
2377|35
2378|9
2379|15
2380|34
2381|10
2382|6
2383|45
2384|8
2385|14
2386|10
2387|1
2388|14
2389|35
2390|10
2391|37
2392|8
2393|41
2394|19
2395|22
2396|15
2397|5
2398|30
2399|27
2400|6
2401|28
2402|34
2403|19
2404|17
2405|0
2406|36
2407|26
2408|11
2409|28
2410|44
2411|39
2412|5
2413|48
2414|46
2415|48
2416|6
2417|20
2418|14
2419|35
2420|38
2421|23
2422|24
2423|25
2424|12
2425|25
2426|41
2427|0
2428|20
2429|18
2430|44
2431|2
2432|47
2433|19
2434|27
2435|40
2436|10
2437|10
2438|42
2439|43
2440|22
2441|0
2442|17
2443|17
2444|8
2445|25
2446|48
2447|5
2448|13
2449|21
2450|13
2451|14
2452|33
2453|15
2454|28
2455|8
2456|20
2457|0
2458|6
2459|13
2460|34
2461|32
2462|32
2463|40
2464|21
2465|48
2466|43
2467|48
2468|45
2469|38
2470|13
2471|40
2472|32
2473|22
2474|3
2475|9
2476|1
2477|1
2478|18
2479|19
2480|43
2481|41
2482|13
2483|14
2484|37
2485|21
2486|38
2487|42
2488|18
2489|43
2490|40
2491|22
2492|35
2493|38
2494|2
2495|18
2496|22
2497|41
2498|43
2499|41
2500|21
2501|15
2502|25
2503|25
2504|43
2505|8
2506|42
2507|37
2508|22
2509|38
2510|47
2511|14
2512|29
2513|0
2514|11
2515|22
2516|43
2517|30
2518|29
2519|41
2520|30
2521|44
2522|9
2523|45
2524|0
2525|32
2526|35
2527|39
2528|49
2529|44
2530|43
2531|6
2532|9
2533|30
2534|17
2535|20
2536|47
2537|25
2538|22
2539|8
2540|40
2541|33
2542|42
2543|20
2544|29
2545|14
2546|26
2547|3
2548|40
2549|38
2550|17
2551|46
2552|30
2553|36
2554|8
2555|48
2556|48
2557|5
2558|23
2559|34
2560|22
2561|39
2562|28
2563|2
2564|9
2565|18
2566|21
2567|20
2568|9
2569|47
2570|4
2571|1
2572|5
2573|40
2574|25
2575|30
2576|3
2577|10
2578|49
2579|41
2580|44
2581|45
2582|48
2583|41
2584|21
2585|49
2586|34
2587|16
2588|39
2589|47
2590|40
2591|35
2592|21
2593|13
2594|10
2595|19
2596|30
2597|45
2598|13
2599|31
2600|27
2601|41
2602|40
2603|0
2604|41
2605|37
2606|35
2607|30
2608|25
2609|19
2610|47
2611|14
2612|22
2613|22
2614|9
2615|0
2616|1
2617|32
2618|31
2619|21
2620|10
2621|9
2622|8
2623|22
2624|29
2625|46
2626|23
2627|28
2628|2
2629|24
2630|32
2631|35
2632|45
2633|17
2634|16
2635|6
2636|13
2637|49
2638|17
2639|24
2640|15
2641|9
2642|48
2643|11
2644|7
2645|38
2646|31
2647|38
2648|16
2649|35
2650|14
2651|46
2652|32
2653|23
2654|47
2655|33
2656|2
2657|17
2658|9
2659|24
2660|12
2661|25
2662|22
2663|17
2664|12
2665|18
2666|39
2667|48
2668|42
2669|21
2670|39
2671|29
2672|0
2673|25
2674|35
2675|19
2676|15
2677|24
2678|48
2679|32
2680|1
2681|1
2682|46
2683|8
2684|43
2685|32
2686|13
2687|44
2688|0
2689|20
2690|27
2691|15
2692|37
2693|45
2694|42
2695|42
2696|44
2697|45
2698|49
2699|16
2700|45
2701|26
2702|12
2703|16
2704|6
2705|20
2706|9
2707|18
2708|37
2709|17
2710|35
2711|36
2712|42
2713|9
2714|22
2715|25
2716|0
2717|44
2718|31
2719|29
2720|19
2721|36
2722|25
2723|17
2724|39
2725|42
2726|39
2727|29
2728|19
2729|44
2730|27
2731|36
2732|25
2733|41
2734|22
2735|11
2736|32
2737|14
2738|15
2739|37
2740|4
2741|37
2742|22
2743|36
2744|39
2745|33
2746|35
2747|32
2748|20
2749|36
2750|13
2751|16
2752|17
2753|45
2754|20
2755|37
2756|3
2757|27
2758|13
2759|23
2760|28
2761|27
2762|31
2763|49
2764|44
2765|4
2766|10
2767|2
2768|22
2769|16
2770|34
2771|7
2772|9
2773|24
2774|47
2775|38
2776|31
2777|45
2778|0
2779|9
2780|15
2781|8
2782|3
2783|40
2784|29
2785|16
2786|26
2787|4
2788|2
2789|13
2790|14
2791|26
2792|21
2793|40
2794|22
2795|44
2796|17
2797|32
2798|35
2799|4
2800|24
2801|34
2802|6
2803|42
2804|0
2805|45
2806|31
2807|3
2808|24
2809|1
2810|25
2811|41
2812|44
2813|31
2814|35
2815|33
2816|8
2817|2
2818|49
2819|4
2820|43
2821|15
2822|49
2823|14
2824|44
2825|35
2826|19
2827|43
2828|26
2829|27
2830|30
2831|25
2832|5
2833|6
2834|46
2835|18
2836|8
2837|28
2838|4
2839|8
2840|0
2841|3
2842|37
2843|27
2844|0
2845|22
2846|3
2847|25
2848|26
2849|1
2850|20
2851|6
2852|42
2853|42
2854|34
2855|25
2856|33
2857|22
2858|4
2859|46
2860|34
2861|48
2862|43
2863|48
2864|7
2865|22
2866|47
2867|22
2868|10
2869|35
2870|40
2871|49
2872|44
2873|5
2874|21
2875|15
2876|49
2877|2
2878|42
2879|8
2880|5
2881|37
2882|35
2883|35
2884|26
2885|43
2886|21
2887|23
2888|41
2889|31
2890|38
2891|18
2892|20
2893|6
2894|13
2895|15
2896|26
2897|42
2898|40
2899|37
2900|44
2901|5
2902|41
2903|38
2904|28
2905|35
2906|24
2907|3
2908|24
2909|4
2910|30
2911|33
2912|37
2913|2
2914|11
2915|45
2916|34
2917|15
2918|42
2919|33
2920|20
2921|15
2922|37
2923|40
2924|12
2925|35
2926|8
2927|8
2928|22
2929|34
2930|16
2931|19
2932|21
2933|28
2934|47
2935|24
2936|10
2937|20
2938|21
2939|0
2940|6
2941|47
2942|41
2943|13
2944|48
2945|8
2946|34
2947|36
2948|20
2949|43
2950|45
2951|7
2952|0
2953|41
2954|17
2955|13
2956|4
2957|36
2958|42
2959|0
2960|2
2961|40
2962|31
2963|9
2964|14
2965|9
2966|30
2967|22
2968|25
2969|29
2970|12
2971|5
2972|26
2973|20
2974|27
2975|6
2976|49
2977|7
2978|13
2979|23
2980|11
2981|2
2982|0
2983|17
2984|8
2985|45
2986|36
2987|47
2988|22
2989|45
2990|35
2991|13
2992|34
2993|12
2994|8
2995|12
2996|11
2997|2
2998|20
2999|6
3000|9
