0|15
1|40
2|5
3|9
4|15
5|32
6|41
7|47
8|37
9|41
10|4
11|47
12|47
13|33
14|22
15|48
16|0
17|48
18|20
19|48
20|7
21|10
22|36
23|14
24|30
25|6
26|2
27|11
28|28
29|13
30|39
31|16
32|38
33|28
34|26
35|14
36|6
37|35
38|5
39|43
40|38
41|30
42|22
43|7
44|41
45|31
46|46
47|11
48|12
49|14
50|33
51|17
52|16
53|1
54|24
55|10
56|49
57|23
58|34
59|9
60|12
61|7
62|20
63|44
64|49
65|23
66|16
67|15
68|37
69|8
70|43
71|28
72|13
73|9
74|13
75|31
76|11
77|33
78|49
79|32
80|10
81|6
82|34
83|16
84|0
85|15
86|19
87|19
88|23
89|46
90|6
91|37
92|30
93|12
94|28
95|43
96|31
97|21
98|31
99|27
100|35
101|13
102|17
103|43
104|49
105|0
106|0
107|1
108|35
109|1
110|13
111|25
112|37
113|48
114|39
115|14
116|14
117|7
118|8
119|12
120|44
121|18
122|32
123|17
124|27
125|28
126|30
127|36
128|36
129|21
130|37
131|40
132|12
133|47
134|23
135|37
136|49
137|29
138|38
139|15
140|46
141|45
142|5
143|39
144|12
145|13
146|5
147|24
148|16
149|24
150|11
151|4
152|15
153|43
154|41
155|43
156|41
157|2
158|41
159|49
160|39
161|47
162|47
163|36
164|26
165|18
166|34
167|28
168|31
169|17
170|43
171|27
172|26
173|41
174|42
175|41
176|48
177|9
178|46
179|3
180|43
181|35
182|2
183|22
184|30
185|15
186|33
187|34
188|23
189|7
190|21
191|45
192|37
193|41
194|48
195|45
196|27
197|45
198|28
199|25
200|19
201|30
202|23
203|6
204|8
205|23
206|5
207|45
208|22
209|42
210|8
211|31
212|3
213|31
214|48
215|3
216|26
217|40
218|36
219|46
220|15
221|12
222|12
223|23
224|23
225|17
226|28
227|27
228|13
229|44
230|23
231|23
232|38
233|8
234|21
235|22
236|17
237|20
238|10
239|44
240|41
241|13
242|19
243|21
244|34
245|41
246|14
247|15
248|34
249|36
250|5
251|11
252|17
253|8
254|23
255|2
256|34
257|40
258|47
259|0
260|16
261|9
262|23
263|33
264|44
265|26
266|23
267|16
268|27
269|46
270|47
271|13
272|31
273|0
274|1
275|12
276|42
277|37
278|27
279|47
280|49
281|1
282|13
283|16
284|43
285|34
286|5
287|0
288|45
289|36
290|36
291|22
292|44
293|27
294|9
295|13
296|23
297|24
298|39
299|36
300|4
301|16
302|29
303|39
304|5
305|21
306|25
307|48
308|39
309|0
310|17
311|34
312|8
313|29
314|30
315|33
316|7
317|23
318|28
319|15
320|11
321|43
322|1
323|10
324|19
325|6
326|27
327|21
328|24
329|17
330|0
331|20
332|12
333|13
334|35
335|6
336|17
337|20
338|6
339|45
340|45
341|11
342|20
343|44
344|30
345|45
346|18
347|28
348|7
349|25
350|15
351|13
352|3
353|17
354|25
355|18
356|49
357|25
358|6
359|11
360|49
361|32
362|31
363|29
364|19
365|44
366|36
367|1
368|42
369|7
370|39
371|37
372|37
373|10
374|41
375|49
376|18
377|23
378|38
379|12
380|1
381|17
382|3
383|37
384|18
385|28
386|30
387|48
388|14
389|38
390|36
391|20
392|29
393|15
394|24
395|39
396|7
397|39
398|8
399|1
400|32
401|2
402|21
403|2
404|13
405|44
406|33
407|16
408|17
409|27
410|34
411|37
412|11
413|30
414|24
415|45
416|5
417|47
418|16
419|13
420|27
421|33
422|0
423|38
424|16
425|18
426|21
427|28
428|18
429|39
430|25
431|10
432|10
433|43
434|48
435|33
436|26
437|14
438|7
439|25
440|42
441|6
442|30
443|27
444|27
445|25
446|5
447|25
448|19
449|32
450|40
451|48
452|10
453|15
454|17
455|5
456|12
457|16
458|41
459|26
460|30
461|30
462|42
463|29
464|36
465|39
466|24
467|28
468|48
469|23
470|33
471|10
472|8
473|31
474|49
475|5
476|43
477|16
478|44
479|6
480|25
481|10
482|44
483|16
484|44
485|34
486|11
487|18
488|44
489|43
490|42
491|7
492|7
493|6
494|6
495|27
496|16
497|48
498|36
499|34
500|19
501|16
502|31
503|17
504|34
505|42
506|2
507|47
508|41
509|14
510|15
511|27
512|34
513|48
514|33
515|13
516|39
517|29
518|23
519|2
520|2
521|4
522|47
523|32
524|18
525|49
526|11
527|10
528|13
529|38
530|26
531|43
532|42
533|20
534|16
535|2
536|36
537|28
538|39
539|47
540|49
541|9
542|30
543|15
544|48
545|31
546|12
547|6
548|36
549|38
550|41
551|30
552|14
553|20
554|24
555|14
556|46
557|24
558|21
559|17
560|32
561|34
562|2
563|17
564|27
565|42
566|5
567|49
568|7
569|7
570|30
571|48
572|9
573|11
574|31
575|13
576|22
577|16
578|11
579|42
580|41
581|18
582|11
583|36
584|15
585|46
586|27
587|5
588|19
589|27
590|3
591|21
592|30
593|5
594|31
595|47
596|17
597|40
598|40
599|38
600|33
601|10
602|4
603|38
604|12
605|4
606|8
607|11
608|6
609|43
610|20
611|21
612|37
613|10
614|20
615|35
616|38
617|5
618|35
619|19
620|12
621|24
622|18
623|30
624|18
625|47
626|28
627|37
628|47
629|25
630|3
631|35
632|3
633|7
634|17
635|7
636|40
637|39
638|30
639|44
640|35
641|43
642|13
643|0
644|19
645|36
646|25
647|28
648|18
649|21
650|9
651|28
652|27
653|44
654|14
655|7
656|23
657|5
658|23
659|47
660|31
661|32
662|1
663|10
664|39
665|13
666|28
667|29
668|42
669|42
670|10
671|41
672|49
673|32
674|37
675|20
676|19
677|39
678|33
679|43
680|32
681|43
682|47
683|30
684|11
685|26
686|48
687|13
688|6
689|23
690|20
691|31
692|39
693|4
694|3
695|3
696|18
697|33
698|9
699|0
700|43
701|22
702|25
703|22
704|33
705|8
706|39
707|32
708|49
709|44
710|40
711|9
712|4
713|43
714|39
715|10
716|40
717|12
718|39
719|17
720|37
721|19
722|1
723|0
724|49
725|16
726|31
727|14
728|48
729|11
730|4
731|39
732|49
733|31
734|27
735|7
736|6
737|34
738|1
739|24
740|23
741|28
742|22
743|21
744|39
745|31
746|2
747|6
748|29
749|30
750|13
751|17
752|8
753|4
754|1
755|30
756|45
757|10
758|16
759|14
760|47
761|39
762|22
763|15
764|39
765|39
766|14
767|33
768|7
769|27
770|17
771|0
772|25
773|40
774|25
775|38
776|31
777|9
778|42
779|34
780|26
781|48
782|28
783|48
784|32
785|26
786|39
787|47
788|23
789|13
790|19
791|23
792|40
793|34
794|0
795|30
796|0
797|45
798|20
799|26
800|18
801|23
802|28
803|41
804|29
805|49
806|11
807|34
808|39
809|43
810|48
811|3
812|23
813|23
814|37
815|27
816|15
817|42
818|23
819|46
820|21
821|8
822|20
823|27
824|16
825|34
826|24
827|22
828|38
829|11
830|0
831|26
832|29
833|15
834|6
835|23
836|19
837|36
838|8
839|48
840|40
841|6
842|24
843|35
844|6
845|16
846|23
847|4
848|6
849|35
850|1
851|43
852|35
853|4
854|25
855|5
856|48
857|40
858|20
859|29
860|5
861|32
862|47
863|9
864|47
865|9
866|29
867|26
868|33
869|7
870|17
871|28
872|6
873|16
874|38
875|5
876|27
877|19
878|40
879|46
880|31
881|6
882|44
883|12
884|3
885|8
886|35
887|42
888|23
889|42
890|31
891|19
892|27
893|30
894|30
895|35
896|47
897|35
898|22
899|44
900|25
901|13
902|12
903|39
904|4
905|25
906|21
907|9
908|40
909|26
910|25
911|16
912|13
913|44
914|21
915|9
916|4
917|30
918|25
919|10
920|20
921|40
922|43
923|43
924|14
925|32
926|1
927|38
928|17
929|12
930|40
931|39
932|16
933|19
934|8
935|48
936|24
937|7
938|30
939|49
940|37
941|26
942|39
943|0
944|6
945|33
946|8
947|31
948|49
949|15
950|11
951|28
952|32
953|4
954|36
955|34
956|22
957|15
958|30
959|22
960|45
961|38
962|39
963|39
964|33
965|17
966|6
967|43
968|22
969|47
970|13
971|20
972|40
973|9
974|4
975|19
976|23
977|46
978|41
979|41
980|2
981|28
982|2
983|35
984|9
985|5
986|7
987|39
988|29
989|7
990|7
991|13
992|48
993|41
994|25
995|30
996|4
997|48
998|36
999|38
1000|37
1001|43
1002|22
1003|42
1004|37
1005|0
1006|30
1007|46
1008|39
1009|11
1010|48
1011|4
1012|32
1013|38
1014|43
1015|8
1016|45
1017|16
1018|11
1019|20
1020|34
1021|25
1022|16
1023|29
1024|35
1025|23
1026|25
1027|13
1028|42
1029|42
1030|3
1031|41
1032|48
1033|34
1034|4
1035|49
1036|26
1037|40
1038|4
1039|1
1040|17
1041|14
1042|24
1043|38
1044|47
1045|8
1046|10
1047|30
1048|3
1049|17
1050|24
1051|43
1052|12
1053|38
1054|39
1055|30
1056|35
1057|34
1058|29
1059|23
1060|25
1061|11
1062|19
1063|0
1064|28
1065|7
1066|27
1067|37
1068|4
1069|5
1070|31
1071|5
1072|29
1073|39
1074|40
1075|3
1076|19
1077|4
1078|31
1079|7
1080|21
1081|16
1082|14
1083|6
1084|43
1085|27
1086|15
1087|2
1088|36
1089|14
1090|14
1091|31
1092|23
1093|7
1094|34
1095|13
1096|2
1097|33
1098|17
1099|4
1100|21
1101|28
1102|11
1103|13
1104|1
1105|31
1106|6
1107|27
1108|27
1109|5
1110|3
1111|31
1112|6
1113|47
1114|40
1115|30
1116|32
1117|37
1118|46
1119|25
1120|45
1121|11
1122|41
1123|16
1124|24
1125|42
1126|6
1127|0
1128|47
1129|19
1130|17
1131|49
1132|14
1133|38
1134|40
1135|49
1136|19
1137|2
1138|36
1139|15
1140|15
1141|38
1142|11
1143|3
1144|14
1145|42
1146|25
1147|10
1148|37
1149|47
1150|43
1151|11
1152|22
1153|48
1154|31
1155|46
1156|45
1157|3
1158|39
1159|29
1160|40
1161|49
1162|32
1163|13
1164|23
1165|24
1166|1
1167|32
1168|47
1169|3
1170|43
1171|32
1172|28
1173|42
1174|15
1175|42
1176|26
1177|32
1178|28
1179|21
1180|1
1181|49
1182|35
1183|38
1184|22
1185|43
1186|45
1187|1
1188|4
1189|14
1190|19
1191|12
1192|18
1193|38
1194|42
1195|43
1196|23
1197|7
1198|37
1199|47
1200|6
1201|49
1202|39
1203|43
1204|42
1205|6
1206|0
1207|5
1208|34
1209|37
1210|14
1211|9
1212|16
1213|10
1214|0
1215|47
1216|7
1217|16
1218|28
1219|43
1220|22
1221|2
1222|3
1223|11
1224|20
1225|26
1226|19
1227|43
1228|36
1229|36
1230|21
1231|0
1232|33
1233|7
1234|40
1235|10
1236|31
1237|7
1238|8
1239|47
1240|43
1241|31
1242|12
1243|36
1244|37
1245|7
1246|25
1247|38
1248|20
1249|36
1250|40
1251|34
1252|27
1253|38
1254|12
1255|4
1256|37
1257|27
1258|46
1259|25
1260|38
1261|40
1262|35
1263|32
1264|19
1265|36
1266|5
1267|35
1268|49
1269|18
1270|2
1271|34
1272|44
1273|34
1274|16
1275|40
1276|8
1277|9
1278|27
1279|27
1280|46
1281|31
1282|43
1283|48
1284|9
1285|29
1286|20
1287|11
1288|8
1289|35
1290|5
1291|25
1292|9
1293|7
1294|13
1295|12
1296|43
1297|32
1298|11
1299|46
1300|14
1301|31
1302|41
1303|17
1304|22
1305|30
1306|46
1307|8
1308|27
1309|11
1310|10
1311|3
1312|18
1313|16
1314|25
1315|33
1316|8
1317|12
1318|21
1319|43
1320|13
1321|21
1322|0
1323|10
1324|36
1325|32
1326|42
1327|31
1328|8
1329|40
1330|12
1331|49
1332|8
1333|5
1334|23
1335|23
1336|2
1337|48
1338|20
1339|26
1340|38
1341|25
1342|28
1343|3
1344|47
1345|44
1346|1
1347|6
1348|19
1349|37
1350|11
1351|46
1352|21
1353|37
1354|14
1355|3
1356|38
1357|8
1358|25
1359|30
1360|40
1361|12
1362|46
1363|25
1364|29
1365|43
1366|37
1367|44
1368|41
1369|8
1370|10
1371|30
1372|23
1373|34
1374|34
1375|22
1376|30
1377|31
1378|38
1379|19
1380|6
1381|29
1382|8
1383|20
1384|30
1385|21
1386|46
1387|37
1388|7
1389|23
1390|45
1391|43
1392|30
1393|28
1394|18
1395|7
1396|8
1397|35
1398|47
1399|24
1400|36
1401|24
1402|10
1403|25
1404|24
1405|25
1406|45
1407|2
1408|10
1409|39
1410|49
1411|0
1412|8
1413|21
1414|6
1415|44
1416|1
1417|47
1418|26
1419|28
1420|43
1421|34
1422|2
1423|0
1424|47
1425|23
1426|34
1427|45
1428|23
1429|32
1430|19
1431|30
1432|42
1433|32
1434|16
1435|27
1436|21
1437|3
1438|29
1439|6
1440|12
1441|33
1442|21
1443|44
1444|43
1445|12
1446|40
1447|21
1448|16
1449|39
1450|18
1451|6
1452|42
1453|39
1454|48
1455|2
1456|34
1457|31
1458|7
1459|45
1460|25
1461|23
1462|40
1463|18
1464|4
1465|10
1466|37
1467|12
1468|26
1469|49
1470|10
1471|13
1472|49
1473|21
1474|1
1475|10
1476|5
1477|9
1478|47
1479|14
1480|40
1481|16
1482|39
1483|33
1484|38
1485|36
1486|36
1487|28
1488|35
1489|11
1490|14
1491|7
1492|40
1493|19
1494|19
1495|36
1496|41
1497|43
1498|19
1499|34
1500|33
1501|22
1502|13
1503|5
1504|31
1505|41
1506|40
1507|1
1508|8
1509|0
1510|41
1511|29
1512|34
1513|15
1514|45
1515|28
1516|2
1517|30
1518|29
1519|33
1520|5
1521|4
1522|33
1523|29
1524|40
1525|21
1526|46
1527|26
1528|6
1529|21
1530|38
1531|6
1532|8
1533|34
1534|49
1535|35
1536|12
1537|35
1538|21
1539|9
1540|25
1541|36
1542|34
1543|16
1544|21
1545|30
1546|45
1547|47
1548|27
1549|30
1550|17
1551|40
1552|36
1553|46
1554|24
1555|14
1556|18
1557|44
1558|26
1559|46
1560|39
1561|26
1562|7
1563|46
1564|3
1565|16
1566|8
1567|4
1568|43
1569|41
1570|3
1571|27
1572|20
1573|7
1574|12
1575|23
1576|28
1577|40
1578|2
1579|30
1580|35
1581|34
1582|48
1583|29
1584|35
1585|19
1586|37
1587|40
1588|30
1589|43
1590|8
1591|24
1592|3
1593|0
1594|23
1595|42
1596|23
1597|37
1598|47
1599|3
1600|32
1601|39
1602|1
1603|46
1604|26
1605|41
1606|9
1607|39
1608|22
1609|5
1610|23
1611|12
1612|13
1613|9
1614|13
1615|22
1616|5
1617|34
1618|21
1619|33
1620|25
1621|16
1622|14
1623|6
1624|6
1625|21
1626|44
1627|21
1628|32
1629|42
1630|11
1631|6
1632|49
1633|41
1634|31
1635|4
1636|38
1637|22
1638|3
1639|4
1640|34
1641|38
1642|1
1643|27
1644|25
1645|4
1646|37
1647|44
1648|37
1649|47
1650|10
1651|10
1652|18
1653|42
1654|45
1655|24
1656|11
1657|49
1658|32
1659|5
1660|39
1661|22
1662|32
1663|13
1664|22
1665|30
1666|36
1667|22
1668|48
1669|46
1670|33
1671|23
1672|39
1673|13
1674|37
1675|47
1676|4
1677|26
1678|48
1679|2
1680|2
1681|6
1682|6
1683|15
1684|19
1685|22
1686|35
1687|48
1688|32
1689|15
1690|19
1691|49
1692|32
1693|7
1694|32
1695|9
1696|4
1697|34
1698|36
1699|11
1700|8
1701|2
1702|5
1703|18
1704|44
1705|27
1706|46
1707|18
1708|16
1709|32
1710|33
1711|35
1712|44
1713|33
1714|35
1715|35
1716|34
1717|11
1718|0
1719|36
1720|6
1721|9
1722|36
1723|31
1724|2
1725|8
1726|24
1727|15
1728|33
1729|5
1730|5
1731|34
1732|42
1733|20
1734|28
1735|48
1736|4
1737|15
1738|15
1739|11
1740|4
1741|29
1742|13
1743|26
1744|35
1745|32
1746|15
1747|38
1748|9
1749|6
1750|14
1751|2
1752|28
1753|37
1754|18
1755|29
1756|37
1757|2
1758|1
1759|16
1760|23
1761|32
1762|18
1763|13
1764|4
1765|3
1766|5
1767|0
1768|4
1769|18
1770|3
1771|13
1772|8
1773|7
1774|32
1775|37
1776|42
1777|41
1778|32
1779|32
1780|42
1781|27
1782|39
1783|6
1784|29
1785|35
1786|19
1787|27
1788|45
1789|38
1790|37
1791|15
1792|49
1793|14
1794|31
1795|36
1796|30
1797|4
1798|38
1799|22
1800|36
1801|49
1802|6
1803|36
1804|4
1805|27
1806|4
1807|7
1808|19
1809|49
1810|31
1811|49
1812|45
1813|49
1814|1
1815|13
1816|45
1817|13
1818|9
1819|25
1820|14
1821|39
1822|21
1823|26
1824|34
1825|7
1826|23
1827|0
1828|36
1829|31
1830|38
1831|35
1832|9
1833|6
1834|49
1835|12
1836|40
1837|25
1838|10
1839|29
1840|46
1841|18
1842|22
1843|27
1844|24
1845|25
1846|25
1847|4
1848|16
1849|34
1850|15
1851|34
1852|13
1853|1
1854|48
1855|40
1856|13
1857|36
1858|37
1859|11
1860|18
1861|41
1862|10
1863|8
1864|37
1865|42
1866|36
1867|3
1868|26
1869|35
1870|15
1871|29
1872|38
1873|6
1874|47
1875|25
1876|9
1877|24
1878|12
1879|13
1880|13
1881|42
1882|24
1883|13
1884|47
1885|15
1886|0
1887|30
1888|11
1889|39
1890|13
1891|29
1892|26
1893|17
1894|32
1895|24
1896|1
1897|41
1898|49
1899|9
1900|14
1901|45
1902|45
1903|28
1904|23
1905|9
1906|1
1907|0
1908|38
1909|33
1910|44
1911|45
1912|31
1913|19
1914|5
1915|28
1916|12
1917|20
1918|27
1919|26
1920|35
1921|13
1922|31
1923|0
1924|27
1925|26
1926|6
1927|37
1928|17
1929|23
1930|7
1931|22
1932|4
1933|31
1934|13
1935|15
1936|28
1937|5
1938|40
1939|4
1940|20
1941|2
1942|1
1943|14
1944|28
1945|33
1946|35
1947|47
1948|40
1949|33
1950|34
1951|25
1952|40
1953|46
1954|49
1955|48
1956|42
1957|29
1958|33
1959|10
1960|8
1961|36
1962|27
1963|49
1964|16
1965|1
1966|16
1967|40
1968|18
1969|43
1970|20
1971|28
1972|22
1973|0
1974|49
1975|1
1976|30
1977|28
1978|29
1979|8
1980|44
1981|7
1982|42
1983|46
1984|3
1985|3
1986|36
1987|0
1988|29
1989|5
1990|20
1991|4
1992|16
1993|6
1994|7
1995|17
1996|4
1997|18
1998|32
1999|18
2000|26
2001|19
2002|21
2003|13
2004|2
2005|34
2006|20
2007|7
2008|12
2009|46
2010|49
2011|1
2012|21
2013|22
2014|19
2015|35
2016|33
2017|1
2018|29
2019|21
2020|43
2021|27
2022|15
2023|31
2024|21
2025|30
2026|37
2027|0
2028|40
2029|25
2030|43
2031|20
2032|12
2033|23
2034|33
2035|14
2036|21
2037|17
2038|8
2039|39
2040|11
2041|44
2042|12
2043|19
2044|35
2045|13
2046|48
2047|29
2048|18
2049|32
2050|0
2051|27
2052|5
2053|7
2054|22
2055|10
2056|48
2057|34
2058|46
2059|34
2060|22
2061|4
2062|44
2063|4
2064|12
2065|23
2066|36
2067|23
2068|23
2069|30
2070|18
2071|30
2072|32
2073|48
2074|2
2075|6
2076|5
2077|0
2078|46
2079|41
2080|19
2081|30
2082|11
2083|12
2084|33
2085|0
2086|42
2087|12
2088|41
2089|12
2090|40
2091|37
2092|8
2093|25
2094|26
2095|1
2096|35
2097|37
2098|17
2099|8
2100|26
2101|29
2102|41
2103|18
2104|43
2105|42
2106|5
2107|17
2108|6
2109|25
2110|21
2111|17
2112|20
2113|28
2114|48
2115|20
2116|14
2117|19
2118|38
2119|33
2120|6
2121|38
2122|42
2123|47
2124|39
2125|47
2126|19
2127|22
2128|40
2129|27
2130|32
2131|5
2132|23
2133|11
2134|29
2135|3
2136|35
2137|47
2138|7
2139|12
2140|40
2141|8
2142|43
2143|38
2144|36
2145|17
2146|14
2147|45
2148|44
2149|47
2150|42
2151|0
2152|42
2153|6
2154|8
2155|41
2156|15
2157|44
2158|45
2159|33
2160|36
2161|32
2162|37
2163|11
2164|28
2165|9
2166|24
2167|42
2168|8
2169|42
2170|25
2171|17
2172|14
2173|35
2174|35
2175|43
2176|7
2177|47
2178|18
2179|46
2180|5
2181|36
2182|25
2183|34
2184|26
2185|47
2186|24
2187|8
2188|27
2189|47
2190|19
2191|7
2192|14
2193|32
2194|36
2195|7
2196|40
2197|18
2198|47
2199|2
2200|39
2201|17
2202|44
2203|49
2204|42
2205|5
2206|2
2207|37
2208|40
2209|19
2210|16
2211|8
2212|19
2213|39
2214|4
2215|27
2216|44
2217|21
2218|29
2219|4
2220|49
2221|1
2222|28
2223|31
2224|20
2225|39
2226|32
2227|14
2228|19
2229|15
2230|5
2231|40
2232|0
2233|21
2234|26
2235|37
2236|1
2237|48
2238|4
2239|30
2240|39
2241|29
2242|0
2243|33
2244|28
2245|22
2246|23
2247|20
2248|19
2249|32
2250|43
2251|13
2252|0
2253|32
2254|45
2255|32
2256|28
2257|37
2258|48
2259|38
2260|13
2261|45
2262|29
2263|19
2264|42
2265|46
2266|42
2267|10
2268|9
2269|27
2270|33
2271|0
2272|30
2273|46
2274|39
2275|41
2276|46
2277|19
2278|20
2279|16
2280|43
2281|22
2282|31
2283|7
2284|48
2285|41
2286|32
2287|40
2288|45
2289|26
2290|12
2291|34
2292|34
2293|31
2294|45
2295|41
2296|36
2297|44
2298|20
2299|15
2300|11
2301|49
2302|40
2303|41
2304|20
2305|2
2306|28
2307|22
2308|21
2309|22
2310|12
2311|21
2312|7
2313|39
2314|7
2315|18
2316|35
2317|16
2318|33
2319|41
2320|28
2321|23
2322|45
2323|21
2324|18
2325|11
2326|5
2327|39
2328|39
2329|46
2330|6
2331|1
2332|39
2333|44
2334|34
2335|4
2336|21
2337|4
2338|15
2339|16
2340|31
2341|2
2342|12
2343|34
2344|16
2345|37
2346|15
2347|1
2348|25
2349|41
2350|27
2351|15
2352|46
2353|44
2354|27
2355|25
2356|19
2357|42
2358|38
2359|29
2360|40
2361|2
2362|13
2363|27
2364|17
2365|23
2366|24
2367|45
2368|35
2369|11
2370|4
2371|6
2372|38
2373|9
2374|31
2375|18
2376|33
2377|45
2378|21
2379|8
2380|36
2381|3
2382|49
2383|1
2384|21
2385|41
2386|2
2387|0
2388|19
2389|23
2390|7
2391|46
2392|8
2393|25
2394|11
2395|0
2396|9
2397|16
2398|2
2399|18
2400|5
2401|47
2402|45
2403|48
2404|18
2405|34
2406|43
2407|6
2408|30
2409|15
2410|45
2411|7
2412|42
2413|33
2414|14
2415|1
2416|44
2417|12
2418|29
2419|36
2420|49
2421|10
2422|46
2423|43
2424|16
2425|14
2426|11
2427|31
2428|3
2429|43
2430|32
2431|48
2432|4
2433|4
2434|21
2435|48
2436|17
2437|17
2438|8
2439|2
2440|28
2441|39
2442|38
2443|17
2444|5
2445|39
2446|4
2447|39
2448|15
2449|7
2450|12
2451|9
2452|15
2453|28
2454|49
2455|30
2456|1
2457|22
2458|3
2459|6
2460|29
2461|9
2462|31
2463|36
2464|2
2465|49
2466|43
2467|47
2468|19
2469|27
2470|25
2471|2
2472|6
2473|8
2474|23
2475|24
2476|33
2477|40
2478|17
2479|44
2480|37
2481|41
2482|16
2483|4
2484|28
2485|28
2486|39
2487|7
2488|14
2489|2
2490|23
2491|17
2492|25
2493|27
2494|42
2495|31
2496|45
2497|22
2498|45
2499|31
2500|31
2501|3
2502|16
2503|28
2504|33
2505|35
2506|13
2507|22
2508|16
2509|25
2510|14
2511|7
2512|6
2513|22
2514|34
2515|23
2516|8
2517|47
2518|33
2519|28
2520|4
2521|4
2522|23
2523|2
2524|41
2525|25
2526|13
2527|12
2528|22
2529|29
2530|23
2531|6
2532|9
2533|43
2534|4
2535|23
2536|17
2537|46
2538|43
2539|46
2540|34
2541|25
2542|42
2543|43
2544|7
2545|29
2546|25
2547|35
2548|21
2549|12
2550|48
2551|11
2552|36
2553|3
2554|39
2555|19
2556|23
2557|38
2558|22
2559|13
2560|7
2561|22
2562|26
2563|15
2564|30
2565|22
2566|26
2567|49
2568|46
2569|28
2570|5
2571|2
2572|5
2573|49
2574|1
2575|37
2576|35
2577|47
2578|0
2579|42
2580|46
2581|46
2582|48
2583|1
2584|6
2585|19
2586|38
2587|16
2588|46
2589|7
2590|45
2591|6
2592|18
2593|41
2594|8
2595|38
2596|46
2597|1
2598|34
2599|14
2600|25
2601|9
2602|39
2603|6
2604|40
2605|44
2606|37
2607|39
2608|27
2609|17
2610|46
2611|16
2612|37
2613|22
2614|33
2615|49
2616|15
2617|22
2618|23
2619|33
2620|40
2621|29
2622|18
2623|4
2624|2
2625|38
2626|9
2627|11
2628|14
2629|13
2630|19
2631|41
2632|22
2633|1
2634|44
2635|41
2636|34
2637|20
2638|23
2639|47
2640|6
2641|40
2642|29
2643|12
2644|3
2645|2
2646|8
2647|0
2648|25
2649|30
2650|31
2651|3
2652|36
2653|29
2654|9
2655|6
2656|21
2657|41
2658|5
2659|23
2660|32
2661|39
2662|4
2663|23
2664|49
2665|5
2666|22
2667|19
2668|3
2669|32
2670|24
2671|44
2672|25
2673|22
2674|43
2675|24
2676|33
2677|47
2678|16
2679|39
2680|49
2681|32
2682|8
2683|22
2684|22
2685|12
2686|21
2687|49
2688|16
2689|27
2690|2
2691|12
2692|10
2693|29
2694|35
2695|11
2696|0
2697|35
2698|47
2699|18
2700|2
2701|35
2702|0
2703|6
2704|17
2705|10
2706|0
2707|36
2708|43
2709|4
2710|32
2711|16
2712|17
2713|34
2714|7
2715|48
2716|33
2717|34
2718|9
2719|14
2720|41
2721|32
2722|30
2723|24
2724|0
2725|40
2726|24
2727|44
2728|33
2729|34
2730|40
2731|41
2732|21
2733|22
2734|40
2735|43
2736|41
2737|2
2738|40
2739|24
2740|23
2741|48
2742|22
2743|43
2744|6
2745|39
2746|1
2747|46
2748|15
2749|20
2750|22
2751|5
2752|12
2753|10
2754|28
2755|38
2756|9
2757|17
2758|6
2759|10
2760|13
2761|47
2762|31
2763|46
2764|22
2765|36
2766|25
2767|21
2768|2
2769|31
2770|3
2771|30
2772|41
2773|30
2774|36
2775|24
2776|17
2777|24
2778|15
2779|8
2780|3
2781|49
2782|20
2783|3
2784|8
2785|20
2786|8
2787|20
2788|18
2789|21
2790|30
2791|0
2792|34
2793|42
2794|6
2795|35
2796|15
2797|3
2798|39
2799|11
2800|10
2801|9
2802|19
2803|35
2804|9
2805|6
2806|34
2807|45
2808|33
2809|6
2810|22
2811|40
2812|22
2813|22
2814|9
2815|9
2816|21
2817|37
2818|22
2819|44
2820|30
2821|23
2822|20
2823|0
2824|0
2825|31
2826|35
2827|23
2828|17
2829|36
2830|4
2831|32
2832|42
2833|15
2834|43
2835|2
2836|5
2837|33
2838|11
2839|4
2840|16
2841|36
2842|25
2843|3
2844|28
2845|46
2846|49
2847|11
2848|39
2849|33
2850|30
2851|34
2852|38
2853|44
2854|41
2855|3
2856|12
2857|43
2858|26
2859|24
2860|26
2861|30
2862|7
2863|39
2864|28
2865|2
2866|29
2867|11
2868|9
2869|46
2870|12
2871|47
2872|38
2873|0
2874|35
2875|33
2876|45
2877|33
2878|41
2879|34
2880|23
2881|13
2882|31
2883|39
2884|18
2885|31
2886|45
2887|46
2888|42
2889|10
2890|19
2891|42
2892|27
2893|16
2894|1
2895|14
2896|21
2897|6
2898|47
2899|24
2900|29
2901|42
2902|34
2903|11
2904|46
2905|29
2906|27
2907|14
2908|31
2909|30
2910|20
2911|31
2912|38
2913|39
2914|20
2915|48
2916|26
2917|16
2918|0
2919|25
2920|7
2921|20
2922|0
2923|13
2924|32
2925|39
2926|48
2927|22
2928|33
2929|9
2930|16
2931|35
2932|13
2933|16
2934|20
2935|40
2936|23
2937|39
2938|36
2939|31
2940|6
2941|23
2942|37
2943|26
2944|3
2945|20
2946|15
2947|24
2948|38
2949|10
2950|4
2951|14
2952|43
2953|17
2954|10
2955|34
2956|25
2957|33
2958|3
2959|2
2960|19
2961|25
2962|6
2963|2
2964|44
2965|24
2966|2
2967|32
2968|21
2969|14
2970|30
2971|16
2972|32
2973|26
2974|0
2975|28
2976|9
2977|10
2978|19
2979|5
2980|41
2981|30
2982|3
2983|17
2984|41
2985|9
2986|24
2987|21
2988|18
2989|41
2990|13
2991|6
2992|29
2993|14
2994|49
2995|22
2996|1
2997|27
2998|20
2999|10
3000|38
