0|19
1|5
2|21
3|28
4|10
5|13
6|24
7|31
8|16
9|15
10|1
11|47
12|2
13|32
14|8
15|0
16|15
17|2
18|33
19|24
20|49
21|6
22|16
23|9
24|16
25|20
26|42
27|31
28|37
29|14
30|7
31|11
32|47
33|49
34|31
35|47
36|4
37|49
38|19
39|43
40|15
41|30
42|28
43|23
44|9
45|7
46|38
47|17
48|5
49|9
50|40
51|23
52|3
53|7
54|44
55|29
56|46
57|40
58|28
59|40
60|18
61|40
62|43
63|0
64|3
65|12
66|41
67|8
68|37
69|42
70|17
71|47
72|25
73|13
74|19
75|22
76|2
77|23
78|30
79|34
80|12
81|42
82|23
83|45
84|22
85|0
86|47
87|13
88|2
89|2
90|7
91|9
92|17
93|35
94|43
95|17
96|21
97|29
98|29
99|17
100|5
101|44
102|27
103|6
104|37
105|23
106|4
107|25
108|37
109|34
110|48
111|19
112|48
113|40
114|27
115|24
116|16
117|0
118|15
119|27
120|43
121|5
122|36
123|39
124|24
125|3
126|31
127|21
128|41
129|14
130|24
131|23
132|13
133|6
134|39
135|47
136|9
137|41
138|20
139|1
140|3
141|28
142|32
143|32
144|36
145|5
146|4
147|36
148|45
149|9
150|0
151|47
152|9
153|3
154|35
155|24
156|46
157|1
158|3
159|32
160|38
161|13
162|41
163|49
164|18
165|34
166|47
167|7
168|8
169|16
170|21
171|37
172|26
173|6
174|6
175|20
176|13
177|16
178|15
179|35
180|36
181|19
182|41
183|32
184|7
185|19
186|41
187|35
188|6
189|1
190|8
191|32
192|10
193|8
194|8
195|17
196|13
197|44
198|20
199|2
200|40
201|23
202|41
203|25
204|11
205|42
206|1
207|9
208|27
209|8
210|24
211|21
212|33
213|14
214|40
215|12
216|29
217|40
218|40
219|5
220|43
221|47
222|16
223|35
224|12
225|3
226|16
227|4
228|21
229|22
230|9
231|42
232|19
233|49
234|40
235|46
236|21
237|42
238|10
239|28
240|11
241|38
242|17
243|40
244|48
245|30
246|36
247|13
248|28
249|23
250|30
251|34
252|8
253|27
254|7
255|35
256|2
257|9
258|7
259|13
260|43
261|17
262|40
263|15
264|4
265|8
266|29
267|9
268|27
269|31
270|46
271|25
272|46
273|27
274|32
275|32
276|12
277|34
278|45
279|42
280|24
281|43
282|37
283|47
284|12
285|31
286|12
287|41
288|20
289|12
290|15
291|11
292|18
293|3
294|39
295|26
296|41
297|15
298|18
299|34
300|35
301|46
302|30
303|34
304|30
305|34
306|18
307|23
308|47
309|28
310|21
311|41
312|29
313|31
314|3
315|27
316|24
317|22
318|12
319|24
320|47
321|47
322|1
323|38
324|23
325|26
326|9
327|48
328|13
329|43
330|11
331|38
332|34
333|29
334|47
335|5
336|8
337|6
338|16
339|33
340|48
341|12
342|49
343|24
344|41
345|39
346|12
347|42
348|11
349|46
350|41
351|8
352|27
353|43
354|18
355|26
356|39
357|0
358|29
359|12
360|44
361|3
362|40
363|14
364|5
365|19
366|13
367|16
368|26
369|9
370|11
371|1
372|2
373|32
374|12
375|23
376|10
377|44
378|17
379|7
380|36
381|3
382|39
383|25
384|37
385|34
386|25
387|47
388|21
389|9
390|8
391|48
392|20
393|34
394|48
395|21
396|47
397|18
398|27
399|20
400|40
401|42
402|8
403|33
404|2
405|34
406|32
407|19
408|20
409|39
410|39
411|27
412|45
413|19
414|35
415|7
416|16
417|39
418|10
419|30
420|24
421|17
422|49
423|40
424|11
425|44
426|42
427|5
428|2
429|48
430|19
431|46
432|44
433|16
434|21
435|45
436|40
437|42
438|29
439|21
440|1
441|13
442|39
443|42
444|3
445|8
446|3
447|2
448|26
449|49
450|33
451|27
452|19
453|32
454|43
455|12
456|1
457|36
458|11
459|0
460|4
461|2
462|39
463|28
464|10
465|29
466|47
467|24
468|20
469|19
470|22
471|2
472|1
473|47
474|31
475|35
476|46
477|0
478|5
479|15
480|45
481|47
482|9
483|26
484|45
485|35
486|0
487|26
488|34
489|41
490|11
491|33
492|16
493|32
494|48
495|22
496|44
497|20
498|4
499|31
500|27
501|17
502|47
503|18
504|32
505|27
506|15
507|9
508|7
509|4
510|14
511|26
512|27
513|24
514|23
515|0
516|26
517|14
518|14
519|31
520|4
521|6
522|28
523|32
524|23
525|21
526|46
527|32
528|4
529|26
530|49
531|29
532|28
533|34
534|31
535|23
536|42
537|16
538|31
539|14
540|6
541|38
542|19
543|1
544|2
545|35
546|38
547|10
548|29
549|43
550|35
551|12
552|14
553|48
554|25
555|37
556|26
557|48
558|44
559|0
560|34
561|2
562|45
563|32
564|26
565|7
566|34
567|49
568|1
569|15
570|14
571|45
572|34
573|48
574|22
575|3
576|36
577|45
578|20
579|39
580|5
581|39
582|43
583|25
584|46
585|7
586|45
587|34
588|14
589|40
590|38
591|5
592|18
593|3
594|46
595|9
596|44
597|3
598|18
599|5
600|11
601|27
602|45
603|5
604|33
605|35
606|33
607|48
608|33
609|26
610|19
611|30
612|41
613|12
614|2
615|6
616|21
617|0
618|43
619|40
620|25
621|8
622|10
623|44
624|30
625|46
626|45
627|47
628|14
629|6
630|34
631|48
632|31
633|37
634|15
635|13
636|38
637|28
638|43
639|2
640|5
641|27
642|18
643|7
644|21
645|19
646|12
647|25
648|41
649|47
650|13
651|24
652|33
653|38
654|47
655|9
656|24
657|46
658|46
659|48
660|44
661|39
662|45
663|33
664|29
665|33
666|39
667|44
668|45
669|11
670|44
671|16
672|24
673|3
674|25
675|0
676|35
677|43
678|38
679|10
680|16
681|34
682|7
683|39
684|7
685|43
686|24
687|43
688|12
689|3
690|25
691|15
692|49
693|4
694|19
695|14
696|4
697|22
698|17
699|20
700|45
701|49
702|35
703|30
704|43
705|33
706|49
707|48
708|46
709|12
710|28
711|22
712|25
713|43
714|46
715|47
716|44
717|27
718|23
719|3
720|34
721|38
722|34
723|19
724|46
725|35
726|38
727|41
728|24
729|11
730|9
731|13
732|9
733|24
734|29
735|26
736|1
737|14
738|1
739|20
740|14
741|30
742|28
743|45
744|0
745|47
746|19
747|43
748|13
749|34
750|40
751|38
752|12
753|28
754|1
755|29
756|22
757|21
758|3
759|14
760|40
761|45
762|9
763|10
764|0
765|48
766|27
767|29
768|8
769|22
770|47
771|47
772|25
773|20
774|25
775|27
776|4
777|44
778|10
779|42
780|12
781|18
782|40
783|40
784|41
785|20
786|48
787|49
788|13
789|16
790|46
791|11
792|14
793|19
794|14
795|0
796|13
797|8
798|6
799|13
800|43
801|40
802|34
803|24
804|14
805|20
806|30
807|47
808|46
809|34
810|5
811|38
812|16
813|26
814|19
815|1
816|37
817|7
818|16
819|15
820|4
821|39
822|21
823|35
824|22
825|24
826|9
827|6
828|33
829|46
830|33
831|14
832|37
833|49
834|40
835|43
836|10
837|38
838|7
839|3
840|6
841|19
842|41
843|42
844|34
845|2
846|36
847|37
848|49
849|9
850|30
851|24
852|0
853|17
854|29
855|41
856|32
857|34
858|3
859|43
860|25
861|33
862|17
863|35
864|46
865|42
866|48
867|21
868|25
869|8
870|16
871|15
872|30
873|21
874|29
875|3
876|11
877|39
878|11
879|39
880|33
881|9
882|28
883|17
884|8
885|44
886|7
887|16
888|35
889|24
890|2
891|29
892|41
893|4
894|17
895|12
896|21
897|38
898|45
899|22
900|48
901|14
902|31
903|34
904|6
905|9
906|5
907|25
908|9
909|8
910|46
911|13
912|48
913|34
914|12
915|7
916|38
917|48
918|7
919|14
920|26
921|31
922|20
923|16
924|43
925|49
926|20
927|37
928|28
929|43
930|13
931|17
932|3
933|18
934|7
935|42
936|42
937|29
938|28
939|49
940|39
941|44
942|16
943|15
944|0
945|5
946|22
947|15
948|24
949|46
950|15
951|17
952|22
953|36
954|2
955|21
956|28
957|38
958|14
959|17
960|43
961|48
962|18
963|1
964|41
965|33
966|15
967|41
968|0
969|32
970|9
971|22
972|5
973|0
974|20
975|24
976|25
977|25
978|32
979|27
980|9
981|48
982|8
983|5
984|24
985|44
986|31
987|34
988|34
989|22
990|18
991|0
992|8
993|6
994|5
995|34
996|23
997|23
998|45
999|28
1000|34
1001|37
1002|42
1003|13
1004|12
1005|6
1006|22
1007|8
1008|7
1009|38
1010|26
1011|28
1012|2
1013|46
1014|12
1015|25
1016|42
1017|49
1018|24
1019|27
1020|9
1021|1
1022|24
1023|0
1024|37
1025|28
1026|47
1027|40
1028|12
1029|46
1030|7
1031|35
1032|2
1033|9
1034|19
1035|48
1036|33
1037|5
1038|28
1039|25
1040|46
1041|23
1042|19
1043|29
1044|42
1045|28
1046|49
1047|6
1048|42
1049|26
1050|35
1051|28
1052|38
1053|29
1054|48
1055|23
1056|28
1057|41
1058|32
1059|1
1060|12
1061|8
1062|12
1063|34
1064|12
1065|17
1066|41
1067|16
1068|43
1069|35
1070|15
1071|14
1072|44
1073|15
1074|44
1075|6
1076|4
1077|28
1078|13
1079|5
1080|10
1081|14
1082|10
1083|4
1084|31
1085|36
1086|19
1087|44
1088|9
1089|11
1090|17
1091|21
1092|34
1093|31
1094|7
1095|42
1096|3
1097|7
1098|5
1099|0
1100|1
1101|46
1102|7
1103|37
1104|5
1105|1
1106|17
1107|36
1108|29
1109|48
1110|8
1111|18
1112|39
1113|30
1114|8
1115|16
1116|7
1117|36
1118|2
1119|41
1120|20
1121|45
1122|30
1123|12
1124|31
1125|8
1126|18
1127|37
1128|4
1129|16
1130|13
1131|36
1132|7
1133|4
1134|31
1135|42
1136|13
1137|2
1138|4
1139|6
1140|26
1141|49
1142|25
1143|29
1144|32
1145|29
1146|40
1147|21
1148|39
1149|9
1150|1
1151|30
1152|7
1153|36
1154|14
1155|8
1156|28
1157|49
1158|17
1159|37
1160|35
1161|28
1162|30
1163|45
1164|14
1165|38
1166|35
1167|34
1168|36
1169|36
1170|47
1171|10
1172|39
1173|45
1174|29
1175|6
1176|39
1177|40
1178|10
1179|3
1180|26
1181|36
1182|38
1183|48
1184|0
1185|5
1186|22
1187|27
1188|21
1189|46
1190|44
1191|37
1192|31
1193|29
1194|27
1195|41
1196|0
1197|24
1198|31
1199|23
1200|1
1201|46
1202|8
1203|11
1204|20
1205|4
1206|39
1207|44
1208|1
1209|33
1210|20
1211|45
1212|35
1213|5
1214|30
1215|45
1216|21
1217|25
1218|44
1219|15
1220|12
1221|29
1222|40
1223|47
1224|10
1225|29
1226|22
1227|1
1228|0
1229|2
1230|6
1231|25
1232|21
1233|20
1234|9
1235|4
1236|2
1237|22
1238|18
1239|3
1240|16
1241|37
1242|49
1243|36
1244|19
1245|0
1246|23
1247|27
1248|11
1249|1
1250|21
1251|6
1252|18
1253|48
1254|4
1255|49
1256|49
1257|0
1258|45
1259|36
1260|11
1261|40
1262|48
1263|38
1264|48
1265|40
1266|5
1267|39
1268|37
1269|5
1270|0
1271|41
1272|28
1273|23
1274|22
1275|18
1276|17
1277|39
1278|24
1279|45
1280|36
1281|23
1282|37
1283|48
1284|24
1285|47
1286|0
1287|9
1288|48
1289|39
1290|33
1291|1
1292|38
1293|30
1294|34
1295|23
1296|35
1297|0
1298|18
1299|45
1300|10
1301|48
1302|27
1303|3
1304|42
1305|47
1306|0
1307|18
1308|6
1309|32
1310|19
1311|49
1312|31
1313|30
1314|12
1315|47
1316|33
1317|9
1318|28
1319|42
1320|46
1321|12
1322|7
1323|17
1324|19
1325|25
1326|19
1327|8
1328|49
1329|20
1330|21
1331|21
1332|21
1333|3
1334|32
1335|37
1336|2
1337|4
1338|3
1339|17
1340|3
1341|16
1342|2
1343|31
1344|46
1345|49
1346|1
1347|32
1348|48
1349|36
1350|17
1351|46
1352|5
1353|5
1354|45
1355|38
1356|3
1357|19
1358|47
1359|7
1360|32
1361|13
1362|41
1363|8
1364|23
1365|38
1366|23
1367|29
1368|43
1369|36
1370|3
1371|49
1372|23
1373|13
1374|6
1375|34
1376|4
1377|43
1378|7
1379|35
1380|29
1381|24
1382|29
1383|35
1384|3
1385|26
1386|12
1387|5
1388|37
1389|4
1390|20
1391|43
1392|39
1393|13
1394|6
1395|0
1396|38
1397|1
1398|20
1399|19
1400|1
1401|7
1402|9
1403|3
1404|13
1405|17
1406|1
1407|48
1408|41
1409|25
1410|5
1411|42
1412|18
1413|45
1414|8
1415|48
1416|24
1417|30
1418|0
1419|22
1420|22
1421|26
1422|12
1423|6
1424|12
1425|5
1426|37
1427|27
1428|37
1429|22
1430|40
1431|12
1432|28
1433|36
1434|12
1435|0
1436|12
1437|8
1438|36
1439|23
1440|22
1441|43
1442|27
1443|8
1444|24
1445|39
1446|19
1447|31
1448|22
1449|35
1450|41
1451|14
1452|25
1453|27
1454|18
1455|2
1456|17
1457|48
1458|34
1459|25
1460|39
1461|9
1462|25
1463|5
1464|28
1465|44
1466|28
1467|7
1468|47
1469|38
1470|5
1471|27
1472|40
1473|36
1474|45
1475|46
1476|4
1477|15
1478|27
1479|28
1480|25
1481|44
1482|29
1483|40
1484|47
1485|21
1486|13
1487|40
1488|36
1489|26
1490|28
1491|35
1492|23
1493|39
1494|35
1495|25
1496|11
1497|3
1498|7
1499|42
1500|20
