0|5
1|1
2|38
3|46
4|33
5|32
6|20
7|10
8|9
9|36
10|11
11|41
12|23
13|28
14|21
15|3
16|2
17|18
18|8
19|27
20|4
21|33
22|42
23|18
24|41
25|17
26|5
27|24
28|11
29|29
30|10
31|29
32|8
33|12
34|33
35|47
36|48
37|5
38|43
39|44
40|8
41|2
42|13
43|16
44|22
45|20
46|10
47|37
48|39
49|21
50|16
51|43
52|21
53|1
54|26
55|9
56|14
57|12
58|20
59|4
60|26
61|5
62|40
63|11
64|1
65|27
66|12
67|10
68|24
69|42
70|25
71|16
72|27
73|1
74|36
75|12
76|9
77|0
78|29
79|30
80|31
81|48
82|20
83|0
84|33
85|28
86|44
87|27
88|39
89|19
90|20
91|46
92|31
93|5
94|4
95|24
96|6
97|9
98|9
99|44
100|2
101|17
102|42
103|42
104|36
105|17
106|9
107|0
108|43
109|30
110|21
111|38
112|30
113|24
114|35
115|17
116|5
117|6
118|30
119|2
120|4
121|9
122|13
123|7
124|21
125|1
126|6
127|42
128|43
129|11
130|2
131|45
132|19
133|12
134|16
135|20
136|14
137|4
138|33
139|5
140|0
141|2
142|49
143|33
144|33
145|30
146|5
147|22
148|23
149|29
150|22
151|36
152|40
153|43
154|2
155|21
156|35
157|5
158|28
159|28
160|30
161|8
162|34
163|23
164|12
165|29
166|26
167|4
168|47
169|27
170|6
171|24
172|31
173|46
174|42
175|42
176|11
177|39
178|14
179|20
180|32
181|2
182|15
183|22
184|33
185|3
186|35
187|27
188|10
189|24
190|42
191|24
192|20
193|28
194|12
195|48
196|32
197|42
198|35
199|1
200|27
201|20
202|30
203|46
204|28
205|3
206|5
207|46
208|38
209|4
210|23
211|32
212|26
213|23
214|32
215|24
216|5
217|14
218|19
219|0
220|35
221|4
222|0
223|8
224|11
225|18
226|7
227|14
228|4
229|30
230|21
231|20
232|2
233|28
234|9
235|15
236|0
237|16
238|11
239|44
240|17
241|7
242|27
243|34
244|38
245|40
246|17
247|8
248|18
249|34
250|19
251|44
252|2
253|27
254|2
255|43
256|36
257|17
258|19
259|19
260|49
261|42
262|36
263|0
264|40
265|12
266|39
267|43
268|19
269|31
270|6
271|44
272|44
273|11
274|6
275|41
276|13
277|7
278|12
279|3
280|34
281|44
282|39
283|42
284|3
285|13
286|10
287|29
288|32
289|49
290|0
291|11
292|7
293|43
294|5
295|9
296|9
297|28
298|48
299|27
300|20
301|7
302|19
303|49
304|31
305|3
306|6
307|16
308|18
309|48
310|2
311|23
312|27
313|20
314|21
315|35
316|31
317|18
318|28
319|18
320|17
321|33
322|35
323|17
324|20
325|39
326|20
327|48
328|1
329|41
330|5
331|13
332|15
333|1
334|26
335|26
336|21
337|12
338|36
339|24
340|11
341|43
342|34
343|26
344|23
345|38
346|34
347|35
348|16
349|30
350|16
351|14
352|22
353|2
354|29
355|17
356|11
357|45
358|13
359|22
360|22
361|36
362|0
363|9
364|9
365|7
366|37
367|23
368|12
369|17
370|5
371|39
372|44
373|27
374|18
375|29
376|48
377|19
378|35
379|29
380|36
381|31
382|43
383|42
384|38
385|5
386|18
387|1
388|30
389|21
390|11
391|47
392|36
393|36
394|30
395|39
396|45
397|14
398|45
399|24
400|43
401|11
402|1
403|8
404|44
405|34
406|6
407|10
408|24
409|47
410|8
411|28
412|0
413|34
414|19
415|7
416|19
417|3
418|16
419|44
420|35
421|7
422|5
423|5
424|21
425|6
426|8
427|22
428|42
429|13
430|10
431|39
432|34
433|18
434|31
435|32
436|24
437|12
438|26
439|3
440|47
441|39
442|30
443|27
444|42
445|7
446|48
447|14
448|3
449|5
450|4
451|47
452|13
453|19
454|15
455|6
456|33
457|17
458|40
459|15
460|11
461|48
462|37
463|44
464|19
465|33
466|34
467|33
468|31
469|19
470|15
471|14
472|29
473|41
474|24
475|38
476|9
477|10
478|29
479|43
480|18
481|2
482|37
483|41
484|6
485|49
486|43
487|16
488|26
489|0
490|15
491|39
492|11
493|43
494|12
495|2
496|12
497|25
498|26
499|46
500|2
501|25
502|16
503|43
504|14
505|13
506|26
507|24
508|9
509|11
510|23
511|13
512|4
513|34
514|0
515|17
516|47
517|33
518|15
519|46
520|22
521|43
522|47
523|28
524|43
525|32
526|45
527|25
528|7
529|44
530|6
531|2
532|49
533|1
534|1
535|43
536|11
537|40
538|0
539|6
540|44
541|32
542|20
543|9
544|20
545|2
546|1
547|23
548|1
549|2
550|40
551|24
552|10
553|11
554|17
555|43
556|27
557|3
558|15
559|34
560|29
561|35
562|26
563|25
564|36
565|13
566|18
567|47
568|2
569|44
570|5
571|14
572|41
573|22
574|8
575|13
576|17
577|25
578|30
579|19
580|49
581|26
582|7
583|23
584|32
585|19
586|38
587|35
588|14
589|17
590|45
591|41
592|16
593|48
594|22
595|32
596|18
597|33
598|16
599|1
600|18
601|18
602|22
603|25
604|0
605|3
606|11
607|27
608|11
609|32
610|26
611|14
612|4
613|29
614|4
615|43
616|39
617|5
618|21
619|48
620|40
621|30
622|25
623|6
624|45
625|15
626|12
627|40
628|30
629|39
630|48
631|1
632|40
633|2
634|25
635|39
636|15
637|31
638|26
639|13
640|43
641|48
642|8
643|19
644|39
645|40
646|30
647|6
648|44
649|6
650|45
651|21
652|10
653|26
654|41
655|36
656|40
657|17
658|10
659|25
660|33
661|18
662|38
663|9
664|4
665|45
666|13
667|27
668|17
669|12
670|12
671|25
672|20
673|31
674|4
675|7
676|23
677|26
678|11
679|3
680|5
681|14
682|28
683|11
684|22
685|27
686|20
687|13
688|33
689|15
690|42
691|40
692|27
693|40
694|36
695|33
696|3
697|44
698|41
699|1
700|49
701|10
702|43
703|46
704|24
705|32
706|10
707|1
708|9
709|9
710|23
711|14
712|31
713|7
714|36
715|38
716|23
717|46
718|8
719|47
720|49
721|33
722|35
723|42
724|25
725|10
726|42
727|42
728|40
729|29
730|9
731|29
732|1
733|4
734|15
735|27
736|48
737|14
738|38
739|33
740|26
741|10
742|35
743|21
744|39
745|0
746|1
747|45
748|7
749|35
750|2
751|20
752|32
753|37
754|40
755|12
756|16
757|35
758|3
759|29
760|3
761|33
762|49
763|13
764|27
765|16
766|11
767|32
768|16
769|2
770|28
771|4
772|21
773|39
774|13
775|32
776|25
777|14
778|46
779|49
780|45
781|4
782|10
783|21
784|29
785|33
786|6
787|0
788|15
789|9
790|44
791|25
792|20
793|31
794|18
795|48
796|42
797|11
798|20
799|31
800|25
801|31
802|36
803|42
804|23
805|44
806|36
807|33
808|31
809|29
810|33
811|2
812|5
813|45
814|26
815|16
816|37
817|12
818|47
819|1
820|10
821|14
822|9
823|3
824|27
825|38
826|43
827|21
828|30
829|14
830|10
831|46
832|19
833|27
834|7
835|40
836|43
837|14
838|22
839|17
840|41
841|3
842|33
843|41
844|44
845|36
846|23
847|19
848|10
849|31
850|21
851|18
852|3
853|13
854|0
855|36
856|4
857|27
858|16
859|27
860|23
861|38
862|11
863|11
864|23
865|47
866|28
867|49
868|34
869|5
870|19
871|1
872|7
873|8
874|47
875|45
876|17
877|40
878|20
879|43
880|37
881|44
882|28
883|47
884|29
885|24
886|11
887|43
888|47
889|31
890|13
891|16
892|32
893|39
894|9
895|13
896|35
897|32
898|21
899|15
900|20
901|45
902|14
903|33
904|15
905|9
906|7
907|36
908|29
909|34
910|19
911|42
912|33
913|31
914|45
915|46
916|47
917|5
918|19
919|34
920|38
921|47
922|27
923|18
924|7
925|36
926|37
927|48
928|3
929|33
930|24
931|42
932|0
933|28
934|44
935|17
936|25
937|33
938|27
939|33
940|19
941|30
942|42
943|6
944|40
945|26
946|5
947|34
948|38
949|26
950|25
951|8
952|1
953|49
954|45
955|10
956|17
957|39
958|32
959|42
960|23
961|9
962|1
963|26
964|42
965|40
966|31
967|43
968|2
969|2
970|42
971|47
972|40
973|43
974|18
975|20
976|46
977|24
978|37
979|27
980|25
981|31
982|41
983|38
984|28
985|16
986|0
987|30
988|12
989|5
990|32
991|44
992|27
993|22
994|20
995|3
996|9
997|7
998|13
999|29
1000|27
1001|2
1002|45
1003|43
1004|7
1005|29
1006|17
1007|46
1008|18
1009|0
1010|39
1011|49
1012|13
1013|12
1014|24
1015|0
1016|20
1017|25
1018|40
1019|8
1020|47
1021|21
1022|5
1023|3
1024|23
1025|21
1026|19
1027|7
1028|41
1029|41
1030|19
1031|16
1032|42
1033|41
1034|38
1035|40
1036|3
1037|31
1038|4
1039|10
1040|47
1041|34
1042|49
1043|10
1044|43
1045|48
1046|26
1047|18
1048|40
1049|24
1050|3
1051|0
1052|42
1053|25
1054|10
1055|18
1056|47
1057|23
1058|27
1059|30
1060|1
1061|5
1062|11
1063|31
1064|20
1065|36
1066|18
1067|48
1068|49
1069|5
1070|25
1071|17
1072|17
1073|42
1074|31
1075|2
1076|13
1077|31
1078|19
1079|28
1080|22
1081|26
1082|28
1083|4
1084|0
1085|24
1086|33
1087|25
1088|46
1089|31
1090|3
1091|44
1092|26
1093|19
1094|34
1095|43
1096|34
1097|10
1098|9
1099|33
1100|39
1101|22
1102|44
1103|13
1104|10
1105|43
1106|27
1107|35
1108|15
1109|37
1110|0
1111|13
1112|45
1113|35
1114|42
1115|10
1116|20
1117|17
1118|10
1119|5
1120|40
1121|48
1122|39
1123|49
1124|15
1125|37
1126|2
1127|2
1128|42
1129|21
1130|20
1131|6
1132|16
1133|35
1134|16
1135|32
1136|24
1137|7
1138|41
1139|23
1140|4
1141|40
1142|21
1143|11
1144|33
1145|7
1146|30
1147|38
1148|11
1149|30
1150|29
1151|9
1152|10
1153|24
1154|47
1155|47
1156|3
1157|27
1158|49
1159|14
1160|21
1161|3
1162|14
1163|28
1164|40
1165|18
1166|23
1167|44
1168|0
1169|45
1170|34
1171|8
1172|4
1173|26
1174|29
1175|44
1176|34
1177|18
1178|22
1179|20
1180|48
1181|27
1182|24
1183|33
1184|14
1185|8
1186|0
1187|10
1188|7
1189|2
1190|4
1191|31
1192|15
1193|1
1194|47
1195|4
1196|46
1197|39
1198|16
1199|20
1200|7
1201|38
1202|5
1203|45
1204|18
1205|46
1206|12
1207|19
1208|45
1209|26
1210|30
1211|10
1212|40
1213|7
1214|23
1215|3
1216|22
1217|26
1218|35
1219|44
1220|2
1221|22
1222|21
1223|10
1224|40
1225|45
1226|26
1227|29
1228|14
1229|27
1230|2
1231|24
1232|17
1233|2
1234|28
1235|32
1236|20
1237|24
1238|34
1239|48
1240|48
1241|12
1242|30
1243|32
1244|26
1245|13
1246|12
1247|41
1248|35
1249|14
1250|1
1251|2
1252|35
1253|39
1254|17
1255|26
1256|48
1257|42
1258|15
1259|43
1260|9
1261|42
1262|23
1263|44
1264|5
1265|28
1266|27
1267|21
1268|3
1269|38
1270|28
1271|45
1272|14
1273|18
1274|19
1275|18
1276|41
1277|17
1278|2
1279|17
1280|33
1281|36
1282|40
1283|30
1284|7
1285|3
1286|37
1287|22
1288|41
1289|39
1290|32
1291|14
1292|27
1293|6
1294|27
1295|27
1296|1
1297|40
1298|11
1299|47
1300|45
1301|22
1302|35
1303|30
1304|27
1305|11
1306|41
1307|36
1308|20
1309|8
1310|2
1311|20
1312|41
1313|44
1314|10
1315|4
1316|49
1317|38
1318|15
1319|12
1320|9
1321|10
1322|46
1323|43
1324|0
1325|45
1326|34
1327|33
1328|31
1329|8
1330|37
1331|1
1332|49
1333|48
1334|1
1335|26
1336|43
1337|36
1338|2
1339|44
1340|0
1341|12
1342|49
1343|4
1344|30
1345|29
1346|24
1347|29
1348|10
1349|1
1350|9
1351|46
1352|4
1353|20
1354|42
1355|9
1356|19
1357|3
1358|47
1359|46
1360|39
1361|8
1362|36
1363|29
1364|46
1365|4
1366|4
1367|10
1368|48
1369|2
1370|12
1371|44
1372|20
1373|30
1374|34
1375|24
1376|42
1377|21
1378|45
1379|10
1380|46
1381|23
1382|45
1383|22
1384|2
1385|0
1386|47
1387|5
1388|12
1389|16
1390|13
1391|23
1392|5
1393|44
1394|34
1395|10
1396|15
1397|13
1398|17
1399|40
1400|4
1401|6
1402|2
1403|13
1404|30
1405|22
1406|12
1407|34
1408|39
1409|13
1410|3
1411|25
1412|20
1413|36
1414|26
1415|26
1416|33
1417|21
1418|41
1419|42
1420|35
1421|45
1422|12
1423|16
1424|49
1425|11
1426|17
1427|15
1428|25
1429|15
1430|28
1431|3
1432|3
1433|40
1434|14
1435|27
1436|29
1437|33
1438|37
1439|28
1440|29
1441|2
1442|44
1443|43
1444|42
1445|29
1446|1
1447|11
1448|13
1449|44
1450|10
1451|38
1452|23
1453|26
1454|6
1455|17
1456|25
1457|35
1458|36
1459|1
1460|35
1461|14
1462|44
1463|44
1464|4
1465|37
1466|39
1467|14
1468|27
1469|38
1470|19
1471|47
1472|30
1473|49
1474|29
1475|39
1476|39
1477|38
1478|44
1479|2
1480|48
1481|6
1482|35
1483|4
1484|7
1485|36
1486|17
1487|5
1488|11
1489|41
1490|24
1491|27
1492|20
1493|1
1494|29
1495|48
1496|21
1497|44
1498|9
1499|7
1500|33
