0|23
1|29
2|46
3|34
4|10
5|10
6|46
7|25
8|31
9|12
10|32
11|6
12|49
13|29
14|26
15|25
16|28
17|1
18|0
19|21
20|27
21|30
22|6
23|19
24|32
25|38
26|24
27|29
28|39
29|31
30|20
31|8
32|42
33|24
34|26
35|42
36|39
37|2
38|35
39|49
40|23
41|34
42|10
43|28
44|21
45|34
46|48
47|48
48|15
49|3
50|33
51|6
52|39
53|22
54|35
55|42
56|14
57|24
58|6
59|19
60|29
61|16
62|24
63|21
64|12
65|40
66|28
67|20
68|28
69|23
70|24
71|40
72|42
73|4
74|8
75|18
76|21
77|14
78|9
79|47
80|11
81|48
82|31
83|4
84|31
85|22
86|12
87|42
88|21
89|43
90|3
91|18
92|42
93|13
94|26
95|19
96|49
97|15
98|39
99|33
100|22
101|10
102|30
103|47
104|48
105|27
106|20
107|45
108|3
109|5
110|29
111|3
112|33
113|48
114|22
115|49
116|34
117|32
118|4
119|10
120|8
121|2
122|29
123|25
124|19
125|25
126|45
127|4
128|38
129|20
130|11
131|31
132|39
133|42
134|49
135|49
136|0
137|23
138|36
139|37
140|15
141|39
142|43
143|13
144|28
145|35
146|12
147|7
148|36
149|17
150|35
151|32
152|41
153|1
154|9
155|46
156|44
157|25
158|41
159|27
160|15
161|35
162|11
163|27
164|20
165|13
166|43
167|49
168|36
169|18
170|27
171|10
172|2
173|39
174|30
175|43
176|31
177|16
178|26
179|10
180|18
181|24
182|26
183|31
184|38
185|38
186|3
187|45
188|14
189|0
190|0
191|3
192|11
193|45
194|17
195|39
196|36
197|36
198|7
199|47
200|2
201|46
202|36
203|13
204|37
205|43
206|16
207|2
208|12
209|1
210|5
211|15
212|24
213|13
214|36
215|40
216|28
217|37
218|42
219|17
220|10
221|19
222|30
223|4
224|11
225|39
226|13
227|11
228|9
229|20
230|36
231|36
232|23
233|41
234|11
235|48
236|2
237|26
238|11
239|29
240|31
241|0
242|1
243|37
244|8
245|12
246|35
247|31
248|48
249|37
250|44
251|38
252|34
253|40
254|19
255|29
256|12
257|40
258|10
259|37
260|0
261|34
262|4
263|45
264|15
265|36
266|48
267|13
268|17
269|31
270|18
271|31
272|35
273|8
274|36
275|11
276|4
277|21
278|17
279|10
280|21
281|26
282|19
283|22
284|0
285|22
286|25
287|41
288|9
289|27
290|27
291|49
292|12
293|49
294|22
295|48
296|48
297|27
298|23
299|16
300|20
301|10
302|22
303|44
304|6
305|6
306|24
307|37
308|25
309|7
310|25
311|48
312|7
313|35
314|4
315|32
316|27
317|4
318|5
319|39
320|21
321|32
322|22
323|30
324|39
325|1
326|45
327|2
328|29
329|28
330|41
331|2
332|23
333|44
334|12
335|43
336|6
337|44
338|30
339|45
340|35
341|43
342|0
343|13
344|39
345|45
346|46
347|0
348|4
349|41
350|42
351|41
352|3
353|4
354|37
355|35
356|19
357|47
358|45
359|34
360|7
361|15
362|11
363|14
364|41
365|41
366|22
367|42
368|32
369|43
370|3
371|29
372|3
373|33
374|18
375|25
376|35
377|47
378|25
379|16
380|7
381|20
382|6
383|1
384|0
385|35
386|19
387|20
388|6
389|32
390|0
391|38
392|47
393|14
394|47
395|15
396|39
397|19
398|12
399|10
400|46
401|37
402|11
403|46
404|32
405|35
406|10
407|32
408|2
409|16
410|49
411|11
412|10
413|29
414|17
415|49
416|17
417|31
418|26
419|7
420|42
421|3
422|19
423|16
424|8
425|7
426|44
427|41
428|47
429|48
430|19
431|46
432|25
433|23
434|30
435|43
436|10
437|18
438|15
439|4
440|46
441|20
442|45
443|7
444|29
445|39
446|23
447|2
448|1
449|29
450|5
451|42
452|19
453|41
454|17
455|39
456|10
457|39
458|38
459|13
460|6
461|38
462|38
463|36
464|4
465|49
466|29
467|41
468|48
469|20
470|21
471|41
472|36
473|24
474|5
475|24
476|7
477|3
478|6
479|6
480|43
481|3
482|4
483|37
484|21
485|29
486|30
487|1
488|43
489|14
490|19
491|32
492|15
493|46
494|29
495|32
496|14
497|24
498|48
499|46
500|34
501|36
502|40
503|49
504|33
505|12
506|31
507|3
508|10
509|38
510|0
511|43
512|26
513|40
514|41
515|1
516|17
517|37
518|7
519|49
520|18
521|8
522|42
523|34
524|24
525|0
526|14
527|42
528|14
529|5
530|27
531|30
532|18
533|15
534|15
535|42
536|10
537|44
538|10
539|16
540|33
541|29
542|4
543|18
544|35
545|27
546|39
547|22
548|36
549|6
550|47
551|31
552|17
553|37
554|5
555|35
556|24
557|21
558|34
559|34
560|39
561|12
562|42
563|37
564|30
565|23
566|17
567|10
568|42
569|10
570|45
571|21
572|14
573|42
574|1
575|26
576|48
577|18
578|44
579|29
580|38
581|41
582|36
583|47
584|22
585|17
586|45
587|19
588|23
589|10
590|2
591|46
592|31
593|9
594|27
595|21
596|12
597|27
598|10
599|40
600|26
601|31
602|40
603|30
604|6
605|30
606|1
607|28
608|16
609|29
610|45
611|38
612|6
613|46
614|40
615|16
616|2
617|23
618|24
619|24
620|31
621|0
622|12
623|18
624|24
625|32
626|38
627|25
628|41
629|42
630|36
631|27
632|41
633|45
634|17
635|36
636|5
637|45
638|36
639|21
640|11
641|47
642|27
643|23
644|8
645|31
646|36
647|25
648|27
649|33
650|22
651|37
652|32
653|16
654|17
655|18
656|20
657|11
658|3
659|2
660|7
661|1
662|38
663|41
664|32
665|15
666|25
667|1
668|39
669|37
670|39
671|13
672|41
673|46
674|38
675|12
676|15
677|1
678|37
679|10
680|40
681|35
682|26
683|7
684|4
685|34
686|26
687|4
688|33
689|3
690|2
691|6
692|3
693|27
694|9
695|15
696|14
697|28
698|31
699|41
700|8
701|12
702|11
703|36
704|19
705|16
706|20
707|5
708|41
709|30
710|19
711|20
712|6
713|47
714|23
715|38
716|27
717|25
718|39
719|32
720|12
721|30
722|23
723|27
724|6
725|41
726|46
727|49
728|24
729|21
730|3
731|43
732|0
733|24
734|47
735|29
736|45
737|19
738|11
739|3
740|37
741|1
742|0
743|16
744|16
745|29
746|37
747|1
748|13
749|30
750|21
751|24
752|20
753|40
754|16
755|25
756|2
757|24
758|9
759|38
760|45
761|43
762|25
763|9
764|35
765|28
766|21
767|46
768|5
769|37
770|32
771|35
772|9
773|37
774|13
775|30
776|27
777|31
778|28
779|11
780|34
781|22
782|18
783|4
784|12
785|12
786|45
787|28
788|38
789|38
790|0
791|9
792|1
793|46
794|13
795|45
796|1
797|30
798|3
799|35
800|18
801|6
802|10
803|41
804|47
805|1
806|13
807|37
808|42
809|46
810|19
811|33
812|0
813|8
814|48
815|7
816|14
817|16
818|15
819|15
820|5
821|48
822|44
823|33
824|47
825|5
826|46
827|24
828|20
829|23
830|24
831|46
832|9
833|40
834|3
835|23
836|13
837|37
838|49
839|26
840|41
841|8
842|8
843|49
844|37
845|2
846|35
847|19
848|43
849|23
850|42
851|26
852|21
853|11
854|22
855|8
856|27
857|38
858|13
859|34
860|42
861|26
862|17
863|10
864|29
865|46
866|23
867|43
868|3
869|32
870|33
871|18
872|0
873|19
874|34
875|21
876|45
877|11
878|37
879|16
880|35
881|8
882|32
883|41
884|32
885|19
886|35
887|46
888|22
889|29
890|26
891|23
892|25
893|39
894|24
895|48
896|7
897|26
898|42
899|25
900|19
901|2
902|33
903|24
904|45
905|47
906|1
907|37
908|20
909|20
910|46
911|33
912|17
913|23
914|18
915|9
916|8
917|3
918|7
919|49
920|20
921|13
922|23
923|2
924|7
925|11
926|11
927|49
928|30
929|8
930|49
931|24
932|49
933|21
934|48
935|4
936|8
937|40
938|35
939|12
940|0
941|42
942|31
943|17
944|23
945|46
946|5
947|16
948|27
949|35
950|6
951|34
952|12
953|18
954|20
955|7
956|47
957|42
958|11
959|21
960|23
961|33
962|47
963|49
964|21
965|25
966|43
967|42
968|28
969|7
970|7
971|42
972|39
973|40
974|27
975|35
976|16
977|0
978|17
979|24
980|34
981|13
982|29
983|37
984|36
985|11
986|44
987|30
988|1
989|48
990|17
991|19
992|8
993|20
994|0
995|30
996|15
997|31
998|16
999|19
1000|32
1001|34
1002|0
1003|41
1004|38
1005|40
1006|44
1007|33
1008|9
1009|21
1010|2
1011|10
1012|36
1013|17
1014|37
1015|32
1016|34
1017|49
1018|0
1019|48
1020|44
1021|10
1022|12
1023|6
1024|40
1025|13
1026|22
1027|8
1028|43
1029|5
1030|34
1031|40
1032|19
1033|45
1034|26
1035|32
1036|47
1037|17
1038|20
1039|25
1040|27
1041|10
1042|48
1043|36
1044|3
1045|13
1046|2
1047|16
1048|37
1049|12
1050|34
1051|5
1052|8
1053|37
1054|40
1055|18
1056|3
1057|39
1058|48
1059|38
1060|41
1061|43
1062|32
1063|40
1064|29
1065|8
1066|47
1067|31
1068|7
1069|40
1070|26
1071|35
1072|27
1073|12
1074|0
1075|2
1076|20
1077|36
1078|28
1079|21
1080|49
1081|42
1082|22
1083|27
1084|22
1085|7
1086|15
1087|26
1088|16
1089|24
1090|21
1091|3
1092|26
1093|0
1094|7
1095|46
1096|9
1097|41
1098|36
1099|32
1100|39
1101|24
1102|25
1103|46
1104|2
1105|28
1106|31
1107|31
1108|44
1109|40
1110|2
1111|31
1112|44
1113|46
1114|11
1115|17
1116|8
1117|29
1118|32
1119|3
1120|46
1121|25
1122|5
1123|3
1124|12
1125|23
1126|4
1127|8
1128|29
1129|1
1130|5
1131|36
1132|13
1133|42
1134|38
1135|22
1136|11
1137|31
1138|35
1139|13
1140|5
1141|12
1142|37
1143|26
1144|42
1145|16
1146|36
1147|25
1148|40
1149|20
1150|48
1151|37
1152|37
1153|30
1154|46
1155|0
1156|6
1157|34
1158|48
1159|27
1160|18
1161|36
1162|9
1163|21
1164|42
1165|0
1166|11
1167|34
1168|23
1169|33
1170|0
1171|4
1172|22
1173|3
1174|49
1175|45
1176|29
1177|30
1178|37
1179|35
1180|14
1181|27
1182|30
1183|37
1184|48
1185|14
1186|38
1187|34
1188|48
1189|35
1190|36
1191|35
1192|14
1193|6
1194|38
1195|15
1196|41
1197|27
1198|38
1199|0
1200|33
1201|7
1202|13
1203|25
1204|7
1205|22
1206|11
1207|11
1208|44
1209|38
1210|40
1211|27
1212|17
1213|43
1214|16
1215|2
1216|3
1217|16
1218|8
1219|44
1220|27
1221|36
1222|11
1223|39
1224|48
1225|29
1226|8
1227|15
1228|6
1229|11
1230|28
1231|33
1232|26
1233|15
1234|7
1235|2
1236|27
1237|2
1238|2
1239|27
1240|1
1241|34
1242|13
1243|45
1244|8
1245|17
1246|48
1247|30
1248|8
1249|26
1250|31
1251|22
1252|13
1253|26
1254|37
1255|20
1256|22
1257|43
1258|4
1259|49
1260|17
1261|6
1262|42
1263|18
1264|25
1265|15
1266|26
1267|43
1268|20
1269|31
1270|38
1271|43
1272|42
1273|6
1274|13
1275|36
1276|7
1277|31
1278|14
1279|24
1280|8
1281|26
1282|49
1283|12
1284|46
1285|8
1286|30
1287|26
1288|20
1289|35
1290|30
1291|35
1292|2
1293|8
1294|8
1295|19
1296|49
1297|43
1298|22
1299|17
1300|11
1301|48
1302|27
1303|38
1304|16
1305|11
1306|25
1307|9
1308|4
1309|46
1310|1
1311|13
1312|36
1313|15
1314|20
1315|37
1316|42
1317|22
1318|24
1319|39
1320|35
1321|3
1322|45
1323|37
1324|49
1325|17
1326|27
1327|35
1328|27
1329|37
1330|41
1331|40
1332|20
1333|8
1334|26
1335|23
1336|40
1337|7
1338|33
1339|10
1340|44
1341|27
1342|38
1343|47
1344|47
1345|33
1346|35
1347|41
1348|16
1349|0
1350|40
1351|37
1352|8
1353|15
1354|22
1355|20
1356|42
1357|34
1358|35
1359|33
1360|37
1361|4
1362|46
1363|12
1364|43
1365|12
1366|14
1367|0
1368|43
1369|31
1370|23
1371|3
1372|10
1373|33
1374|18
1375|17
1376|32
1377|1
1378|39
1379|32
1380|15
1381|32
1382|7
1383|0
1384|32
1385|9
1386|24
1387|47
1388|17
1389|45
1390|18
1391|26
1392|12
1393|8
1394|46
1395|49
1396|12
1397|3
1398|17
1399|14
1400|31
1401|46
1402|44
1403|48
1404|30
1405|37
1406|22
1407|6
1408|22
1409|20
1410|0
1411|15
1412|19
1413|43
1414|10
1415|5
1416|40
1417|1
1418|14
1419|19
1420|3
1421|45
1422|34
1423|34
1424|47
1425|31
1426|37
1427|40
1428|27
1429|26
1430|10
1431|2
1432|47
1433|39
1434|35
1435|9
1436|20
1437|19
1438|30
1439|5
1440|30
1441|45
1442|16
1443|12
1444|8
1445|14
1446|20
1447|37
1448|38
1449|21
1450|43
1451|28
1452|47
1453|43
1454|23
1455|26
1456|39
1457|15
1458|3
1459|23
1460|16
1461|19
1462|42
1463|8
1464|36
1465|24
1466|2
1467|49
1468|8
1469|20
1470|22
1471|5
1472|29
1473|15
1474|15
1475|19
1476|29
1477|9
1478|28
1479|41
1480|20
1481|6
1482|1
1483|29
1484|17
1485|39
1486|7
1487|13
1488|40
1489|29
1490|11
1491|48
1492|29
1493|49
1494|19
1495|41
1496|25
1497|13
1498|23
1499|0
1500|43
1501|45
1502|22
1503|28
1504|8
1505|0
1506|4
1507|15
1508|47
1509|16
1510|21
1511|1
1512|1
1513|30
1514|0
1515|37
1516|8
1517|22
1518|38
1519|11
1520|1
1521|5
1522|28
1523|10
1524|49
1525|29
1526|7
1527|22
1528|48
1529|28
1530|12
1531|28
1532|33
1533|1
1534|29
1535|2
1536|31
1537|47
1538|6
1539|48
1540|6
1541|22
1542|16
1543|40
1544|2
1545|29
1546|42
1547|2
1548|34
1549|10
1550|6
1551|9
1552|18
1553|18
1554|28
1555|17
1556|30
1557|45
1558|15
1559|19
1560|25
1561|41
1562|32
1563|28
1564|25
1565|45
1566|44
1567|44
1568|7
1569|18
1570|49
1571|12
1572|35
1573|13
1574|15
1575|27
1576|24
1577|35
1578|39
1579|32
1580|26
1581|11
1582|3
1583|10
1584|22
1585|15
1586|21
1587|29
1588|21
1589|13
1590|28
1591|37
1592|1
1593|46
1594|44
1595|48
1596|9
1597|30
1598|32
1599|47
1600|28
1601|13
1602|41
1603|29
1604|43
1605|20
1606|49
1607|37
1608|23
1609|28
1610|31
1611|23
1612|24
1613|46
1614|36
1615|8
1616|26
1617|47
1618|27
1619|33
1620|10
1621|28
1622|10
1623|39
1624|43
1625|15
1626|0
1627|47
1628|4
1629|34
1630|33
1631|40
1632|9
1633|26
1634|45
1635|4
1636|22
1637|16
1638|17
1639|2
1640|12
1641|9
1642|20
1643|19
1644|5
1645|16
1646|41
1647|20
1648|9
1649|5
1650|11
1651|29
1652|47
1653|4
1654|47
1655|27
1656|36
1657|33
1658|8
1659|3
1660|38
1661|16
1662|49
1663|46
1664|48
1665|49
1666|39
1667|21
1668|49
1669|17
1670|31
1671|0
1672|19
1673|6
1674|21
1675|37
1676|17
1677|11
1678|3
1679|33
1680|16
1681|3
1682|28
1683|17
1684|39
1685|12
1686|34
1687|40
1688|29
1689|26
1690|1
1691|30
1692|3
1693|31
1694|0
1695|29
1696|38
1697|5
1698|33
1699|46
1700|20
1701|42
1702|45
1703|9
1704|29
1705|15
1706|6
1707|18
1708|8
1709|43
1710|37
1711|45
1712|37
1713|10
1714|18
1715|40
1716|28
1717|3
1718|28
1719|21
1720|0
1721|48
1722|35
1723|41
1724|39
1725|27
1726|24
1727|43
1728|47
1729|34
1730|18
1731|0
1732|40
1733|30
1734|44
1735|10
1736|30
1737|10
1738|7
1739|46
1740|36
1741|18
1742|3
1743|5
1744|38
1745|44
1746|7
1747|18
1748|39
1749|25
1750|48
1751|14
1752|9
1753|31
1754|26
1755|4
1756|10
1757|20
1758|29
1759|43
1760|10
1761|42
1762|21
1763|33
1764|39
1765|48
1766|23
1767|7
1768|23
1769|25
1770|3
1771|42
1772|5
1773|47
1774|47
1775|24
1776|16
1777|5
1778|25
1779|1
1780|23
1781|35
1782|6
1783|6
1784|29
1785|43
1786|24
1787|13
1788|12
1789|31
1790|24
1791|30
1792|25
1793|25
1794|34
1795|31
1796|22
1797|11
1798|9
1799|28
1800|25
1801|44
1802|34
1803|21
1804|3
1805|37
1806|30
1807|30
1808|15
1809|3
1810|11
1811|7
1812|38
1813|47
1814|34
1815|12
1816|1
1817|33
1818|39
1819|4
1820|5
1821|2
1822|39
1823|3
1824|11
1825|35
1826|15
1827|33
1828|23
1829|18
1830|42
1831|18
1832|1
1833|24
1834|26
1835|32
1836|34
1837|24
1838|11
1839|6
1840|13
1841|19
1842|4
1843|35
1844|8
1845|19
1846|13
1847|9
1848|24
1849|23
1850|15
1851|11
1852|39
1853|28
1854|11
1855|13
1856|41
1857|39
1858|5
1859|45
1860|46
1861|12
1862|40
1863|46
1864|4
1865|37
1866|9
1867|13
1868|4
1869|36
1870|46
1871|21
1872|9
1873|29
1874|6
1875|3
1876|13
1877|41
1878|34
1879|49
1880|30
1881|11
1882|0
1883|33
1884|2
1885|28
1886|11
1887|4
1888|18
1889|15
1890|14
1891|1
1892|29
1893|27
1894|30
1895|18
1896|37
1897|13
1898|3
1899|14
1900|27
1901|39
1902|28
1903|46
1904|43
1905|43
1906|29
1907|11
1908|35
1909|17
1910|46
1911|33
1912|20
1913|21
1914|46
1915|15
1916|18
1917|16
1918|23
1919|15
1920|21
1921|19
1922|23
1923|16
1924|18
1925|20
1926|43
1927|29
1928|37
1929|33
1930|24
1931|47
1932|17
1933|26
1934|24
1935|7
1936|34
1937|11
1938|28
1939|44
1940|18
1941|16
1942|27
1943|16
1944|8
1945|29
1946|37
1947|33
1948|9
1949|21
1950|14
1951|37
1952|9
1953|31
1954|11
1955|2
1956|17
1957|10
1958|49
1959|2
1960|21
1961|18
1962|25
1963|9
1964|35
1965|38
1966|46
1967|12
1968|48
1969|5
1970|12
1971|40
1972|6
1973|42
1974|9
1975|10
1976|20
1977|23
1978|43
1979|39
1980|46
1981|3
1982|19
1983|48
1984|41
1985|37
1986|5
1987|21
1988|36
1989|22
1990|48
1991|0
1992|40
1993|40
1994|2
1995|12
1996|7
1997|17
1998|28
1999|39
2000|31
2001|18
2002|45
2003|36
2004|7
2005|30
2006|23
2007|24
2008|33
2009|46
2010|44
2011|19
2012|43
2013|4
2014|14
2015|13
2016|1
2017|0
2018|22
2019|30
2020|15
2021|38
2022|41
2023|12
2024|33
2025|24
2026|33
2027|10
2028|28
2029|1
2030|13
2031|47
2032|32
2033|3
2034|1
2035|4
2036|1
2037|41
2038|28
2039|13
2040|45
2041|22
2042|25
2043|3
2044|21
2045|39
2046|25
2047|39
2048|46
2049|26
2050|25
2051|3
2052|8
2053|3
2054|25
2055|46
2056|47
2057|36
2058|39
2059|20
2060|18
2061|43
2062|34
2063|20
2064|17
2065|28
2066|43
2067|46
2068|35
2069|38
2070|30
2071|43
2072|32
2073|49
2074|28
2075|38
2076|14
2077|23
2078|33
2079|12
2080|38
2081|11
2082|2
2083|14
2084|36
2085|23
2086|44
2087|11
2088|30
2089|24
2090|22
2091|28
2092|12
2093|33
2094|49
2095|6
2096|10
2097|16
2098|43
2099|36
2100|40
2101|14
2102|49
2103|31
2104|5
2105|12
2106|11
2107|14
2108|1
2109|2
2110|12
2111|43
2112|26
2113|27
2114|1
2115|40
2116|35
2117|30
2118|41
2119|33
2120|47
2121|47
2122|24
2123|22
2124|6
2125|37
2126|43
2127|40
2128|36
2129|44
2130|9
2131|26
2132|46
2133|11
2134|28
2135|4
2136|43
2137|30
2138|33
2139|17
2140|20
2141|1
2142|21
2143|17
2144|8
2145|0
2146|2
2147|17
2148|8
2149|8
2150|7
2151|41
2152|38
2153|11
2154|18
2155|33
2156|41
2157|36
2158|11
2159|3
2160|16
2161|0
2162|36
2163|27
2164|34
2165|28
2166|34
2167|14
2168|9
2169|25
2170|39
2171|8
2172|34
2173|25
2174|21
2175|34
2176|13
2177|30
2178|37
2179|35
2180|41
2181|42
2182|10
2183|42
2184|38
2185|31
2186|13
2187|1
2188|48
2189|38
2190|19
2191|20
2192|17
2193|15
2194|35
2195|39
2196|9
2197|12
2198|39
2199|32
2200|36
2201|48
2202|17
2203|47
2204|0
2205|11
2206|42
2207|5
2208|1
2209|32
2210|14
2211|10
2212|29
2213|8
2214|44
2215|26
2216|15
2217|6
2218|2
2219|24
2220|7
2221|38
2222|41
2223|48
2224|28
2225|33
2226|46
2227|25
2228|11
2229|10
2230|40
2231|11
2232|12
2233|1
2234|5
2235|48
2236|42
2237|30
2238|1
2239|37
2240|15
2241|48
2242|49
2243|16
2244|28
2245|41
2246|14
2247|0
2248|4
2249|26
2250|18
2251|9
2252|46
2253|44
2254|32
2255|37
2256|17
2257|49
2258|35
2259|47
2260|37
2261|43
2262|46
2263|12
2264|11
2265|36
2266|39
2267|12
2268|2
2269|33
2270|28
2271|44
2272|3
2273|0
2274|47
2275|48
2276|9
2277|23
2278|19
2279|49
2280|12
2281|29
2282|19
2283|12
2284|37
2285|21
2286|17
2287|42
2288|1
2289|26
2290|19
2291|7
2292|5
2293|39
2294|29
2295|47
2296|6
2297|38
2298|16
2299|3
2300|26
2301|42
2302|26
2303|11
2304|42
2305|44
2306|24
2307|9
2308|41
2309|12
2310|31
2311|40
2312|20
2313|10
2314|9
2315|29
2316|28
2317|30
2318|18
2319|29
2320|4
2321|35
2322|24
2323|22
2324|31
2325|39
2326|33
2327|49
2328|1
2329|35
2330|23
2331|45
2332|20
2333|0
2334|32
2335|15
2336|27
2337|36
2338|8
2339|21
2340|12
2341|43
2342|23
2343|41
2344|21
2345|49
2346|20
2347|42
2348|45
2349|39
2350|11
2351|35
2352|17
2353|12
2354|19
2355|24
2356|47
2357|10
2358|31
2359|45
2360|44
2361|1
2362|38
2363|21
2364|14
2365|6
2366|4
2367|40
2368|27
2369|19
2370|17
2371|42
2372|48
2373|2
2374|44
2375|23
2376|12
2377|24
2378|26
2379|46
2380|6
2381|39
2382|1
2383|5
2384|11
2385|20
2386|2
2387|49
2388|35
2389|47
2390|18
2391|17
2392|36
2393|28
2394|17
2395|33
2396|32
2397|1
2398|10
2399|37
2400|37
2401|25
2402|40
2403|2
2404|15
2405|0
2406|38
2407|15
2408|10
2409|31
2410|38
2411|19
2412|16
2413|20
2414|29
2415|33
2416|42
2417|7
2418|27
2419|37
2420|37
2421|3
2422|26
2423|8
2424|1
2425|38
2426|31
2427|19
2428|13
2429|10
2430|5
2431|47
2432|14
2433|20
2434|0
2435|1
2436|17
2437|49
2438|17
2439|5
2440|44
2441|16
2442|10
2443|21
2444|16
2445|18
2446|22
2447|21
2448|7
2449|1
2450|13
2451|21
2452|3
2453|36
2454|38
2455|27
2456|38
2457|37
2458|25
2459|40
2460|8
2461|27
2462|2
2463|5
2464|47
2465|46
2466|29
2467|26
2468|22
2469|40
2470|28
2471|46
2472|41
2473|7
2474|28
2475|47
2476|30
2477|49
2478|38
2479|43
2480|2
2481|36
2482|42
2483|35
2484|7
2485|21
2486|29
2487|30
2488|19
2489|19
2490|29
2491|48
2492|13
2493|39
2494|15
2495|15
2496|13
2497|45
2498|18
2499|26
2500|36
2501|38
2502|6
2503|37
2504|48
2505|25
2506|33
2507|5
2508|1
2509|37
2510|35
2511|17
2512|23
2513|44
2514|11
2515|13
2516|33
2517|19
2518|41
2519|16
2520|48
2521|45
2522|47
2523|49
2524|31
2525|13
2526|31
2527|44
2528|25
2529|21
2530|29
2531|11
2532|11
2533|7
2534|47
2535|30
2536|26
2537|6
2538|48
2539|26
2540|18
2541|9
2542|20
2543|6
2544|17
2545|30
2546|11
2547|0
2548|13
2549|35
2550|48
2551|2
2552|4
2553|21
2554|41
2555|46
2556|22
2557|22
2558|29
2559|15
2560|9
2561|33
2562|24
2563|15
2564|7
2565|16
2566|0
2567|18
2568|41
2569|4
2570|5
2571|30
2572|11
2573|1
2574|20
2575|13
2576|39
2577|26
2578|32
2579|0
2580|3
2581|16
2582|49
2583|38
2584|33
2585|21
2586|40
2587|9
2588|27
2589|17
2590|21
2591|28
2592|20
2593|11
2594|32
2595|12
2596|13
2597|28
2598|40
2599|18
2600|34
2601|47
2602|26
2603|29
2604|11
2605|26
2606|46
2607|5
2608|48
2609|6
2610|8
2611|47
2612|32
2613|43
2614|1
2615|39
2616|39
2617|45
2618|7
2619|34
2620|44
2621|3
2622|21
2623|10
2624|40
2625|49
2626|6
2627|12
2628|40
2629|12
2630|47
2631|10
2632|13
2633|35
2634|43
2635|35
2636|30
2637|41
2638|4
2639|26
2640|1
2641|0
2642|39
2643|12
2644|28
2645|11
2646|30
2647|20
2648|21
2649|2
2650|24
2651|39
2652|8
2653|12
2654|12
2655|48
2656|28
2657|4
2658|24
2659|17
2660|36
2661|33
2662|25
2663|27
2664|9
2665|37
2666|31
2667|10
2668|22
2669|43
2670|36
2671|41
2672|5
2673|4
2674|38
2675|19
2676|20
2677|0
2678|40
2679|23
2680|2
2681|34
2682|25
2683|45
2684|35
2685|19
2686|35
2687|14
2688|32
2689|33
2690|44
2691|36
2692|34
2693|32
2694|33
2695|16
2696|40
2697|21
2698|33
2699|5
2700|45
2701|5
2702|35
2703|41
2704|17
2705|3
2706|22
2707|16
2708|28
2709|47
2710|36
2711|35
2712|12
2713|7
2714|19
2715|16
2716|27
2717|9
2718|0
2719|11
2720|5
2721|44
2722|31
2723|26
2724|14
2725|13
2726|36
2727|39
2728|3
2729|45
2730|43
2731|12
2732|20
2733|41
2734|21
2735|47
2736|28
2737|35
2738|31
2739|46
2740|47
2741|43
2742|49
2743|1
2744|15
2745|7
2746|40
2747|34
2748|16
2749|48
2750|9
2751|4
2752|3
2753|24
2754|13
2755|37
2756|24
2757|49
2758|32
2759|31
2760|36
2761|29
2762|30
2763|4
2764|37
2765|16
2766|37
2767|45
2768|11
2769|2
2770|17
2771|13
2772|7
2773|42
2774|42
2775|33
2776|24
2777|38
2778|40
2779|46
2780|0
2781|30
2782|37
2783|43
2784|15
2785|19
2786|40
2787|29
2788|17
2789|11
2790|7
2791|25
2792|36
2793|29
2794|18
2795|7
2796|43
2797|29
2798|24
2799|3
2800|13
2801|46
2802|30
2803|19
2804|11
2805|43
2806|41
2807|0
2808|29
2809|43
2810|28
2811|48
2812|45
2813|8
2814|47
2815|11
2816|31
2817|31
2818|21
2819|2
2820|5
2821|34
2822|4
2823|28
2824|47
2825|7
2826|11
2827|47
2828|42
2829|47
2830|18
2831|39
2832|43
2833|19
2834|29
2835|31
2836|46
2837|27
2838|14
2839|33
2840|12
2841|13
2842|37
2843|20
2844|35
2845|34
2846|46
2847|43
2848|0
2849|29
2850|31
2851|43
2852|21
2853|9
2854|8
2855|39
2856|28
2857|32
2858|26
2859|17
2860|37
2861|3
2862|36
2863|21
2864|15
2865|45
2866|15
2867|23
2868|14
2869|19
2870|26
2871|45
2872|46
2873|8
2874|27
2875|5
2876|2
2877|27
2878|32
2879|16
2880|19
2881|29
2882|36
2883|34
2884|3
2885|8
2886|22
2887|44
2888|22
2889|0
2890|25
2891|11
2892|6
2893|1
2894|32
2895|34
2896|24
2897|1
2898|22
2899|47
2900|7
2901|24
2902|28
2903|33
2904|23
2905|1
2906|30
2907|27
2908|30
2909|24
2910|35
2911|26
2912|11
2913|14
2914|24
2915|31
2916|37
2917|36
2918|48
2919|5
2920|2
2921|25
2922|35
2923|31
2924|40
2925|46
2926|41
2927|25
2928|2
2929|35
2930|3
2931|31
2932|47
2933|5
2934|39
2935|15
2936|44
2937|8
2938|41
2939|32
2940|49
2941|29
2942|45
2943|12
2944|39
2945|5
2946|36
2947|47
2948|15
2949|2
2950|48
2951|49
2952|29
2953|42
2954|36
2955|21
2956|19
2957|9
2958|25
2959|38
2960|30
2961|35
2962|32
2963|11
2964|2
2965|9
2966|5
2967|33
2968|25
2969|32
2970|25
2971|23
2972|19
2973|13
2974|38
2975|49
2976|4
2977|15
2978|26
2979|10
2980|9
2981|45
2982|27
2983|31
2984|35
2985|40
2986|34
2987|12
2988|21
2989|25
2990|49
2991|32
2992|38
2993|14
2994|7
2995|25
2996|32
2997|34
2998|36
2999|24
3000|49
