0|34
1|8
2|29
3|43
4|17
5|2
6|19
7|23
8|24
9|44
10|18
11|49
12|2
13|43
14|30
15|42
16|16
17|22
18|3
19|28
20|33
21|29
22|41
23|14
24|23
25|15
26|3
27|25
28|26
29|17
30|44
31|19
32|18
33|17
34|40
35|22
36|1
37|9
38|3
39|41
40|24
41|30
42|11
43|10
44|1
45|38
46|8
47|20
48|23
49|22
50|2
51|8
52|21
53|37
54|37
55|13
56|42
57|20
58|44
59|4
60|40
61|37
62|48
63|15
64|13
65|40
66|30
67|32
68|12
69|37
70|45
71|32
72|35
73|21
74|31
75|0
76|22
77|36
78|41
79|43
80|15
81|16
82|4
83|3
84|26
85|40
86|32
87|28
88|13
89|37
90|15
91|19
92|12
93|43
94|3
95|1
96|48
97|6
98|19
99|14
100|18
101|30
102|24
103|4
104|8
105|31
106|33
107|30
108|17
109|29
110|40
111|48
112|46
113|1
114|21
115|39
116|32
117|44
118|16
119|26
120|1
121|1
122|41
123|7
124|14
125|30
126|31
127|23
128|33
129|38
130|25
131|23
132|37
133|26
134|31
135|18
136|6
137|0
138|43
139|29
140|15
141|6
142|39
143|31
144|13
145|25
146|26
147|45
148|44
149|8
150|43
151|19
152|26
153|45
154|1
155|2
156|9
157|40
158|4
159|13
160|35
161|29
162|1
163|40
164|24
165|38
166|14
167|30
168|8
169|18
170|37
171|8
172|33
173|38
174|30
175|4
176|27
177|0
178|32
179|47
180|36
181|24
182|28
183|10
184|11
185|17
186|19
187|7
188|4
189|43
190|11
191|45
192|35
193|25
194|48
195|35
196|35
197|27
198|46
199|42
200|31
201|10
202|48
203|20
204|46
205|34
206|16
207|7
208|44
209|36
210|46
211|3
212|28
213|42
214|41
215|16
216|39
217|28
218|19
219|41
220|18
221|0
222|38
223|27
224|36
225|6
226|35
227|26
228|12
229|47
230|24
231|35
232|19
233|43
234|36
235|31
236|35
237|1
238|13
239|26
240|24
241|39
242|44
243|14
244|49
245|39
246|22
247|15
248|13
249|10
250|28
251|3
252|21
253|12
254|21
255|37
256|35
257|32
258|31
259|8
260|12
261|36
262|43
263|27
264|37
265|24
266|29
267|0
268|38
269|42
270|29
271|31
272|49
273|41
274|32
275|23
276|12
277|38
278|8
279|13
280|22
281|30
282|46
283|2
284|44
285|17
286|20
287|17
288|15
289|9
290|48
291|39
292|36
293|22
294|3
295|5
296|3
297|20
298|25
299|3
300|16
301|19
302|31
303|48
304|4
305|11
306|14
307|11
308|31
309|11
310|33
311|20
312|8
313|16
314|13
315|1
316|47
317|43
318|22
319|3
320|19
321|13
322|49
323|21
324|6
325|26
326|26
327|47
328|15
329|35
330|21
331|19
332|11
333|30
334|29
335|17
336|20
337|28
338|11
339|13
340|39
341|28
342|35
343|40
344|40
345|33
346|33
347|45
348|38
349|9
350|44
351|47
352|23
353|13
354|11
355|43
356|1
357|35
358|34
359|1
360|11
361|45
362|6
363|22
364|19
365|12
366|27
367|40
368|49
369|19
370|17
371|38
372|32
373|10
374|32
375|29
376|45
377|0
378|2
379|21
380|15
381|27
382|35
383|42
384|34
385|37
386|10
387|1
388|41
389|7
390|20
391|5
392|35
393|46
394|23
395|21
396|29
397|37
398|20
399|38
400|15
401|12
402|22
403|1
404|48
405|19
406|7
407|13
408|30
409|47
410|2
411|36
412|25
413|1
414|33
415|37
416|21
417|10
418|11
419|34
420|16
421|20
422|16
423|35
424|21
425|1
426|48
427|14
428|2
429|29
430|2
431|28
432|26
433|11
434|15
435|23
436|13
437|30
438|19
439|24
440|22
441|47
442|41
443|7
444|8
445|28
446|43
447|12
448|48
449|25
450|19
451|1
452|21
453|35
454|28
455|13
456|4
457|15
458|38
459|43
460|20
461|44
462|49
463|42
464|29
465|28
466|9
467|33
468|22
469|27
470|16
471|42
472|17
473|2
474|39
475|19
476|31
477|11
478|36
479|24
480|16
481|44
482|4
483|11
484|48
485|1
486|13
487|14
488|33
489|3
490|48
491|41
492|40
493|22
494|30
495|15
496|7
497|42
498|41
499|37
500|25
501|8
502|32
503|23
504|4
505|24
506|2
507|5
508|25
509|44
510|36
511|15
512|25
513|15
514|11
515|45
516|16
517|43
518|13
519|28
520|4
521|17
522|13
523|16
524|48
525|23
526|7
527|33
528|36
529|4
530|43
531|49
532|42
533|6
534|21
535|3
536|29
537|16
538|12
539|40
540|15
541|29
542|3
543|12
544|21
545|33
546|17
547|32
548|8
549|18
550|48
551|24
552|27
553|7
554|3
555|0
556|31
557|20
558|30
559|22
560|30
561|39
562|42
563|20
564|5
565|5
566|35
567|13
568|36
569|47
570|3
571|6
572|48
573|14
574|1
575|31
576|46
577|25
578|24
579|25
580|17
581|27
582|37
583|10
584|25
585|7
586|48
587|38
588|1
589|7
590|41
591|21
592|34
593|25
594|41
595|6
596|12
597|32
598|43
599|15
600|37
601|24
602|25
603|10
604|44
605|10
606|38
607|3
608|6
609|0
610|19
611|21
612|32
613|26
614|6
615|2
616|38
617|5
618|10
619|7
620|23
621|6
622|29
623|36
624|28
625|32
626|48
627|14
628|10
629|14
630|41
631|34
632|0
633|11
634|27
635|45
636|30
637|36
638|33
639|24
640|26
641|48
642|7
643|31
644|17
645|4
646|19
647|39
648|17
649|13
650|13
651|2
652|48
653|17
654|20
655|24
656|7
657|26
658|14
659|35
660|49
661|19
662|43
663|38
664|34
665|4
666|30
667|46
668|34
669|26
670|27
671|24
672|44
673|49
674|44
675|46
676|25
677|7
678|33
679|5
680|43
681|2
682|2
683|30
684|32
685|39
686|46
687|19
688|28
689|43
690|26
691|21
692|4
693|27
694|24
695|38
696|43
697|35
698|24
699|19
700|46
701|26
702|0
703|9
704|47
705|32
706|35
707|13
708|22
709|27
710|36
711|47
712|16
713|36
714|40
715|39
716|1
717|3
718|36
719|35
720|47
721|33
722|17
723|39
724|16
725|30
726|46
727|40
728|10
729|42
730|0
731|1
732|6
733|5
734|39
735|25
736|30
737|32
738|45
739|47
740|40
741|40
742|14
743|0
744|5
745|30
746|21
747|36
748|2
749|11
750|20
751|44
752|3
753|47
754|29
755|15
756|24
757|41
758|23
759|40
760|12
761|21
762|8
763|12
764|1
765|2
766|37
767|24
768|0
769|3
770|24
771|39
772|13
773|7
774|32
775|6
776|18
777|5
778|2
779|19
780|35
781|0
782|34
783|6
784|49
785|31
786|16
787|16
788|43
789|15
790|38
791|0
792|5
793|37
794|9
795|1
796|5
797|35
798|45
799|40
800|4
801|49
802|39
803|37
804|34
805|33
806|8
807|3
808|35
809|7
810|45
811|7
812|4
813|8
814|37
815|17
816|38
817|36
818|43
819|13
820|23
821|12
822|27
823|10
824|12
825|20
826|30
827|37
828|2
829|4
830|25
831|35
832|8
833|30
834|25
835|38
836|41
837|12
838|16
839|37
840|15
841|43
842|37
843|30
844|33
845|1
846|35
847|43
848|49
849|39
850|6
851|37
852|47
853|0
854|26
855|4
856|9
857|25
858|36
859|33
860|22
861|41
862|45
863|13
864|49
865|44
866|36
867|14
868|20
869|20
870|42
871|4
872|11
873|13
874|19
875|15
876|14
877|28
878|22
879|43
880|15
881|46
882|27
883|17
884|23
885|1
886|0
887|0
888|12
889|15
890|1
891|32
892|1
893|19
894|19
895|16
896|24
897|5
898|21
899|14
900|1
901|12
902|8
903|22
904|5
905|15
906|0
907|46
908|41
909|23
910|15
911|11
912|45
913|40
914|16
915|0
916|9
917|42
918|1
919|38
920|34
921|20
922|26
923|7
924|0
925|7
926|48
927|22
928|26
929|22
930|9
931|28
932|8
933|23
934|28
935|25
936|18
937|45
938|13
939|2
940|32
941|23
942|2
943|22
944|49
945|9
946|10
947|15
948|30
949|30
950|41
951|4
952|26
953|16
954|36
955|35
956|28
957|23
958|0
959|42
960|42
961|42
962|41
963|39
964|10
965|43
966|24
967|39
968|13
969|19
970|14
971|29
972|20
973|9
974|21
975|46
976|12
977|35
978|48
979|24
980|31
981|49
982|24
983|42
984|42
985|18
986|7
987|32
988|23
989|37
990|41
991|40
992|12
993|21
994|44
995|28
996|22
997|22
998|17
999|24
1000|43
1001|3
1002|33
1003|38
1004|43
1005|41
1006|9
1007|43
1008|3
1009|0
1010|5
1011|46
1012|16
1013|15
1014|45
1015|16
1016|37
1017|15
1018|12
1019|9
1020|22
1021|28
1022|22
1023|39
1024|11
1025|33
1026|30
1027|30
1028|4
1029|49
1030|26
1031|5
1032|3
1033|44
1034|3
1035|34
1036|37
1037|29
1038|42
1039|2
1040|46
1041|4
1042|5
1043|33
1044|38
1045|13
1046|15
1047|36
1048|46
1049|3
1050|26
1051|40
1052|44
1053|45
1054|35
1055|30
1056|7
1057|10
1058|47
1059|42
1060|21
1061|36
1062|10
1063|21
1064|38
1065|19
1066|47
1067|26
1068|12
1069|41
1070|18
1071|5
1072|40
1073|7
1074|17
1075|20
1076|3
1077|44
1078|25
1079|8
1080|28
1081|7
1082|26
1083|18
1084|37
1085|48
1086|46
1087|3
1088|26
1089|30
1090|44
1091|13
1092|38
1093|5
1094|38
1095|20
1096|36
1097|43
1098|46
1099|21
1100|42
1101|48
1102|6
1103|29
1104|13
1105|25
1106|6
1107|23
1108|48
1109|48
1110|15
1111|43
1112|12
1113|24
1114|4
1115|43
1116|4
1117|35
1118|6
1119|21
1120|36
1121|31
1122|4
1123|4
1124|39
1125|25
1126|31
1127|35
1128|34
1129|30
1130|19
1131|30
1132|12
1133|12
1134|44
1135|25
1136|27
1137|8
1138|42
1139|11
1140|21
1141|37
1142|6
1143|23
1144|7
1145|22
1146|36
1147|4
1148|38
1149|24
1150|13
1151|29
1152|21
1153|8
1154|36
1155|30
1156|15
1157|29
1158|32
1159|0
1160|19
1161|20
1162|12
1163|38
1164|26
1165|3
1166|10
1167|37
1168|1
1169|16
1170|36
1171|20
1172|21
1173|5
1174|3
1175|47
1176|33
1177|36
1178|43
1179|27
1180|41
1181|32
1182|19
1183|7
1184|42
1185|25
1186|21
1187|14
1188|35
1189|47
1190|2
1191|30
1192|36
1193|18
1194|22
1195|8
1196|4
1197|13
1198|36
1199|49
1200|4
1201|24
1202|47
1203|7
1204|19
1205|1
1206|16
1207|26
1208|13
1209|14
1210|38
1211|29
1212|45
1213|12
1214|43
1215|43
1216|29
1217|25
1218|35
1219|27
1220|3
1221|45
1222|8
1223|41
1224|16
1225|26
1226|28
1227|17
1228|30
1229|48
1230|0
1231|15
1232|10
1233|32
1234|38
1235|30
1236|31
1237|28
1238|27
1239|46
1240|4
1241|48
1242|40
1243|42
1244|24
1245|28
1246|5
1247|19
1248|15
1249|45
1250|12
1251|38
1252|9
1253|24
1254|10
1255|28
1256|15
1257|17
1258|40
1259|19
1260|33
1261|20
1262|3
1263|29
1264|3
1265|9
1266|5
1267|24
1268|49
1269|6
1270|7
1271|6
1272|39
1273|24
1274|32
1275|15
1276|48
1277|40
1278|41
1279|17
1280|47
1281|31
1282|5
1283|44
1284|45
1285|12
1286|8
1287|29
1288|30
1289|22
1290|28
1291|30
1292|25
1293|8
1294|30
1295|11
1296|21
1297|28
1298|42
1299|8
1300|46
1301|47
1302|0
1303|13
1304|23
1305|40
1306|38
1307|21
1308|38
1309|34
1310|39
1311|5
1312|45
1313|14
1314|6
1315|34
1316|15
1317|34
1318|41
1319|34
1320|18
1321|29
1322|49
1323|21
1324|37
1325|32
1326|45
1327|5
1328|13
1329|33
1330|27
1331|29
1332|49
1333|20
1334|24
1335|25
1336|38
1337|48
1338|37
1339|35
1340|20
1341|11
1342|28
1343|27
1344|30
1345|31
1346|43
1347|12
1348|48
1349|14
1350|25
1351|27
1352|0
1353|45
1354|13
1355|0
1356|6
1357|40
1358|14
1359|23
1360|12
1361|24
1362|30
1363|44
1364|48
1365|12
1366|47
1367|46
1368|43
1369|29
1370|12
1371|32
1372|0
1373|8
1374|11
1375|39
1376|45
1377|4
1378|16
1379|39
1380|10
1381|4
1382|25
1383|12
1384|47
1385|2
1386|4
1387|14
1388|7
1389|1
1390|33
1391|11
1392|8
1393|0
1394|40
1395|30
1396|4
1397|19
1398|49
1399|38
1400|30
1401|17
1402|15
1403|3
1404|18
1405|41
1406|3
1407|35
1408|23
1409|21
1410|22
1411|24
1412|17
1413|11
1414|33
1415|3
1416|41
1417|46
1418|20
1419|40
1420|31
1421|21
1422|2
1423|12
1424|7
1425|10
1426|32
1427|2
1428|0
1429|7
1430|41
1431|47
1432|43
1433|19
1434|35
1435|33
1436|13
1437|29
1438|16
1439|16
1440|17
1441|25
1442|16
1443|14
1444|1
1445|23
1446|49
1447|2
1448|33
1449|14
1450|39
1451|6
1452|36
1453|14
1454|30
1455|37
1456|44
1457|46
1458|44
1459|29
1460|6
1461|36
1462|49
1463|49
1464|40
1465|42
1466|17
1467|1
1468|17
1469|40
1470|13
1471|23
1472|36
1473|39
1474|5
1475|17
1476|24
1477|5
1478|25
1479|5
1480|29
1481|39
1482|49
1483|37
1484|45
1485|36
1486|19
1487|12
1488|3
1489|23
1490|33
1491|34
1492|15
1493|9
1494|21
1495|44
1496|15
1497|42
1498|47
1499|48
1500|7
