0|8
1|14
2|21
3|30
4|36
5|23
6|27
7|21
8|17
9|18
10|25
11|28
12|42
13|16
14|14
15|2
16|14
17|25
18|9
19|46
20|34
21|2
22|48
23|37
24|21
25|36
26|29
27|9
28|17
29|30
30|8
31|34
32|11
33|16
34|28
35|10
36|38
37|38
38|19
39|15
40|46
41|10
42|30
43|23
44|11
45|4
46|32
47|24
48|43
49|29
50|3
51|43
52|27
53|15
54|17
55|0
56|38
57|15
58|8
59|13
60|23
61|29
62|49
63|14
64|39
65|1
66|22
67|34
68|40
69|45
70|38
71|26
72|5
73|1
74|49
75|10
76|21
77|31
78|3
79|19
80|27
81|14
82|43
83|7
84|27
85|41
86|11
87|18
88|14
89|46
90|22
91|2
92|46
93|43
94|1
95|28
96|3
97|44
98|8
99|7
100|21
101|29
102|0
103|39
104|21
105|31
106|22
107|37
108|44
109|11
110|33
111|32
112|41
113|45
114|44
115|28
116|13
117|31
118|12
119|20
120|26
121|1
122|3
123|36
124|41
125|10
126|9
127|45
128|30
129|46
130|36
131|45
132|46
133|14
134|33
135|33
136|44
137|22
138|12
139|4
140|29
141|17
142|34
143|8
144|4
145|36
146|34
147|47
148|28
149|6
150|46
151|46
152|16
153|34
154|37
155|21
156|39
157|27
158|37
159|44
160|38
161|17
162|26
163|49
164|13
165|20
166|27
167|3
168|24
169|13
170|17
171|8
172|17
173|33
174|22
175|30
176|6
177|39
178|32
179|34
180|0
181|2
182|49
183|45
184|17
185|37
186|21
187|18
188|38
189|36
190|39
191|15
192|23
193|8
194|23
195|46
196|8
197|46
198|0
199|35
200|19
201|3
202|26
203|43
204|44
205|15
206|21
207|21
208|32
209|25
210|4
211|9
212|21
213|17
214|47
215|32
216|16
217|9
218|32
219|43
220|24
221|27
222|15
223|33
224|22
225|11
226|16
227|10
228|15
229|34
230|5
231|16
232|29
233|14
234|45
235|38
236|7
237|8
238|23
239|14
240|2
241|47
242|31
243|48
244|0
245|33
246|20
247|37
248|1
249|39
250|43
251|2
252|1
253|1
254|5
255|9
256|46
257|33
258|19
259|31
260|15
261|46
262|26
263|19
264|26
265|13
266|31
267|15
268|46
269|44
270|34
271|34
272|24
273|14
274|27
275|9
276|15
277|14
278|14
279|13
280|19
281|32
282|25
283|27
284|2
285|2
286|29
287|36
288|35
289|29
290|26
291|36
292|43
293|13
294|26
295|37
296|29
297|37
298|32
299|40
300|17
301|27
302|46
303|5
304|48
305|46
306|23
307|7
308|29
309|1
310|15
311|16
312|48
313|46
314|32
315|30
316|16
317|6
318|9
319|35
320|43
321|32
322|40
323|45
324|39
325|12
326|43
327|35
328|39
329|39
330|15
331|8
332|29
333|31
334|33
335|10
336|26
337|18
338|45
339|6
340|35
341|34
342|20
343|24
344|38
345|6
346|12
347|18
348|21
349|42
350|27
351|17
352|27
353|37
354|46
355|30
356|11
357|48
358|13
359|9
360|30
361|7
362|44
363|11
364|46
365|44
366|23
367|42
368|10
369|17
370|5
371|49
372|39
373|10
374|43
375|8
376|19
377|5
378|38
379|25
380|9
381|8
382|45
383|36
384|34
385|0
386|29
387|9
388|32
389|37
390|27
391|6
392|44
393|6
394|14
395|35
396|25
397|23
398|6
399|34
400|13
401|17
402|38
403|23
404|27
405|19
406|37
407|41
408|11
409|1
410|25
411|3
412|3
413|20
414|26
415|7
416|32
417|37
418|39
419|44
420|1
421|20
422|29
423|9
424|27
425|39
426|24
427|10
428|36
429|29
430|3
431|49
432|32
433|21
434|6
435|7
436|37
437|27
438|25
439|21
440|30
441|23
442|36
443|34
444|24
445|11
446|34
447|19
448|38
449|25
450|31
451|29
452|44
453|40
454|18
455|21
456|29
457|10
458|9
459|12
460|5
461|0
462|25
463|47
464|26
465|24
466|39
467|41
468|28
469|23
470|35
471|23
472|19
473|24
474|25
475|38
476|42
477|1
478|42
479|11
480|45
481|18
482|27
483|26
484|23
485|49
486|47
487|19
488|16
489|2
490|10
491|31
492|5
493|42
494|12
495|1
496|7
497|39
498|7
499|48
500|4
501|23
502|44
503|20
504|37
505|24
506|7
507|27
508|27
509|38
510|4
511|42
512|45
513|14
514|42
515|38
516|42
517|34
518|0
519|23
520|9
521|24
522|2
523|9
524|15
525|1
526|19
527|4
528|43
529|2
530|14
531|4
532|41
533|33
534|37
535|31
536|25
537|14
538|35
539|29
540|2
541|46
542|43
543|24
544|6
545|19
546|20
547|41
548|2
549|10
550|41
551|2
552|0
553|2
554|8
555|13
556|17
557|11
558|28
559|13
560|14
561|27
562|31
563|38
564|33
565|23
566|6
567|27
568|21
569|11
570|34
571|17
572|17
573|43
574|1
575|8
576|27
577|42
578|44
579|45
580|6
581|36
582|30
583|24
584|16
585|7
586|32
587|35
588|13
589|21
590|41
591|41
592|37
593|47
594|2
595|17
596|22
597|10
598|35
599|43
600|19
601|45
602|4
603|24
604|44
605|16
606|5
607|19
608|11
609|2
610|18
611|5
612|22
613|10
614|21
615|35
616|30
617|18
618|18
619|3
620|44
621|48
622|24
623|34
624|33
625|14
626|37
627|1
628|34
629|36
630|12
631|15
632|4
633|15
634|27
635|35
636|48
637|22
638|48
639|42
640|24
641|0
642|12
643|41
644|28
645|16
646|6
647|23
648|24
649|25
650|29
651|40
652|24
653|9
654|22
655|49
656|33
657|24
658|25
659|43
660|0
661|35
662|27
663|46
664|40
665|36
666|32
667|30
668|5
669|45
670|30
671|32
672|9
673|36
674|9
675|26
676|32
677|25
678|9
679|20
680|21
681|13
682|47
683|29
684|8
685|28
686|3
687|11
688|2
689|49
690|37
691|16
692|26
693|22
694|0
695|37
696|4
697|31
698|39
699|16
700|20
701|27
702|21
703|1
704|29
705|21
706|10
707|36
708|21
709|21
710|22
711|39
712|0
713|43
714|8
715|16
716|48
717|32
718|20
719|25
720|24
721|44
722|4
723|26
724|28
725|21
726|3
727|41
728|39
729|34
730|38
731|33
732|36
733|8
734|27
735|32
736|40
737|38
738|4
739|48
740|22
741|4
742|45
743|42
744|31
745|6
746|1
747|32
748|22
749|0
750|19
751|12
752|43
753|24
754|22
755|45
756|31
757|36
758|45
759|49
760|25
761|29
762|9
763|13
764|27
765|24
766|38
767|26
768|16
769|47
770|0
771|21
772|5
773|6
774|4
775|6
776|2
777|28
778|44
779|7
780|5
781|16
782|42
783|12
784|13
785|10
786|44
787|2
788|25
789|37
790|9
791|37
792|19
793|0
794|18
795|26
796|11
797|38
798|14
799|30
800|18
801|1
802|0
803|31
804|47
805|35
806|35
807|2
808|2
809|46
810|28
811|24
812|3
813|30
814|48
815|2
816|15
817|34
818|41
819|14
820|44
821|45
822|17
823|4
824|45
825|24
826|10
827|4
828|22
829|23
830|15
831|35
832|27
833|25
834|0
835|41
836|34
837|35
838|45
839|37
840|17
841|47
842|44
843|3
844|47
845|17
846|17
847|25
848|14
849|21
850|14
851|5
852|0
853|43
854|14
855|49
856|34
857|15
858|41
859|17
860|3
861|8
862|19
863|13
864|35
865|45
866|5
867|24
868|26
869|18
870|34
871|1
872|10
873|9
874|31
875|49
876|38
877|37
878|22
879|2
880|9
881|34
882|5
883|2
884|39
885|31
886|11
887|13
888|24
889|17
890|19
891|22
892|33
893|5
894|26
895|31
896|39
897|18
898|12
899|38
900|8
901|29
902|5
903|35
904|24
905|9
906|44
907|31
908|46
909|44
910|41
911|32
912|48
913|47
914|20
915|3
916|33
917|41
918|34
919|11
920|0
921|45
922|25
923|23
924|0
925|24
926|7
927|41
928|20
929|23
930|14
931|13
932|4
933|5
934|18
935|49
936|27
937|0
938|38
939|1
940|27
941|14
942|30
943|43
944|9
945|17
946|0
947|3
948|30
949|25
950|32
951|6
952|17
953|30
954|32
955|44
956|10
957|37
958|31
959|45
960|26
961|12
962|13
963|34
964|29
965|47
966|40
967|41
968|10
969|38
970|4
971|5
972|27
973|9
974|37
975|32
976|30
977|1
978|10
979|28
980|17
981|31
982|37
983|40
984|21
985|13
986|25
987|8
988|10
989|27
990|4
991|1
992|9
993|4
994|12
995|15
996|9
997|6
998|49
999|17
1000|1
1001|26
1002|43
1003|16
1004|17
1005|44
1006|29
1007|39
1008|39
1009|8
1010|9
1011|5
1012|39
1013|5
1014|45
1015|14
1016|11
1017|27
1018|12
1019|0
1020|22
1021|19
1022|13
1023|5
1024|42
1025|0
1026|11
1027|15
1028|30
1029|10
1030|17
1031|14
1032|9
1033|27
1034|38
1035|49
1036|16
1037|18
1038|14
1039|24
1040|38
1041|6
1042|10
1043|31
1044|47
1045|44
1046|42
1047|45
1048|25
1049|48
1050|12
1051|10
1052|12
1053|20
1054|2
1055|34
1056|0
1057|40
1058|31
1059|6
1060|3
1061|45
1062|8
1063|34
1064|49
1065|25
1066|40
1067|30
1068|26
1069|40
1070|15
1071|25
1072|32
1073|9
1074|1
1075|6
1076|36
1077|49
1078|42
1079|11
1080|5
1081|26
1082|34
1083|29
1084|15
1085|28
1086|35
1087|48
1088|21
1089|25
1090|2
1091|24
1092|17
1093|9
1094|10
1095|47
1096|41
1097|5
1098|32
1099|26
1100|21
1101|4
1102|1
1103|14
1104|29
1105|19
1106|14
1107|0
1108|17
1109|14
1110|39
1111|48
1112|8
1113|30
1114|43
1115|29
1116|28
1117|47
1118|9
1119|48
1120|35
1121|38
1122|17
1123|41
1124|10
1125|48
1126|3
1127|6
1128|47
1129|4
1130|7
1131|21
1132|3
1133|28
1134|10
1135|48
1136|0
1137|9
1138|24
1139|18
1140|34
1141|43
1142|9
1143|27
1144|37
1145|35
1146|2
1147|16
1148|41
1149|33
1150|48
1151|29
1152|23
1153|26
1154|7
1155|32
1156|14
1157|48
1158|1
1159|46
1160|26
1161|6
1162|38
1163|34
1164|45
1165|32
1166|39
1167|49
1168|36
1169|37
1170|48
1171|26
1172|14
1173|44
1174|22
1175|18
1176|1
1177|8
1178|24
1179|1
1180|2
1181|35
1182|29
1183|39
1184|28
1185|43
1186|19
1187|5
1188|32
1189|19
1190|10
1191|33
1192|13
1193|8
1194|1
1195|5
1196|14
1197|31
1198|15
1199|36
1200|39
1201|21
1202|25
1203|29
1204|5
1205|26
1206|18
1207|4
1208|26
1209|48
1210|23
1211|28
1212|42
1213|17
1214|20
1215|49
1216|13
1217|20
1218|48
1219|1
1220|30
1221|26
1222|0
1223|43
1224|0
1225|3
1226|35
1227|13
1228|30
1229|16
1230|36
1231|0
1232|42
1233|46
1234|23
1235|7
1236|47
1237|3
1238|31
1239|34
1240|40
1241|27
1242|45
1243|16
1244|36
1245|45
1246|31
1247|25
1248|26
1249|40
1250|31
1251|9
1252|17
1253|7
1254|13
1255|16
1256|16
1257|18
1258|18
1259|13
1260|42
1261|10
1262|10
1263|10
1264|17
1265|13
1266|21
1267|12
1268|43
1269|19
1270|29
1271|34
1272|22
1273|14
1274|46
1275|18
1276|6
1277|24
1278|26
1279|41
1280|39
1281|17
1282|17
1283|22
1284|37
1285|12
1286|21
1287|15
1288|4
1289|15
1290|31
1291|11
1292|14
1293|49
1294|33
1295|25
1296|18
1297|43
1298|29
1299|28
1300|11
1301|9
1302|10
1303|23
1304|9
1305|22
1306|28
1307|42
1308|14
1309|10
1310|5
1311|26
1312|9
1313|14
1314|5
1315|18
1316|44
1317|6
1318|28
1319|39
1320|24
1321|3
1322|18
1323|43
1324|48
1325|35
1326|41
1327|31
1328|7
1329|10
1330|33
1331|20
1332|12
1333|39
1334|2
1335|3
1336|38
1337|39
1338|8
1339|38
1340|17
1341|45
1342|48
1343|21
1344|23
1345|12
1346|32
1347|20
1348|5
1349|48
1350|21
1351|22
1352|24
1353|17
1354|6
1355|10
1356|43
1357|36
1358|36
1359|33
1360|18
1361|23
1362|22
1363|3
1364|41
1365|3
1366|26
1367|12
1368|29
1369|14
1370|23
1371|35
1372|49
1373|41
1374|22
1375|44
1376|36
1377|19
1378|15
1379|16
1380|13
1381|41
1382|4
1383|6
1384|5
1385|3
1386|10
1387|16
1388|33
1389|43
1390|46
1391|36
1392|49
1393|9
1394|40
1395|19
1396|35
1397|11
1398|14
1399|37
1400|8
1401|38
1402|10
1403|19
1404|46
1405|45
1406|45
1407|4
1408|22
1409|0
1410|13
1411|8
1412|4
1413|1
1414|2
1415|48
1416|2
1417|12
1418|45
1419|35
1420|49
1421|10
1422|4
1423|10
1424|43
1425|18
1426|31
1427|22
1428|19
1429|16
1430|43
1431|41
1432|26
1433|31
1434|41
1435|40
1436|31
1437|45
1438|40
1439|12
1440|5
1441|14
1442|2
1443|14
1444|8
1445|1
1446|29
1447|38
1448|45
1449|28
1450|44
1451|13
1452|31
1453|33
1454|7
1455|6
1456|5
1457|1
1458|40
1459|8
1460|6
1461|6
1462|11
1463|28
1464|8
1465|18
1466|27
1467|14
1468|24
1469|27
1470|17
1471|23
1472|48
1473|37
1474|25
1475|12
1476|20
1477|38
1478|32
1479|16
1480|9
1481|16
1482|48
1483|44
1484|41
1485|39
1486|7
1487|10
1488|4
1489|3
1490|24
1491|17
1492|25
1493|11
1494|33
1495|23
1496|6
1497|26
1498|22
1499|15
1500|11
1501|10
1502|2
1503|42
1504|33
1505|16
1506|6
1507|39
1508|10
1509|2
1510|5
1511|2
1512|19
1513|37
1514|32
1515|6
1516|0
1517|10
1518|13
1519|35
1520|48
1521|17
1522|18
1523|28
1524|21
1525|18
1526|43
1527|17
1528|30
1529|47
1530|7
1531|49
1532|46
1533|26
1534|6
1535|26
1536|43
1537|12
1538|28
1539|9
1540|31
1541|2
1542|18
1543|45
1544|21
1545|16
1546|43
1547|3
1548|7
1549|0
1550|45
1551|13
1552|15
1553|23
1554|43
1555|37
1556|29
1557|25
1558|9
1559|5
1560|33
1561|34
1562|48
1563|19
1564|9
1565|42
1566|25
1567|1
1568|41
1569|4
1570|37
1571|13
1572|39
1573|35
1574|31
1575|21
1576|33
1577|18
1578|14
1579|2
1580|40
1581|46
1582|31
1583|14
1584|45
1585|24
1586|41
1587|2
1588|48
1589|39
1590|39
1591|26
1592|26
1593|20
1594|18
1595|35
1596|40
1597|12
1598|42
1599|18
1600|35
1601|2
1602|0
1603|22
1604|44
1605|24
1606|3
1607|3
1608|24
1609|19
1610|10
1611|21
1612|33
1613|36
1614|22
1615|35
1616|39
1617|20
1618|40
1619|35
1620|30
1621|38
1622|15
1623|43
1624|41
1625|9
1626|29
1627|1
1628|36
1629|36
1630|8
1631|36
1632|8
1633|49
1634|42
1635|27
1636|39
1637|5
1638|1
1639|28
1640|27
1641|28
1642|40
1643|18
1644|47
1645|46
1646|38
1647|36
1648|20
1649|36
1650|1
1651|26
1652|41
1653|4
1654|23
1655|24
1656|21
1657|42
1658|15
1659|48
1660|29
1661|43
1662|11
1663|32
1664|30
1665|13
1666|48
1667|32
1668|46
1669|6
1670|9
1671|35
1672|14
1673|40
1674|36
1675|35
1676|20
1677|45
1678|42
1679|16
1680|49
1681|27
1682|40
1683|32
1684|14
1685|35
1686|45
1687|32
1688|31
1689|42
1690|41
1691|15
1692|17
1693|24
1694|0
1695|31
1696|28
1697|41
1698|31
1699|33
1700|42
1701|16
1702|15
1703|10
1704|33
1705|43
1706|22
1707|42
1708|21
1709|41
1710|32
1711|43
1712|11
1713|45
1714|33
1715|29
1716|43
1717|43
1718|7
1719|40
1720|19
1721|27
1722|8
1723|30
1724|29
1725|47
1726|26
1727|45
1728|42
1729|10
1730|16
1731|3
1732|16
1733|13
1734|14
1735|38
1736|27
1737|33
1738|3
1739|26
1740|36
1741|0
1742|18
1743|1
1744|44
1745|30
1746|3
1747|7
1748|14
1749|5
1750|41
1751|15
1752|5
1753|48
1754|41
1755|38
1756|45
1757|26
1758|39
1759|49
1760|43
1761|46
1762|40
1763|3
1764|39
1765|25
1766|43
1767|25
1768|19
1769|41
1770|1
1771|35
1772|39
1773|30
1774|26
1775|9
1776|0
1777|10
1778|34
1779|44
1780|10
1781|10
1782|41
1783|38
1784|38
1785|6
1786|9
1787|19
1788|45
1789|9
1790|21
1791|27
1792|22
1793|31
1794|26
1795|14
1796|10
1797|48
1798|22
1799|13
1800|10
1801|33
1802|15
1803|27
1804|19
1805|25
1806|28
1807|49
1808|39
1809|35
1810|13
1811|4
1812|37
1813|30
1814|47
1815|33
1816|3
1817|42
1818|31
1819|13
1820|25
1821|30
1822|46
1823|13
1824|21
1825|3
1826|21
1827|37
1828|2
1829|4
1830|22
1831|27
1832|8
1833|17
1834|4
1835|16
1836|29
1837|42
1838|38
1839|22
1840|10
1841|3
1842|2
1843|36
1844|45
1845|40
1846|20
1847|23
1848|8
1849|49
1850|28
1851|36
1852|31
1853|23
1854|0
1855|37
1856|1
1857|46
1858|46
1859|12
1860|41
1861|47
1862|6
1863|18
1864|27
1865|37
1866|28
1867|13
1868|31
1869|48
1870|4
1871|2
1872|14
1873|46
1874|5
1875|38
1876|19
1877|7
1878|32
1879|11
1880|40
1881|7
1882|48
1883|29
1884|3
1885|10
1886|24
1887|31
1888|18
1889|12
1890|24
1891|4
1892|45
1893|15
1894|40
1895|14
1896|40
1897|33
1898|40
1899|36
1900|39
1901|7
1902|14
1903|32
1904|4
1905|28
1906|35
1907|4
1908|46
1909|18
1910|12
1911|36
1912|20
1913|0
1914|35
1915|2
1916|17
1917|48
1918|1
1919|32
1920|46
1921|41
1922|19
1923|19
1924|28
1925|35
1926|15
1927|44
1928|16
1929|7
1930|30
1931|44
1932|44
1933|33
1934|25
1935|7
1936|16
1937|17
1938|40
1939|26
1940|17
1941|1
1942|14
1943|37
1944|32
1945|45
1946|38
1947|3
1948|45
1949|35
1950|39
1951|42
1952|34
1953|15
1954|34
1955|27
1956|18
1957|6
1958|5
1959|17
1960|38
1961|33
1962|1
1963|48
1964|16
1965|38
1966|35
1967|7
1968|46
1969|41
1970|42
1971|36
1972|23
1973|10
1974|5
1975|21
1976|38
1977|17
1978|43
1979|36
1980|43
1981|42
1982|27
1983|48
1984|31
1985|4
1986|47
1987|9
1988|19
1989|5
1990|31
1991|48
1992|2
1993|19
1994|10
1995|11
1996|31
1997|19
1998|11
1999|11
2000|44
2001|12
2002|10
2003|28
2004|34
2005|13
2006|13
2007|10
2008|13
2009|13
2010|49
2011|27
2012|19
2013|7
2014|0
2015|27
2016|38
2017|37
2018|1
2019|33
2020|33
2021|5
2022|13
2023|24
2024|32
2025|41
2026|6
2027|44
2028|6
2029|32
2030|21
2031|12
2032|46
2033|42
2034|17
2035|19
2036|14
2037|3
2038|38
2039|13
2040|44
2041|34
2042|36
2043|49
2044|21
2045|44
2046|28
2047|35
2048|19
2049|44
2050|6
2051|37
2052|13
2053|36
2054|10
2055|48
2056|39
2057|15
2058|10
2059|17
2060|18
2061|31
2062|6
2063|17
2064|14
2065|6
2066|23
2067|41
2068|39
2069|45
2070|2
2071|11
2072|15
2073|8
2074|9
2075|21
2076|16
2077|2
2078|2
2079|21
2080|6
2081|1
2082|21
2083|35
2084|45
2085|42
2086|30
2087|10
2088|48
2089|9
2090|46
2091|5
2092|13
2093|33
2094|14
2095|41
2096|29
2097|30
2098|30
2099|44
2100|25
2101|10
2102|31
2103|26
2104|21
2105|45
2106|30
2107|13
2108|26
2109|23
2110|8
2111|14
2112|4
2113|31
2114|46
2115|47
2116|47
2117|13
2118|9
2119|25
2120|5
2121|1
2122|16
2123|0
2124|41
2125|28
2126|38
2127|47
2128|33
2129|44
2130|41
2131|22
2132|21
2133|38
2134|25
2135|14
2136|32
2137|26
2138|44
2139|19
2140|15
2141|29
2142|34
2143|3
2144|30
2145|5
2146|34
2147|45
2148|0
2149|17
2150|47
2151|14
2152|12
2153|3
2154|47
2155|16
2156|21
2157|42
2158|3
2159|12
2160|7
2161|9
2162|20
2163|31
2164|21
2165|40
2166|0
2167|10
2168|6
2169|12
2170|30
2171|43
2172|36
2173|46
2174|34
2175|29
2176|21
2177|9
2178|25
2179|23
2180|0
2181|6
2182|46
2183|8
2184|0
2185|39
2186|45
2187|35
2188|41
2189|5
2190|37
2191|16
2192|36
2193|12
2194|47
2195|10
2196|31
2197|27
2198|28
2199|32
2200|21
2201|20
2202|47
2203|38
2204|4
2205|38
2206|3
2207|29
2208|17
2209|2
2210|28
2211|28
2212|37
2213|46
2214|28
2215|4
2216|12
2217|6
2218|38
2219|34
2220|29
2221|16
2222|29
2223|32
2224|38
2225|19
2226|9
2227|39
2228|48
2229|25
2230|47
2231|17
2232|17
2233|35
2234|6
2235|32
2236|19
2237|4
2238|23
2239|32
2240|10
2241|49
2242|4
2243|22
2244|1
2245|12
2246|17
2247|42
2248|32
2249|22
2250|41
2251|29
2252|34
2253|11
2254|12
2255|37
2256|16
2257|9
2258|4
2259|12
2260|9
2261|38
2262|9
2263|14
2264|24
2265|33
2266|0
2267|40
2268|35
2269|31
2270|15
2271|6
2272|23
2273|45
2274|24
2275|49
2276|10
2277|12
2278|45
2279|33
2280|31
2281|49
2282|44
2283|38
2284|43
2285|2
2286|48
2287|11
2288|48
2289|21
2290|31
2291|1
2292|46
2293|16
2294|14
2295|29
2296|26
2297|47
2298|36
2299|10
2300|23
2301|38
2302|17
2303|16
2304|3
2305|45
2306|39
2307|49
2308|16
2309|30
2310|25
2311|48
2312|42
2313|28
2314|8
2315|45
2316|30
2317|28
2318|39
2319|13
2320|10
2321|14
2322|30
2323|10
2324|7
2325|31
2326|18
2327|5
2328|13
2329|36
2330|35
2331|18
2332|25
2333|11
2334|18
2335|41
2336|42
2337|7
2338|31
2339|46
2340|26
2341|29
2342|1
2343|22
2344|25
2345|24
2346|17
2347|14
2348|39
2349|7
2350|0
2351|11
2352|38
2353|3
2354|10
2355|40
2356|39
2357|32
2358|37
2359|12
2360|47
2361|46
2362|2
2363|49
2364|1
2365|8
2366|48
2367|23
2368|16
2369|41
2370|4
2371|13
2372|24
2373|4
2374|12
2375|20
2376|46
2377|31
2378|25
2379|40
2380|39
2381|5
2382|30
2383|5
2384|4
2385|10
2386|7
2387|19
2388|32
2389|21
2390|26
2391|20
2392|31
2393|32
2394|28
2395|2
2396|24
2397|35
2398|10
2399|43
2400|2
2401|48
2402|29
2403|4
2404|32
2405|14
2406|30
2407|48
2408|38
2409|40
2410|29
2411|28
2412|32
2413|19
2414|43
2415|32
2416|20
2417|37
2418|20
2419|23
2420|32
2421|35
2422|35
2423|2
2424|3
2425|17
2426|2
2427|5
2428|19
2429|36
2430|40
2431|45
2432|5
2433|43
2434|16
2435|39
2436|27
2437|37
2438|20
2439|1
2440|2
2441|22
2442|39
2443|46
2444|5
2445|17
2446|29
2447|15
2448|21
2449|45
2450|24
2451|20
2452|6
2453|32
2454|9
2455|35
2456|6
2457|15
2458|24
2459|5
2460|46
2461|43
2462|14
2463|3
2464|27
2465|1
2466|45
2467|0
2468|23
2469|36
2470|12
2471|44
2472|10
2473|20
2474|49
2475|45
2476|13
2477|29
2478|6
2479|20
2480|44
2481|13
2482|32
2483|16
2484|25
2485|2
2486|26
2487|45
2488|41
2489|35
2490|35
2491|46
2492|15
2493|48
2494|42
2495|10
2496|37
2497|35
2498|23
2499|35
2500|16
2501|10
2502|7
2503|22
2504|23
2505|3
2506|30
2507|30
2508|43
2509|32
2510|19
2511|25
2512|20
2513|18
2514|1
2515|46
2516|19
2517|10
2518|43
2519|25
2520|30
2521|4
2522|15
2523|1
2524|17
2525|26
2526|6
2527|3
2528|24
2529|15
2530|0
2531|7
2532|23
2533|7
2534|40
2535|16
2536|49
2537|31
2538|21
2539|21
2540|46
2541|48
2542|0
2543|4
2544|27
2545|17
2546|4
2547|2
2548|30
2549|24
2550|2
2551|12
2552|1
2553|26
2554|27
2555|14
2556|28
2557|49
2558|23
2559|14
2560|20
2561|5
2562|9
2563|32
2564|33
2565|10
2566|21
2567|33
2568|17
2569|36
2570|16
2571|25
2572|35
2573|37
2574|30
2575|48
2576|7
2577|18
2578|12
2579|32
2580|27
2581|40
2582|5
2583|43
2584|35
2585|38
2586|43
2587|14
2588|21
2589|33
2590|15
2591|45
2592|0
2593|30
2594|18
2595|12
2596|47
2597|2
2598|1
2599|19
2600|34
2601|5
2602|33
2603|1
2604|21
2605|0
2606|41
2607|16
2608|34
2609|44
2610|12
2611|22
2612|10
2613|10
2614|24
2615|43
2616|23
2617|31
2618|44
2619|34
2620|18
2621|31
2622|7
2623|28
2624|46
2625|36
2626|8
2627|27
2628|28
2629|36
2630|43
2631|27
2632|28
2633|42
2634|29
2635|39
2636|11
2637|27
2638|34
2639|48
2640|49
2641|46
2642|43
2643|26
2644|30
2645|42
2646|47
2647|27
2648|2
2649|11
2650|44
2651|4
2652|31
2653|13
2654|24
2655|20
2656|34
2657|29
2658|1
2659|45
2660|24
2661|40
2662|33
2663|48
2664|4
2665|29
2666|48
2667|27
2668|30
2669|4
2670|35
2671|46
2672|45
2673|4
2674|41
2675|10
2676|26
2677|49
2678|2
2679|13
2680|42
2681|49
2682|47
2683|46
2684|49
2685|35
2686|8
2687|4
2688|2
2689|21
2690|30
2691|5
2692|43
2693|42
2694|41
2695|2
2696|44
2697|46
2698|24
2699|19
2700|16
2701|14
2702|20
2703|18
2704|29
2705|18
2706|27
2707|28
2708|31
2709|12
2710|23
2711|44
2712|13
2713|6
2714|32
2715|37
2716|27
2717|2
2718|49
2719|8
2720|28
2721|45
2722|4
2723|21
2724|23
2725|13
2726|25
2727|41
2728|28
2729|16
2730|0
2731|19
2732|4
2733|1
2734|21
2735|1
2736|14
2737|49
2738|9
2739|3
2740|6
2741|45
2742|34
2743|37
2744|10
2745|26
2746|14
2747|44
2748|11
2749|22
2750|39
2751|6
2752|38
2753|14
2754|4
2755|1
2756|42
2757|23
2758|33
2759|48
2760|25
2761|48
2762|16
2763|44
2764|48
2765|33
2766|10
2767|24
2768|12
2769|5
2770|30
2771|11
2772|0
2773|34
2774|35
2775|45
2776|40
2777|12
2778|24
2779|1
2780|3
2781|37
2782|16
2783|41
2784|31
2785|41
2786|39
2787|41
2788|49
2789|44
2790|44
2791|35
2792|34
2793|5
2794|17
2795|10
2796|2
2797|10
2798|47
2799|25
2800|41
2801|10
2802|36
2803|18
2804|0
2805|11
2806|4
2807|9
2808|29
2809|17
2810|45
2811|27
2812|30
2813|14
2814|8
2815|43
2816|41
2817|18
2818|24
2819|39
2820|26
2821|38
2822|17
2823|43
2824|25
2825|25
2826|1
2827|49
2828|17
2829|35
2830|26
2831|48
2832|35
2833|24
2834|24
2835|37
2836|9
2837|10
2838|43
2839|11
2840|7
2841|16
2842|31
2843|36
2844|8
2845|13
2846|3
2847|10
2848|39
2849|34
2850|28
2851|19
2852|11
2853|3
2854|16
2855|11
2856|43
2857|7
2858|25
2859|47
2860|28
2861|30
2862|27
2863|38
2864|27
2865|3
2866|28
2867|28
2868|32
2869|18
2870|49
2871|36
2872|36
2873|5
2874|46
2875|19
2876|30
2877|46
2878|21
2879|28
2880|42
2881|26
2882|27
2883|35
2884|21
2885|11
2886|10
2887|6
2888|47
2889|2
2890|41
2891|8
2892|13
2893|11
2894|12
2895|19
2896|14
2897|7
2898|25
2899|18
2900|21
2901|38
2902|26
2903|48
2904|16
2905|7
2906|19
2907|40
2908|30
2909|28
2910|10
2911|10
2912|28
2913|6
2914|35
2915|46
2916|21
2917|34
2918|29
2919|13
2920|27
2921|36
2922|2
2923|47
2924|48
2925|15
2926|37
2927|29
2928|19
2929|42
2930|31
2931|11
2932|43
2933|15
2934|25
2935|5
2936|13
2937|37
2938|49
2939|46
2940|2
2941|23
2942|46
2943|30
2944|16
2945|23
2946|3
2947|0
2948|41
2949|33
2950|6
2951|28
2952|46
2953|16
2954|49
2955|18
2956|22
2957|14
2958|38
2959|32
2960|32
2961|0
2962|13
2963|33
2964|44
2965|13
2966|20
2967|49
2968|38
2969|43
2970|31
2971|28
2972|11
2973|19
2974|17
2975|19
2976|33
2977|0
2978|31
2979|49
2980|3
2981|35
2982|33
2983|18
2984|16
2985|25
2986|11
2987|37
2988|19
2989|10
2990|9
2991|23
2992|27
2993|5
2994|44
2995|0
2996|46
2997|12
2998|8
2999|46
3000|7
