0|18
1|13
2|19
3|47
4|5
5|12
6|10
7|15
8|21
9|31
10|8
11|34
12|37
13|10
14|20
15|9
16|30
17|2
18|16
19|23
20|7
21|0
22|12
23|23
24|47
25|34
26|13
27|36
28|0
29|25
30|0
31|34
32|26
33|35
34|34
35|28
36|12
37|15
38|36
39|32
40|20
41|6
42|45
43|45
44|36
45|31
46|18
47|10
48|18
49|13
50|24
51|13
52|38
53|14
54|36
55|29
56|0
57|3
58|10
59|30
60|15
61|21
62|7
63|41
64|36
65|42
66|7
67|16
68|22
69|49
70|27
71|16
72|43
73|23
74|15
75|31
76|9
77|19
78|33
79|44
80|29
81|45
82|30
83|14
84|6
85|34
86|37
87|28
88|30
89|8
90|36
91|19
92|28
93|32
94|44
95|24
96|48
97|20
98|31
99|42
100|44
101|13
102|29
103|15
104|21
105|45
106|29
107|4
108|0
109|41
110|43
111|21
112|32
113|48
114|41
115|49
116|28
117|31
118|29
119|37
120|29
121|47
122|38
123|11
124|31
125|7
126|33
127|32
128|11
129|23
130|41
131|45
132|27
133|7
134|2
135|35
136|14
137|36
138|19
139|11
140|4
141|5
142|31
143|49
144|3
145|42
146|15
147|0
148|2
149|42
150|0
151|14
152|37
153|3
154|41
155|33
156|14
157|49
158|22
159|47
160|5
161|45
162|30
163|22
164|41
165|42
166|24
167|15
168|13
169|39
170|18
171|7
172|30
173|3
174|43
175|20
176|6
177|27
178|13
179|17
180|42
181|36
182|18
183|15
184|14
185|2
186|5
187|42
188|24
189|47
190|28
191|35
192|0
193|26
194|11
195|3
196|35
197|42
198|10
199|0
200|26
201|41
202|27
203|40
204|1
205|28
206|1
207|28
208|24
209|37
210|40
211|47
212|48
213|36
214|46
215|45
216|7
217|37
218|23
219|25
220|8
221|14
222|1
223|34
224|45
225|2
226|42
227|2
228|48
229|10
230|30
231|22
232|5
233|42
234|23
235|14
236|0
237|12
238|41
239|47
240|5
241|10
242|7
243|37
244|29
245|7
246|28
247|16
248|3
249|8
250|31
251|26
252|33
253|7
254|1
255|22
256|6
257|12
258|16
259|49
260|39
261|24
262|17
263|23
264|25
265|36
266|3
267|28
268|17
269|46
270|35
271|17
272|13
273|9
274|15
275|27
276|28
277|40
278|28
279|29
280|33
281|19
282|13
283|7
284|45
285|47
286|4
287|35
288|2
289|34
290|6
291|1
292|32
293|37
294|38
295|20
296|6
297|31
298|34
299|11
300|28
301|0
302|39
303|42
304|45
305|6
306|0
307|49
308|0
309|22
310|44
311|19
312|6
313|10
314|30
315|21
316|37
317|27
318|24
319|0
320|43
321|23
322|27
323|23
324|2
325|45
326|22
327|32
328|16
329|23
330|32
331|30
332|20
333|37
334|31
335|18
336|45
337|22
338|35
339|2
340|31
341|38
342|26
343|31
344|31
345|15
346|21
347|3
348|32
349|14
350|2
351|1
352|41
353|11
354|4
355|14
356|2
357|21
358|8
359|7
360|41
361|35
362|40
363|43
364|14
365|39
366|24
367|37
368|39
369|31
370|5
371|21
372|4
373|11
374|9
375|44
376|43
377|27
378|0
379|46
380|16
381|39
382|20
383|2
384|13
385|20
386|41
387|40
388|36
389|21
390|32
391|15
392|41
393|36
394|37
395|32
396|27
397|49
398|24
399|2
400|19
401|9
402|1
403|40
404|30
405|32
406|21
407|47
408|47
409|48
410|7
411|40
412|12
413|45
414|32
415|36
416|16
417|3
418|29
419|21
420|37
421|36
422|45
423|27
424|27
425|34
426|7
427|26
428|30
429|40
430|47
431|7
432|40
433|5
434|4
435|48
436|19
437|23
438|30
439|41
440|25
441|15
442|12
443|39
444|45
445|4
446|10
447|1
448|1
449|2
450|21
451|15
452|25
453|29
454|31
455|37
456|18
457|1
458|29
459|40
460|45
461|19
462|1
463|16
464|29
465|5
466|17
467|24
468|38
469|29
470|36
471|49
472|21
473|36
474|41
475|37
476|18
477|41
478|18
479|17
480|39
481|28
482|20
483|10
484|9
485|35
486|30
487|49
488|26
489|13
490|21
491|24
492|36
493|19
494|12
495|36
496|47
497|28
498|46
499|32
500|48
501|12
502|47
503|24
504|18
505|49
506|22
507|37
508|41
509|2
510|3
511|23
512|17
513|18
514|19
515|28
516|25
517|13
518|15
519|2
520|21
521|39
522|28
523|34
524|48
525|43
526|19
527|8
528|16
529|49
530|30
531|37
532|7
533|17
534|41
535|25
536|48
537|29
538|16
539|22
540|14
541|10
542|5
543|18
544|12
545|42
546|7
547|8
548|49
549|20
550|18
551|31
552|23
553|25
554|38
555|34
556|36
557|30
558|24
559|8
560|44
561|4
562|16
563|23
564|48
565|32
566|26
567|30
568|9
569|26
570|35
571|13
572|20
573|5
574|32
575|30
576|20
577|10
578|42
579|25
580|13
581|21
582|48
583|48
584|8
585|41
586|1
587|32
588|35
589|7
590|39
591|14
592|21
593|43
594|31
595|2
596|48
597|28
598|19
599|45
600|4
601|3
602|24
603|33
604|24
605|44
606|12
607|43
608|27
609|22
610|19
611|27
612|48
613|13
614|26
615|25
616|23
617|18
618|48
619|22
620|24
621|11
622|8
623|34
624|20
625|44
626|4
627|12
628|39
629|42
630|46
631|46
632|35
633|11
634|38
635|20
636|19
637|28
638|15
639|20
640|36
641|7
642|11
643|10
644|15
645|29
646|14
647|29
648|34
649|2
650|17
651|27
652|41
653|0
654|18
655|49
656|48
657|33
658|41
659|43
660|28
661|41
662|41
663|34
664|24
665|36
666|34
667|22
668|46
669|34
670|38
671|34
672|23
673|22
674|11
675|19
676|33
677|5
678|32
679|16
680|1
681|38
682|17
683|4
684|21
685|37
686|33
687|14
688|26
689|12
690|37
691|39
692|14
693|24
694|17
695|22
696|34
697|15
698|49
699|13
700|43
701|26
702|11
703|35
704|5
705|32
706|44
707|19
708|24
709|38
710|3
711|39
712|35
713|28
714|42
715|13
716|11
717|12
718|22
719|29
720|48
721|45
722|47
723|43
724|3
725|12
726|6
727|17
728|21
729|21
730|10
731|28
732|21
733|24
734|34
735|33
736|2
737|44
738|34
739|5
740|12
741|2
742|23
743|2
744|20
745|26
746|11
747|44
748|35
749|32
750|4
751|6
752|34
753|4
754|42
755|26
756|22
757|20
758|44
759|36
760|43
761|34
762|15
763|22
764|43
765|43
766|17
767|21
768|30
769|28
770|30
771|37
772|6
773|44
774|46
775|21
776|31
777|38
778|19
779|5
780|42
781|15
782|40
783|30
784|10
785|27
786|25
787|30
788|34
789|15
790|49
791|2
792|29
793|18
794|5
795|4
796|1
797|4
798|0
799|7
800|14
801|2
802|45
803|1
804|10
805|4
806|16
807|3
808|4
809|34
810|10
811|8
812|25
813|16
814|3
815|46
816|16
817|17
818|40
819|11
820|4
821|20
822|21
823|31
824|23
825|27
826|45
827|37
828|48
829|7
830|39
831|25
832|34
833|38
834|6
835|0
836|38
837|3
838|7
839|16
840|25
841|40
842|9
843|39
844|36
845|49
846|23
847|38
848|17
849|23
850|28
851|23
852|5
853|38
854|2
855|12
856|45
857|49
858|9
859|13
860|49
861|24
862|13
863|32
864|10
865|31
866|8
867|19
868|44
869|20
870|45
871|25
872|39
873|10
874|27
875|3
876|46
877|25
878|17
879|0
880|21
881|11
882|32
883|40
884|45
885|28
886|12
887|45
888|42
889|43
890|25
891|6
892|20
893|12
894|12
895|23
896|0
897|5
898|44
899|30
900|4
901|16
902|5
903|37
904|42
905|18
906|29
907|19
908|6
909|22
910|19
911|38
912|10
913|44
914|1
915|24
916|10
917|1
918|22
919|48
920|48
921|12
922|12
923|36
924|40
925|30
926|12
927|8
928|38
929|23
930|16
931|17
932|38
933|15
934|43
935|36
936|10
937|37
938|24
939|33
940|32
941|39
942|7
943|13
944|27
945|38
946|36
947|34
948|43
949|22
950|28
951|36
952|11
953|22
954|28
955|10
956|0
957|49
958|11
959|45
960|5
961|31
962|1
963|19
964|46
965|29
966|33
967|4
968|43
969|31
970|16
971|35
972|7
973|23
974|47
975|24
976|22
977|0
978|43
979|7
980|45
981|27
982|38
983|22
984|25
985|8
986|28
987|39
988|28
989|47
990|1
991|12
992|22
993|8
994|26
995|29
996|14
997|21
998|9
999|11
1000|37
1001|37
1002|18
1003|34
1004|6
1005|35
1006|44
1007|27
1008|10
1009|46
1010|25
1011|15
1012|37
1013|43
1014|36
1015|28
1016|47
1017|1
1018|11
1019|24
1020|1
1021|1
1022|37
1023|32
1024|13
1025|0
1026|45
1027|39
1028|28
1029|44
1030|49
1031|44
1032|43
1033|19
1034|0
1035|45
1036|25
1037|38
1038|0
1039|34
1040|23
1041|11
1042|35
1043|26
1044|18
1045|34
1046|44
1047|22
1048|2
1049|31
1050|35
1051|7
1052|26
1053|31
1054|47
1055|18
1056|40
1057|17
1058|3
1059|46
1060|44
1061|42
1062|20
1063|24
1064|40
1065|44
1066|24
1067|43
1068|3
1069|23
1070|20
1071|12
1072|3
1073|25
1074|4
1075|35
1076|38
1077|37
1078|1
1079|19
1080|39
1081|35
1082|33
1083|12
1084|22
1085|4
1086|43
1087|24
1088|5
1089|9
1090|22
1091|45
1092|28
1093|39
1094|20
1095|41
1096|1
1097|38
1098|34
1099|10
1100|27
1101|49
1102|39
1103|17
1104|15
1105|4
1106|41
1107|19
1108|29
1109|34
1110|17
1111|11
1112|4
1113|25
1114|28
1115|36
1116|1
1117|36
1118|23
1119|4
1120|26
1121|38
1122|31
1123|4
1124|6
1125|40
1126|17
1127|29
1128|28
1129|24
1130|26
1131|8
1132|48
1133|38
1134|0
1135|3
1136|46
1137|32
1138|19
1139|35
1140|44
1141|10
1142|26
1143|46
1144|34
1145|25
1146|3
1147|30
1148|17
1149|16
1150|13
1151|7
1152|42
1153|16
1154|40
1155|14
1156|22
1157|8
1158|45
1159|18
1160|9
1161|31
1162|5
1163|0
1164|24
1165|23
1166|34
1167|43
1168|5
1169|7
1170|6
1171|15
1172|38
1173|46
1174|6
1175|5
1176|8
1177|33
1178|27
1179|43
1180|16
1181|45
1182|19
1183|40
1184|21
1185|7
1186|29
1187|5
1188|12
1189|24
1190|46
1191|25
1192|14
1193|27
1194|5
1195|43
1196|7
1197|48
1198|7
1199|10
1200|27
1201|15
1202|5
1203|47
1204|46
1205|1
1206|16
1207|13
1208|24
1209|23
1210|49
1211|35
1212|35
1213|0
1214|0
1215|13
1216|13
1217|3
1218|41
1219|21
1220|41
1221|4
1222|18
1223|13
1224|14
1225|38
1226|27
1227|15
1228|45
1229|30
1230|20
1231|16
1232|39
1233|22
1234|27
1235|44
1236|23
1237|24
1238|4
1239|10
1240|26
1241|38
1242|10
1243|26
1244|16
1245|0
1246|18
1247|2
1248|49
1249|30
1250|44
1251|30
1252|45
1253|7
1254|10
1255|0
1256|24
1257|34
1258|30
1259|46
1260|37
1261|18
1262|11
1263|31
1264|44
1265|16
1266|29
1267|21
1268|11
1269|14
1270|1
1271|44
1272|8
1273|26
1274|48
1275|7
1276|15
1277|20
1278|39
1279|49
1280|33
1281|46
1282|47
1283|10
1284|46
1285|49
1286|22
1287|29
1288|25
1289|0
1290|20
1291|5
1292|31
1293|13
1294|22
1295|40
1296|43
1297|29
1298|32
1299|26
1300|37
1301|46
1302|18
1303|27
1304|36
1305|1
1306|38
1307|13
1308|35
1309|19
1310|29
1311|9
1312|44
1313|5
1314|32
1315|19
1316|11
1317|13
1318|46
1319|38
1320|21
1321|31
1322|14
1323|45
1324|13
1325|43
1326|22
1327|34
1328|33
1329|24
1330|4
1331|12
1332|20
1333|9
1334|15
1335|30
1336|11
1337|17
1338|33
1339|44
1340|41
1341|2
1342|0
1343|19
1344|10
1345|43
1346|43
1347|34
1348|47
1349|7
1350|26
1351|43
1352|10
1353|42
1354|6
1355|17
1356|32
1357|31
1358|35
1359|3
1360|16
1361|1
1362|24
1363|3
1364|26
1365|8
1366|22
1367|8
1368|37
1369|3
1370|19
1371|36
1372|6
1373|42
1374|35
1375|43
1376|3
1377|27
1378|33
1379|26
1380|42
1381|20
1382|0
1383|27
1384|2
1385|30
1386|25
1387|33
1388|49
1389|40
1390|18
1391|47
1392|0
1393|41
1394|11
1395|33
1396|18
1397|15
1398|44
1399|47
1400|11
1401|19
1402|25
1403|10
1404|29
1405|9
1406|32
1407|31
1408|14
1409|27
1410|26
1411|7
1412|11
1413|27
1414|3
1415|28
1416|36
1417|43
1418|35
1419|45
1420|23
1421|1
1422|16
1423|35
1424|17
1425|26
1426|34
1427|4
1428|13
1429|46
1430|45
1431|28
1432|11
1433|15
1434|21
1435|3
1436|6
1437|30
1438|11
1439|20
1440|36
1441|18
1442|33
1443|19
1444|29
1445|41
1446|23
1447|43
1448|6
1449|25
1450|20
1451|34
1452|7
1453|7
1454|5
1455|11
1456|16
1457|13
1458|38
1459|6
1460|35
1461|40
1462|39
1463|49
1464|35
1465|21
1466|38
1467|49
1468|1
1469|11
1470|0
1471|45
1472|30
1473|0
1474|40
1475|23
1476|1
1477|26
1478|48
1479|34
1480|36
1481|2
1482|15
1483|1
1484|27
1485|11
1486|49
1487|11
1488|30
1489|0
1490|46
1491|7
1492|3
1493|7
1494|2
1495|34
1496|0
1497|31
1498|34
1499|11
1500|25
