0|16
1|1
2|37
3|43
4|34
5|43
6|33
7|44
8|46
9|30
10|29
11|1
12|46
13|42
14|4
15|19
16|34
17|17
18|35
19|13
20|34
21|6
22|4
23|24
24|42
25|33
26|8
27|17
28|0
29|45
30|35
31|22
32|25
33|19
34|25
35|1
36|30
37|34
38|40
39|34
40|26
41|44
42|48
43|49
44|5
45|42
46|43
47|35
48|24
49|27
50|9
51|8
52|39
53|41
54|42
55|26
56|27
57|31
58|44
59|24
60|18
61|2
62|23
63|30
64|9
65|33
66|12
67|6
68|8
69|46
70|23
71|47
72|40
73|21
74|36
75|26
76|33
77|40
78|49
79|16
80|20
81|48
82|30
83|48
84|5
85|32
86|0
87|42
88|35
89|48
90|2
91|32
92|47
93|15
94|15
95|46
96|7
97|37
98|36
99|40
100|36
101|3
102|46
103|25
104|11
105|3
106|38
107|40
108|47
109|40
110|5
111|35
112|15
113|1
114|3
115|18
116|0
117|20
118|20
119|49
120|43
121|15
122|14
123|7
124|45
125|39
126|1
127|30
128|38
129|40
130|45
131|41
132|45
133|9
134|0
135|2
136|5
137|26
138|8
139|6
140|14
141|37
142|34
143|12
144|41
145|27
146|13
147|13
148|16
149|39
150|0
151|4
152|38
153|32
154|24
155|48
156|15
157|3
158|33
159|29
160|37
161|44
162|22
163|1
164|40
165|45
166|30
167|31
168|2
169|21
170|10
171|6
172|10
173|3
174|24
175|49
176|31
177|30
178|42
179|35
180|45
181|43
182|7
183|25
184|25
185|16
186|3
187|29
188|23
189|5
190|11
191|46
192|3
193|32
194|19
195|17
196|19
197|27
198|2
199|43
200|11
201|0
202|27
203|0
204|7
205|30
206|3
207|13
208|35
209|43
210|4
211|40
212|47
213|40
214|40
215|23
216|39
217|8
218|3
219|46
220|1
221|48
222|39
223|3
224|23
225|39
226|29
227|31
228|21
229|24
230|33
231|0
232|26
233|18
234|38
235|33
236|3
237|12
238|32
239|3
240|30
241|41
242|40
243|4
244|34
245|18
246|37
247|37
248|21
249|16
250|1
251|40
252|49
253|24
254|25
255|3
256|0
257|22
258|28
259|33
260|30
261|38
262|8
263|7
264|34
265|4
266|35
267|45
268|2
269|24
270|0
271|16
272|48
273|8
274|21
275|27
276|4
277|18
278|24
279|4
280|6
281|30
282|9
283|11
284|15
285|25
286|19
287|25
288|9
289|34
290|36
291|40
292|18
293|41
294|29
295|9
296|28
297|27
298|4
299|44
300|44
301|22
302|35
303|12
304|4
305|15
306|26
307|28
308|44
309|6
310|44
311|46
312|23
313|48
314|35
315|33
316|21
317|29
318|5
319|38
320|27
321|25
322|16
323|32
324|41
325|29
326|28
327|27
328|9
329|34
330|12
331|22
332|47
333|12
334|14
335|44
336|23
337|15
338|16
339|15
340|30
341|49
342|42
343|38
344|1
345|28
346|34
347|3
348|30
349|23
350|47
351|1
352|1
353|46
354|37
355|35
356|22
357|26
358|30
359|17
360|1
361|7
362|7
363|29
364|36
365|46
366|6
367|35
368|34
369|22
370|38
371|39
372|43
373|24
374|24
375|7
376|41
377|21
378|23
379|15
380|48
381|43
382|8
383|8
384|22
385|11
386|25
387|44
388|31
389|12
390|20
391|28
392|41
393|15
394|2
395|36
396|38
397|4
398|41
399|31
400|3
401|22
402|28
403|40
404|41
405|42
406|23
407|31
408|47
409|19
410|8
411|7
412|14
413|47
414|2
415|26
416|38
417|26
418|14
419|49
420|23
421|42
422|2
423|3
424|47
425|16
426|48
427|26
428|19
429|29
430|16
431|11
432|46
433|25
434|38
435|20
436|31
437|7
438|44
439|37
440|18
441|8
442|33
443|18
444|34
445|34
446|6
447|13
448|48
449|40
450|11
451|8
452|5
453|1
454|47
455|46
456|4
457|10
458|40
459|11
460|26
461|3
462|49
463|36
464|6
465|35
466|9
467|46
468|15
469|34
470|11
471|12
472|2
473|36
474|3
475|45
476|4
477|11
478|47
479|18
480|2
481|21
482|44
483|6
484|3
485|45
486|38
487|0
488|27
489|46
490|33
491|19
492|30
493|5
494|46
495|37
496|40
497|11
498|30
499|0
500|30
501|49
502|33
503|0
504|18
505|0
506|20
507|49
508|15
509|22
510|15
511|14
512|39
513|42
514|23
515|19
516|30
517|18
518|27
519|38
520|2
521|30
522|24
523|28
524|29
525|26
526|23
527|10
528|2
529|9
530|39
531|2
532|5
533|6
534|46
535|46
536|20
537|46
538|33
539|33
540|5
541|22
542|0
543|45
544|17
545|42
546|41
547|23
548|1
549|17
550|44
551|15
552|33
553|31
554|26
555|46
556|34
557|49
558|44
559|27
560|26
561|13
562|2
563|16
564|12
565|35
566|10
567|49
568|43
569|24
570|34
571|32
572|5
573|18
574|45
575|32
576|27
577|12
578|33
579|3
580|26
581|38
582|12
583|39
584|49
585|32
586|14
587|12
588|21
589|11
590|9
591|31
592|47
593|21
594|35
595|46
596|49
597|1
598|23
599|15
600|44
601|16
602|25
603|23
604|0
605|4
606|11
607|34
608|24
609|41
610|41
611|45
612|23
613|0
614|4
615|34
616|32
617|0
618|19
619|24
620|42
621|10
622|17
623|22
624|20
625|11
626|17
627|19
628|8
629|2
630|5
631|47
632|22
633|20
634|7
635|31
636|16
637|44
638|0
639|4
640|13
641|31
642|1
643|43
644|10
645|18
646|12
647|43
648|22
649|42
650|23
651|42
652|13
653|47
654|19
655|48
656|6
657|34
658|37
659|32
660|15
661|19
662|44
663|48
664|27
665|6
666|45
667|40
668|14
669|38
670|1
671|18
672|17
673|49
674|22
675|32
676|47
677|2
678|26
679|13
680|4
681|12
682|23
683|33
684|30
685|27
686|1
687|19
688|11
689|42
690|29
691|15
692|10
693|8
694|15
695|17
696|5
697|26
698|35
699|12
700|37
701|2
702|1
703|43
704|3
705|25
706|26
707|38
708|22
709|35
710|3
711|25
712|48
713|25
714|44
715|11
716|17
717|21
718|7
719|35
720|12
721|45
722|43
723|38
724|25
725|5
726|49
727|46
728|25
729|47
730|5
731|39
732|1
733|32
734|46
735|26
736|32
737|37
738|13
739|7
740|41
741|9
742|42
743|4
744|7
745|27
746|11
747|7
748|36
749|4
750|43
751|0
752|27
753|11
754|4
755|45
756|11
757|9
758|38
759|7
760|48
761|39
762|22
763|39
764|14
765|13
766|20
767|21
768|19
769|11
770|23
771|41
772|47
773|20
774|18
775|14
776|35
777|48
778|18
779|1
780|5
781|11
782|9
783|18
784|41
785|32
786|21
787|38
788|31
789|26
790|44
791|12
792|30
793|30
794|46
795|33
796|42
797|28
798|18
799|43
800|15
801|35
802|34
803|26
804|3
805|18
806|21
807|40
808|47
809|26
810|23
811|3
812|44
813|42
814|33
815|48
816|34
817|31
818|8
819|6
820|19
821|5
822|21
823|46
824|7
825|27
826|2
827|26
828|9
829|27
830|19
831|9
832|7
833|46
834|24
835|7
836|9
837|27
838|39
839|29
840|37
841|15
842|32
843|36
844|49
845|10
846|26
847|45
848|17
849|16
850|17
851|46
852|24
853|26
854|9
855|19
856|28
857|46
858|32
859|11
860|46
861|46
862|37
863|45
864|34
865|0
866|35
867|5
868|10
869|16
870|47
871|23
872|20
873|10
874|45
875|19
876|6
877|34
878|20
879|48
880|23
881|21
882|48
883|1
884|38
885|38
886|0
887|49
888|6
889|6
890|8
891|40
892|12
893|26
894|7
895|36
896|19
897|33
898|19
899|40
900|22
901|45
902|8
903|25
904|11
905|7
906|11
907|21
908|3
909|6
910|2
911|46
912|5
913|46
914|46
915|5
916|10
917|28
918|3
919|13
920|28
921|44
922|13
923|45
924|25
925|9
926|21
927|13
928|21
929|20
930|6
931|48
932|18
933|47
934|15
935|24
936|3
937|28
938|38
939|29
940|4
941|32
942|19
943|19
944|30
945|5
946|40
947|36
948|46
949|18
950|39
951|40
952|20
953|32
954|5
955|40
956|18
957|2
958|13
959|48
960|2
961|42
962|14
963|31
964|2
965|43
966|44
967|18
968|7
969|39
970|5
971|18
972|16
973|19
974|31
975|31
976|39
977|30
978|18
979|14
980|21
981|27
982|42
983|47
984|35
985|14
986|25
987|30
988|30
989|26
990|31
991|2
992|9
993|15
994|1
995|17
996|41
997|8
998|13
999|14
1000|16
1001|18
1002|38
1003|27
1004|9
1005|11
1006|37
1007|2
1008|5
1009|36
1010|34
1011|44
1012|5
1013|4
1014|40
1015|31
1016|45
1017|5
1018|0
1019|48
1020|11
1021|47
1022|19
1023|42
1024|42
1025|4
1026|26
1027|23
1028|9
1029|3
1030|31
1031|35
1032|43
1033|30
1034|37
1035|24
1036|42
1037|5
1038|0
1039|6
1040|47
1041|37
1042|13
1043|27
1044|0
1045|0
1046|32
1047|16
1048|45
1049|5
1050|44
1051|27
1052|36
1053|36
1054|39
1055|40
1056|1
1057|49
1058|13
1059|34
1060|32
1061|46
1062|16
1063|37
1064|41
1065|49
1066|11
1067|41
1068|41
1069|12
1070|28
1071|10
1072|2
1073|29
1074|39
1075|8
1076|20
1077|40
1078|49
1079|32
1080|19
1081|28
1082|45
1083|21
1084|29
1085|2
1086|45
1087|7
1088|45
1089|4
1090|2
1091|20
1092|20
1093|36
1094|7
1095|35
1096|31
1097|31
1098|20
1099|3
1100|25
1101|20
1102|31
1103|15
1104|49
1105|14
1106|24
1107|13
1108|39
1109|36
1110|20
1111|16
1112|10
1113|34
1114|7
1115|18
1116|12
1117|8
1118|43
1119|2
1120|30
1121|13
1122|22
1123|6
1124|37
1125|34
1126|33
1127|2
1128|18
1129|40
1130|25
1131|5
1132|26
1133|34
1134|30
1135|41
1136|31
1137|8
1138|26
1139|16
1140|7
1141|13
1142|7
1143|38
1144|19
1145|45
1146|19
1147|38
1148|9
1149|21
1150|15
1151|26
1152|0
1153|39
1154|35
1155|35
1156|43
1157|3
1158|32
1159|18
1160|19
1161|22
1162|37
1163|49
1164|38
1165|12
1166|4
1167|33
1168|4
1169|14
1170|7
1171|39
1172|48
1173|15
1174|4
1175|4
1176|45
1177|45
1178|40
1179|19
1180|29
1181|30
1182|24
1183|48
1184|4
1185|24
1186|7
1187|28
1188|44
1189|26
1190|27
1191|42
1192|32
1193|35
1194|37
1195|36
1196|29
1197|46
1198|41
1199|5
1200|11
1201|10
1202|49
1203|44
1204|40
1205|24
1206|12
1207|28
1208|1
1209|24
1210|8
1211|48
1212|34
1213|48
1214|24
1215|0
1216|27
1217|2
1218|14
1219|25
1220|30
1221|49
1222|0
1223|29
1224|46
1225|18
1226|32
1227|47
1228|42
1229|42
1230|5
1231|18
1232|36
1233|30
1234|8
1235|44
1236|49
1237|14
1238|10
1239|29
1240|24
1241|19
1242|7
1243|30
1244|5
1245|7
1246|20
1247|22
1248|44
1249|17
1250|8
1251|14
1252|13
1253|27
1254|32
1255|32
1256|25
1257|35
1258|41
1259|43
1260|18
1261|12
1262|47
1263|11
1264|0
1265|10
1266|2
1267|6
1268|1
1269|13
1270|10
1271|14
1272|23
1273|16
1274|13
1275|47
1276|4
1277|2
1278|15
1279|17
1280|28
1281|7
1282|15
1283|3
1284|5
1285|41
1286|26
1287|45
1288|4
1289|36
1290|10
1291|6
1292|47
1293|3
1294|40
1295|29
1296|15
1297|46
1298|33
1299|48
1300|42
1301|12
1302|21
1303|16
1304|11
1305|23
1306|5
1307|3
1308|46
1309|44
1310|19
1311|6
1312|44
1313|19
1314|14
1315|33
1316|7
1317|12
1318|4
1319|21
1320|23
1321|4
1322|19
1323|32
1324|43
1325|19
1326|10
1327|23
1328|36
1329|45
1330|13
1331|46
1332|35
1333|9
1334|27
1335|27
1336|13
1337|9
1338|48
1339|24
1340|1
1341|28
1342|31
1343|46
1344|45
1345|38
1346|31
1347|2
1348|9
1349|37
1350|40
1351|43
1352|23
1353|24
1354|4
1355|39
1356|49
1357|31
1358|4
1359|21
1360|39
1361|5
1362|44
1363|0
1364|18
1365|19
1366|36
1367|30
1368|30
1369|44
1370|42
1371|24
1372|46
1373|22
1374|3
1375|47
1376|47
1377|30
1378|10
1379|20
1380|36
1381|24
1382|13
1383|19
1384|21
1385|26
1386|21
1387|20
1388|16
1389|32
1390|23
1391|17
1392|26
1393|22
1394|37
1395|16
1396|28
1397|23
1398|34
1399|36
1400|19
1401|23
1402|35
1403|36
1404|43
1405|13
1406|13
1407|48
1408|1
1409|18
1410|22
1411|24
1412|40
1413|0
1414|48
1415|22
1416|8
1417|11
1418|48
1419|33
1420|12
1421|33
1422|15
1423|28
1424|6
1425|38
1426|12
1427|25
1428|31
1429|14
1430|23
1431|25
1432|24
1433|14
1434|18
1435|8
1436|20
1437|43
1438|19
1439|48
1440|19
1441|9
1442|27
1443|26
1444|26
1445|18
1446|19
1447|9
1448|23
1449|35
1450|45
1451|32
1452|10
1453|1
1454|27
1455|11
1456|15
1457|13
1458|31
1459|47
1460|0
1461|35
1462|7
1463|10
1464|38
1465|33
1466|24
1467|20
1468|21
1469|12
1470|27
1471|39
1472|24
1473|23
1474|33
1475|16
1476|36
1477|35
1478|3
1479|40
1480|47
1481|4
1482|27
1483|0
1484|37
1485|30
1486|19
1487|21
1488|15
1489|40
1490|35
1491|24
1492|13
1493|34
1494|49
1495|40
1496|43
1497|12
1498|9
1499|7
1500|26
