0|37
1|38
2|3
3|20
4|30
5|48
6|8
7|46
8|9
9|38
10|36
11|47
12|30
13|42
14|38
15|42
16|19
17|10
18|36
19|40
20|31
21|43
22|49
23|13
24|30
25|38
26|49
27|46
28|33
29|45
30|36
31|41
32|10
33|17
34|0
35|43
36|39
37|47
38|27
39|13
40|48
41|7
42|2
43|20
44|19
45|20
46|32
47|2
48|0
49|2
50|28
51|47
52|4
53|12
54|48
55|37
56|5
57|16
58|8
59|4
60|0
61|0
62|40
63|14
64|23
65|46
66|6
67|23
68|13
69|10
70|33
71|10
72|38
73|22
74|28
75|6
76|11
77|10
78|29
79|31
80|39
81|37
82|22
83|21
84|32
85|15
86|42
87|2
88|26
89|49
90|20
91|35
92|17
93|4
94|36
95|18
96|44
97|27
98|15
99|37
100|10
101|39
102|28
103|22
104|34
105|3
106|17
107|16
108|42
109|17
110|8
111|10
112|41
113|9
114|0
115|22
116|25
117|1
118|11
119|43
120|10
121|20
122|29
123|3
124|30
125|29
126|27
127|7
128|0
129|46
130|25
131|49
132|30
133|11
134|18
135|37
136|24
137|18
138|31
139|1
140|33
141|18
142|46
143|39
144|42
145|14
146|39
147|16
148|29
149|1
150|40
151|6
152|46
153|18
154|6
155|6
156|23
157|48
158|19
159|49
160|3
161|1
162|27
163|36
164|20
165|48
166|24
167|35
168|45
169|1
170|9
171|49
172|21
173|30
174|42
175|25
176|27
177|35
178|1
179|4
180|42
181|22
182|9
183|39
184|5
185|34
186|35
187|41
188|21
189|35
190|25
191|26
192|11
193|17
194|40
195|18
196|34
197|19
198|32
199|47
200|25
201|46
202|46
203|3
204|0
205|44
206|26
207|33
208|22
209|34
210|28
211|28
212|3
213|29
214|45
215|27
216|18
217|18
218|0
219|11
220|0
221|40
222|21
223|19
224|12
225|38
226|2
227|5
228|1
229|11
230|18
231|13
232|13
233|4
234|28
235|26
236|23
237|5
238|28
239|28
240|10
241|17
242|45
243|42
244|20
245|6
246|17
247|7
248|18
249|7
250|34
251|47
252|5
253|27
254|41
255|44
256|2
257|10
258|47
259|39
260|49
261|29
262|0
263|31
264|45
265|49
266|17
267|8
268|6
269|49
270|21
271|42
272|41
273|10
274|1
275|13
276|38
277|46
278|37
279|23
280|20
281|15
282|31
283|21
284|15
285|28
286|39
287|21
288|30
289|31
290|12
291|14
292|48
293|7
294|27
295|49
296|36
297|47
298|21
299|21
300|29
301|45
302|48
303|25
304|36
305|27
306|26
307|27
308|49
309|2
310|17
311|20
312|26
313|6
314|34
315|15
316|46
317|16
318|49
319|47
320|30
321|47
322|45
323|29
324|42
325|12
326|16
327|36
328|33
329|14
330|5
331|43
332|19
333|40
334|48
335|21
336|48
337|30
338|14
339|36
340|21
341|33
342|28
343|22
344|27
345|8
346|35
347|37
348|41
349|33
350|29
351|1
352|20
353|29
354|36
355|33
356|13
357|44
358|34
359|13
360|27
361|48
362|14
363|45
364|14
365|8
366|33
367|31
368|28
369|24
370|30
371|21
372|40
373|28
374|9
375|46
376|17
377|24
378|16
379|14
380|25
381|12
382|37
383|5
384|15
385|25
386|48
387|40
388|21
389|39
390|49
391|19
392|17
393|14
394|18
395|47
396|33
397|2
398|9
399|7
400|31
401|29
402|6
403|4
404|23
405|33
406|34
407|9
408|47
409|48
410|3
411|47
412|26
413|32
414|37
415|12
416|13
417|43
418|28
419|46
420|42
421|13
422|11
423|46
424|8
425|24
426|17
427|35
428|20
429|16
430|41
431|17
432|22
433|49
434|43
435|19
436|6
437|33
438|36
439|15
440|37
441|32
442|38
443|9
444|6
445|11
446|1
447|9
448|27
449|33
450|8
451|9
452|25
453|10
454|27
455|49
456|39
457|20
458|25
459|2
460|43
461|32
462|28
463|2
464|12
465|33
466|49
467|28
468|6
469|9
470|14
471|33
472|10
473|48
474|32
475|10
476|37
477|14
478|32
479|35
480|33
481|31
482|48
483|27
484|34
485|43
486|16
487|35
488|7
489|42
490|17
491|34
492|8
493|12
494|48
495|13
496|40
497|46
498|46
499|11
500|41
501|32
502|24
503|8
504|18
505|16
506|0
507|0
508|17
509|19
510|32
511|27
512|12
513|47
514|5
515|1
516|38
517|42
518|31
519|24
520|11
521|48
522|2
523|39
524|0
525|38
526|39
527|15
528|9
529|0
530|17
531|41
532|31
533|45
534|48
535|15
536|26
537|11
538|33
539|43
540|13
541|1
542|2
543|19
544|0
545|24
546|7
547|21
548|7
549|32
550|32
551|30
552|5
553|49
554|2
555|15
556|13
557|11
558|38
559|43
560|48
561|36
562|4
563|9
564|18
565|32
566|35
567|43
568|20
569|48
570|48
571|12
572|26
573|48
574|19
575|19
576|46
577|6
578|42
579|42
580|17
581|30
582|47
583|22
584|15
585|7
586|19
587|1
588|24
589|7
590|0
591|17
592|26
593|32
594|2
595|39
596|3
597|16
598|22
599|20
600|45
601|35
602|19
603|27
604|42
605|20
606|13
607|12
608|25
609|47
610|13
611|44
612|27
613|25
614|29
615|0
616|14
617|44
618|42
619|30
620|11
621|27
622|29
623|5
624|1
625|20
626|20
627|25
628|4
629|0
630|35
631|30
632|16
633|9
634|32
635|10
636|46
637|40
638|14
639|5
640|46
641|40
642|1
643|33
644|33
645|12
646|41
647|22
648|0
649|24
650|16
651|9
652|38
653|24
654|4
655|6
656|26
657|47
658|16
659|13
660|38
661|29
662|23
663|48
664|48
665|3
666|38
667|22
668|21
669|0
670|37
671|25
672|34
673|6
674|46
675|0
676|12
677|23
678|45
679|14
680|3
681|39
682|31
683|10
684|11
685|43
686|42
687|17
688|31
689|23
690|14
691|41
692|26
693|12
694|13
695|41
696|12
697|25
698|27
699|19
700|37
701|24
702|11
703|7
704|44
705|25
706|28
707|3
708|7
709|3
710|27
711|38
712|46
713|9
714|19
715|16
716|45
717|19
718|17
719|35
720|1
721|23
722|30
723|24
724|46
725|5
726|43
727|30
728|17
729|22
730|29
731|49
732|27
733|19
734|28
735|9
736|1
737|42
738|28
739|42
740|28
741|37
742|14
743|26
744|3
745|49
746|44
747|48
748|42
749|20
750|31
751|29
752|8
753|18
754|49
755|15
756|2
757|43
758|27
759|48
760|12
761|17
762|11
763|15
764|43
765|12
766|39
767|4
768|24
769|21
770|0
771|7
772|43
773|29
774|23
775|25
776|37
777|9
778|31
779|42
780|37
781|9
782|17
783|7
784|19
785|34
786|0
787|2
788|10
789|4
790|8
791|41
792|15
793|32
794|39
795|21
796|38
797|29
798|27
799|25
800|34
801|1
802|31
803|25
804|10
805|16
806|18
807|38
808|47
809|43
810|1
811|10
812|13
813|37
814|0
815|48
816|13
817|3
818|27
819|3
820|0
821|4
822|7
823|1
824|10
825|15
826|29
827|1
828|18
829|34
830|16
831|40
832|23
833|22
834|47
835|6
836|35
837|46
838|44
839|17
840|10
841|43
842|28
843|45
844|12
845|15
846|6
847|27
848|17
849|18
850|24
851|2
852|2
853|33
854|46
855|29
856|30
857|20
858|41
859|10
860|34
861|25
862|18
863|44
864|34
865|49
866|10
867|36
868|0
869|34
870|6
871|5
872|5
873|39
874|10
875|48
876|36
877|28
878|6
879|18
880|18
881|37
882|48
883|3
884|34
885|35
886|9
887|47
888|39
889|31
890|27
891|2
892|28
893|15
894|10
895|6
896|37
897|5
898|39
899|28
900|11
901|40
902|32
903|26
904|35
905|44
906|28
907|38
908|41
909|42
910|25
911|20
912|31
913|6
914|9
915|35
916|38
917|41
918|9
919|45
920|23
921|5
922|41
923|47
924|44
925|49
926|49
927|6
928|15
929|16
930|37
931|24
932|32
933|30
934|48
935|17
936|11
937|42
938|45
939|46
940|6
941|44
942|33
943|24
944|39
945|9
946|29
947|10
948|48
949|31
950|7
951|45
952|21
953|46
954|3
955|49
956|12
957|33
958|21
959|20
960|4
961|4
962|30
963|26
964|41
965|27
966|21
967|41
968|6
969|7
970|3
971|43
972|14
973|5
974|36
975|6
976|5
977|40
978|39
979|30
980|19
981|48
982|48
983|44
984|1
985|32
986|16
987|17
988|18
989|29
990|23
991|37
992|33
993|1
994|22
995|10
996|43
997|35
998|0
999|40
1000|5
1001|19
1002|12
1003|38
1004|0
1005|22
1006|31
1007|1
1008|38
1009|39
1010|34
1011|26
1012|40
1013|15
1014|22
1015|41
1016|48
1017|13
1018|7
1019|47
1020|0
1021|12
1022|26
1023|37
1024|30
1025|49
1026|24
1027|27
1028|33
1029|33
1030|47
1031|13
1032|37
1033|8
1034|36
1035|23
1036|45
1037|44
1038|23
1039|0
1040|47
1041|41
1042|22
1043|4
1044|5
1045|24
1046|13
1047|1
1048|37
1049|29
1050|39
1051|39
1052|8
1053|4
1054|38
1055|36
1056|26
1057|31
1058|10
1059|30
1060|37
1061|35
1062|23
1063|15
1064|43
1065|49
1066|14
1067|48
1068|25
1069|18
1070|26
1071|1
1072|41
1073|18
1074|27
1075|34
1076|15
1077|26
1078|24
1079|18
1080|15
1081|13
1082|21
1083|42
1084|11
1085|14
1086|25
1087|6
1088|3
1089|45
1090|37
1091|47
1092|24
1093|48
1094|39
1095|29
1096|28
1097|30
1098|43
1099|6
1100|26
1101|26
1102|39
1103|7
1104|15
1105|8
1106|38
1107|47
1108|35
1109|45
1110|18
1111|35
1112|21
1113|15
1114|44
1115|20
1116|7
1117|3
1118|0
1119|9
1120|22
1121|37
1122|31
1123|28
1124|26
1125|11
1126|17
1127|26
1128|13
1129|28
1130|33
1131|29
1132|6
1133|43
1134|21
1135|39
1136|34
1137|49
1138|17
1139|49
1140|43
1141|26
1142|6
1143|47
1144|18
1145|41
1146|40
1147|7
1148|37
1149|5
1150|12
1151|0
1152|38
1153|47
1154|8
1155|27
1156|11
1157|2
1158|39
1159|18
1160|44
1161|2
1162|20
1163|8
1164|10
1165|26
1166|26
1167|45
1168|8
1169|45
1170|47
1171|14
1172|30
1173|29
1174|48
1175|38
1176|10
1177|49
1178|34
1179|28
1180|1
1181|33
1182|49
1183|43
1184|14
1185|0
1186|13
1187|22
1188|12
1189|36
1190|32
1191|29
1192|24
1193|43
1194|21
1195|15
1196|0
1197|34
1198|20
1199|28
1200|2
1201|43
1202|39
1203|3
1204|32
1205|4
1206|48
1207|9
1208|17
1209|31
1210|20
1211|47
1212|17
1213|24
1214|2
1215|4
1216|13
1217|22
1218|10
1219|19
1220|43
1221|46
1222|43
1223|44
1224|47
1225|6
1226|32
1227|14
1228|49
1229|18
1230|6
1231|19
1232|4
1233|43
1234|30
1235|38
1236|27
1237|40
1238|5
1239|37
1240|43
1241|6
1242|22
1243|10
1244|48
1245|35
1246|35
1247|8
1248|22
1249|43
1250|26
1251|31
1252|7
1253|39
1254|12
1255|34
1256|45
1257|17
1258|13
1259|0
1260|3
1261|10
1262|33
1263|4
1264|30
1265|1
1266|33
1267|21
1268|9
1269|21
1270|20
1271|24
1272|2
1273|14
1274|35
1275|44
1276|4
1277|19
1278|20
1279|12
1280|0
1281|29
1282|42
1283|49
1284|0
1285|30
1286|30
1287|42
1288|49
1289|41
1290|29
1291|41
1292|49
1293|15
1294|17
1295|20
1296|49
1297|39
1298|7
1299|45
1300|22
1301|39
1302|45
1303|41
1304|23
1305|1
1306|47
1307|43
1308|38
1309|49
1310|23
1311|2
1312|9
1313|2
1314|6
1315|49
1316|36
1317|29
1318|37
1319|17
1320|9
1321|30
1322|31
1323|9
1324|7
1325|10
1326|2
1327|36
1328|39
1329|31
1330|39
1331|0
1332|22
1333|29
1334|16
1335|43
1336|33
1337|25
1338|45
1339|37
1340|49
1341|40
1342|10
1343|45
1344|22
1345|23
1346|38
1347|25
1348|7
1349|29
1350|21
1351|49
1352|29
1353|0
1354|23
1355|38
1356|27
1357|46
1358|21
1359|17
1360|6
1361|9
1362|8
1363|44
1364|11
1365|2
1366|42
1367|34
1368|5
1369|36
1370|2
1371|28
1372|9
1373|44
1374|1
1375|38
1376|17
1377|47
1378|24
1379|5
1380|31
1381|34
1382|42
1383|37
1384|46
1385|6
1386|35
1387|48
1388|11
1389|42
1390|41
1391|19
1392|9
1393|40
1394|47
1395|38
1396|41
1397|42
1398|42
1399|9
1400|37
1401|31
1402|40
1403|11
1404|2
1405|6
1406|48
1407|28
1408|49
1409|6
1410|7
1411|22
1412|22
1413|44
1414|6
1415|42
1416|1
1417|10
1418|24
1419|22
1420|41
1421|16
1422|27
1423|44
1424|21
1425|12
1426|28
1427|10
1428|26
1429|15
1430|4
1431|43
1432|2
1433|2
1434|33
1435|18
1436|34
1437|5
1438|3
1439|9
1440|48
1441|27
1442|44
1443|24
1444|16
1445|39
1446|33
1447|48
1448|45
1449|20
1450|44
1451|13
1452|19
1453|27
1454|35
1455|16
1456|33
1457|1
1458|30
1459|40
1460|44
1461|35
1462|23
1463|13
1464|18
1465|24
1466|31
1467|37
1468|27
1469|27
1470|18
1471|24
1472|45
1473|43
1474|21
1475|25
1476|42
1477|43
1478|9
1479|9
1480|15
1481|38
1482|34
1483|7
1484|31
1485|11
1486|15
1487|0
1488|6
1489|6
1490|46
1491|10
1492|43
1493|5
1494|12
1495|0
1496|0
1497|8
1498|27
1499|29
1500|41
