0|34
1|1
2|46
3|15
4|12
5|5
6|18
7|3
8|19
9|47
10|18
11|14
12|22
13|16
14|20
15|13
16|39
17|30
18|17
19|31
20|47
21|26
22|46
23|44
24|17
25|27
26|45
27|19
28|17
29|39
30|27
31|21
32|47
33|15
34|45
35|32
36|3
37|22
38|18
39|24
40|12
41|27
42|34
43|8
44|48
45|20
46|19
47|10
48|10
49|2
50|20
51|2
52|40
53|46
54|11
55|8
56|17
57|28
58|25
59|6
60|15
61|25
62|44
63|23
64|13
65|22
66|33
67|20
68|21
69|12
70|15
71|34
72|8
73|8
74|36
75|9
76|18
77|40
78|33
79|1
80|8
81|2
82|8
83|11
84|4
85|31
86|21
87|32
88|34
89|13
90|23
91|25
92|21
93|15
94|21
95|43
96|6
97|28
98|43
99|42
100|4
101|9
102|9
103|34
104|35
105|16
106|29
107|44
108|48
109|18
110|31
111|0
112|6
113|18
114|12
115|20
116|7
117|0
118|21
119|48
120|45
121|46
122|9
123|37
124|8
125|41
126|41
127|39
128|17
129|42
130|28
131|21
132|18
133|3
134|9
135|10
136|5
137|15
138|35
139|16
140|44
141|39
142|14
143|40
144|22
145|49
146|28
147|30
148|35
149|24
150|36
151|33
152|5
153|18
154|6
155|22
156|5
157|34
158|46
159|1
160|42
161|30
162|4
163|49
164|30
165|22
166|19
167|11
168|11
169|22
170|46
171|16
172|49
173|9
174|23
175|11
176|34
177|46
178|45
179|30
180|19
181|45
182|7
183|33
184|46
185|23
186|8
187|10
188|34
189|38
190|27
191|32
192|25
193|18
194|2
195|5
196|27
197|12
198|8
199|35
200|33
201|26
202|40
203|12
204|1
205|34
206|21
207|43
208|23
209|6
210|3
211|15
212|12
213|41
214|29
215|18
216|42
217|33
218|17
219|41
220|3
221|12
222|34
223|38
224|47
225|19
226|48
227|11
228|31
229|22
230|44
231|4
232|43
233|11
234|19
235|27
236|37
237|23
238|4
239|8
240|42
241|27
242|25
243|20
244|29
245|30
246|40
247|28
248|6
249|43
250|35
251|31
252|21
253|44
254|46
255|45
256|1
257|27
258|4
259|17
260|8
261|0
262|36
263|48
264|0
265|0
266|29
267|10
268|10
269|5
270|16
271|10
272|29
273|49
274|40
275|29
276|6
277|27
278|20
279|39
280|14
281|19
282|10
283|23
284|31
285|1
286|6
287|21
288|15
289|18
290|2
291|21
292|25
293|44
294|5
295|2
296|20
297|34
298|30
299|32
300|48
301|42
302|22
303|29
304|32
305|19
306|42
307|37
308|49
309|18
310|2
311|22
312|30
313|8
314|46
315|13
316|42
317|46
318|13
319|48
320|21
321|19
322|35
323|5
324|13
325|45
326|14
327|39
328|13
329|46
330|2
331|20
332|28
333|17
334|17
335|19
336|28
337|35
338|34
339|43
340|13
341|19
342|22
343|29
344|15
345|44
346|15
347|30
348|4
349|37
350|22
351|41
352|16
353|46
354|15
355|6
356|11
357|10
358|26
359|5
360|39
361|40
362|19
363|28
364|44
365|35
366|30
367|45
368|29
369|13
370|3
371|44
372|23
373|33
374|30
375|14
376|8
377|42
378|33
379|19
380|23
381|31
382|8
383|46
384|17
385|9
386|33
387|20
388|19
389|24
390|12
391|40
392|32
393|14
394|41
395|1
396|29
397|24
398|5
399|45
400|5
401|44
402|37
403|7
404|22
405|33
406|19
407|31
408|33
409|19
410|32
411|18
412|14
413|47
414|48
415|19
416|12
417|17
418|9
419|40
420|47
421|17
422|47
423|6
424|26
425|12
426|22
427|4
428|39
429|11
430|37
431|17
432|1
433|10
434|20
435|5
436|12
437|26
438|33
439|22
440|42
441|38
442|21
443|28
444|48
445|14
446|3
447|20
448|43
449|14
450|18
451|47
452|6
453|40
454|2
455|45
456|28
457|13
458|0
459|4
460|37
461|5
462|49
463|27
464|22
465|47
466|9
467|22
468|15
469|12
470|3
471|26
472|42
473|11
474|0
475|41
476|30
477|24
478|22
479|13
480|9
481|28
482|22
483|18
484|3
485|14
486|30
487|44
488|18
489|11
490|0
491|34
492|10
493|31
494|38
495|47
496|16
497|13
498|23
499|17
500|42
501|22
502|28
503|37
504|33
505|16
506|48
507|7
508|42
509|44
510|40
511|29
512|30
513|21
514|38
515|28
516|18
517|41
518|37
519|37
520|6
521|44
522|2
523|42
524|32
525|4
526|38
527|20
528|25
529|16
530|26
531|9
532|16
533|39
534|15
535|27
536|43
537|4
538|13
539|2
540|42
541|9
542|12
543|0
544|32
545|30
546|30
547|5
548|9
549|22
550|45
551|10
552|30
553|29
554|49
555|17
556|36
557|30
558|19
559|0
560|21
561|29
562|16
563|30
564|11
565|3
566|11
567|10
568|47
569|39
570|44
571|46
572|41
573|27
574|34
575|4
576|18
577|36
578|8
579|6
580|22
581|44
582|21
583|39
584|21
585|28
586|49
587|12
588|18
589|45
590|38
591|19
592|31
593|23
594|15
595|49
596|3
597|17
598|17
599|40
600|28
601|27
602|17
603|18
604|36
605|31
606|41
607|19
608|20
609|46
610|14
611|16
612|33
613|41
614|5
615|30
616|2
617|21
618|19
619|46
620|30
621|4
622|46
623|27
624|32
625|38
626|18
627|46
628|17
629|10
630|18
631|34
632|22
633|19
634|19
635|10
636|15
637|36
638|9
639|39
640|12
641|40
642|32
643|38
644|26
645|48
646|21
647|6
648|47
649|19
650|41
651|44
652|41
653|38
654|34
655|6
656|32
657|22
658|25
659|20
660|48
661|9
662|9
663|34
664|3
665|5
666|1
667|3
668|24
669|30
670|25
671|18
672|10
673|22
674|9
675|3
676|8
677|30
678|12
679|35
680|35
681|28
682|34
683|10
684|26
685|12
686|39
687|21
688|39
689|13
690|43
691|9
692|34
693|36
694|49
695|46
696|2
697|39
698|25
699|0
700|2
701|26
702|1
703|5
704|22
705|8
706|47
707|11
708|32
709|37
710|18
711|1
712|10
713|10
714|13
715|37
716|38
717|15
718|27
719|38
720|46
721|21
722|36
723|19
724|46
725|30
726|25
727|18
728|25
729|5
730|21
731|10
732|34
733|13
734|24
735|24
736|22
737|7
738|47
739|9
740|21
741|2
742|40
743|26
744|30
745|30
746|38
747|4
748|11
749|37
750|0
751|14
752|16
753|23
754|21
755|35
756|21
757|31
758|24
759|42
760|29
761|49
762|19
763|26
764|8
765|9
766|49
767|19
768|47
769|40
770|38
771|26
772|21
773|4
774|21
775|26
776|34
777|12
778|29
779|0
780|29
781|30
782|43
783|20
784|37
785|47
786|16
787|27
788|29
789|22
790|17
791|46
792|42
793|14
794|15
795|40
796|15
797|49
798|11
799|20
800|11
801|38
802|32
803|23
804|26
805|26
806|40
807|24
808|35
809|42
810|46
811|46
812|44
813|9
814|5
815|45
816|7
817|25
818|45
819|40
820|20
821|14
822|29
823|8
824|46
825|49
826|5
827|41
828|22
829|44
830|35
831|29
832|40
833|5
834|1
835|35
836|28
837|36
838|18
839|0
840|45
841|46
842|47
843|45
844|44
845|46
846|3
847|17
848|10
849|34
850|46
851|48
852|19
853|19
854|34
855|17
856|18
857|6
858|39
859|6
860|7
861|11
862|36
863|39
864|19
865|45
866|3
867|18
868|20
869|43
870|0
871|44
872|12
873|1
874|13
875|12
876|27
877|41
878|7
879|49
880|11
881|42
882|23
883|20
884|35
885|23
886|37
887|49
888|9
889|11
890|15
891|46
892|28
893|44
894|47
895|8
896|14
897|0
898|32
899|9
900|9
901|10
902|3
903|34
904|45
905|48
906|35
907|7
908|36
909|28
910|24
911|11
912|45
913|20
914|2
915|49
916|22
917|46
918|32
919|44
920|43
921|40
922|33
923|8
924|22
925|34
926|31
927|6
928|17
929|6
930|32
931|27
932|6
933|1
934|32
935|38
936|8
937|38
938|3
939|33
940|31
941|34
942|46
943|45
944|32
945|28
946|45
947|13
948|17
949|42
950|38
951|49
952|26
953|1
954|24
955|0
956|10
957|32
958|37
959|21
960|42
961|16
962|17
963|47
964|33
965|9
966|2
967|32
968|41
969|15
970|12
971|29
972|33
973|4
974|34
975|29
976|16
977|48
978|12
979|35
980|11
981|9
982|21
983|47
984|25
985|25
986|13
987|41
988|32
989|36
990|40
991|19
992|19
993|34
994|23
995|2
996|6
997|31
998|46
999|36
1000|3
1001|28
1002|43
1003|1
1004|49
1005|35
1006|44
1007|38
1008|0
1009|19
1010|19
1011|18
1012|8
1013|23
1014|34
1015|30
1016|46
1017|17
1018|12
1019|38
1020|33
1021|37
1022|19
1023|34
1024|26
1025|18
1026|46
1027|16
1028|35
1029|41
1030|29
1031|27
1032|41
1033|10
1034|32
1035|36
1036|29
1037|19
1038|23
1039|20
1040|2
1041|8
1042|4
1043|49
1044|22
1045|22
1046|8
1047|35
1048|36
1049|16
1050|8
1051|32
1052|26
1053|7
1054|3
1055|11
1056|13
1057|47
1058|28
1059|20
1060|4
1061|26
1062|27
1063|9
1064|49
1065|43
1066|18
1067|46
1068|0
1069|7
1070|30
1071|2
1072|48
1073|28
1074|49
1075|15
1076|4
1077|38
1078|42
1079|32
1080|3
1081|26
1082|9
1083|16
1084|15
1085|3
1086|43
1087|14
1088|28
1089|45
1090|27
1091|41
1092|19
1093|25
1094|33
1095|20
1096|17
1097|25
1098|11
1099|1
1100|10
1101|32
1102|28
1103|22
1104|35
1105|0
1106|44
1107|36
1108|41
1109|19
1110|9
1111|22
1112|27
1113|19
1114|48
1115|26
1116|30
1117|46
1118|19
1119|1
1120|35
1121|41
1122|22
1123|20
1124|27
1125|32
1126|19
1127|41
1128|47
1129|28
1130|36
1131|6
1132|47
1133|28
1134|4
1135|38
1136|48
1137|21
1138|10
1139|15
1140|21
1141|35
1142|12
1143|47
1144|1
1145|43
1146|17
1147|7
1148|46
1149|27
1150|30
1151|9
1152|16
1153|13
1154|23
1155|12
1156|1
1157|36
1158|30
1159|40
1160|12
1161|2
1162|35
1163|0
1164|25
1165|44
1166|1
1167|7
1168|33
1169|42
1170|13
1171|9
1172|6
1173|0
1174|30
1175|48
1176|41
1177|7
1178|11
1179|1
1180|38
1181|31
1182|36
1183|49
1184|31
1185|29
1186|43
1187|24
1188|13
1189|42
1190|34
1191|23
1192|11
1193|32
1194|9
1195|41
1196|44
1197|29
1198|48
1199|48
1200|20
1201|35
1202|46
1203|7
1204|43
1205|7
1206|8
1207|30
1208|28
1209|40
1210|36
1211|6
1212|30
1213|46
1214|9
1215|25
1216|15
1217|28
1218|44
1219|7
1220|21
1221|21
1222|30
1223|10
1224|34
1225|37
1226|2
1227|44
1228|16
1229|21
1230|28
1231|25
1232|16
1233|32
1234|6
1235|38
1236|23
1237|34
1238|47
1239|3
1240|7
1241|49
1242|30
1243|16
1244|47
1245|33
1246|4
1247|10
1248|16
1249|38
1250|41
1251|7
1252|20
1253|39
1254|8
1255|35
1256|17
1257|7
1258|44
1259|28
1260|12
1261|11
1262|8
1263|7
1264|40
1265|32
1266|13
1267|31
1268|7
1269|25
1270|4
1271|49
1272|6
1273|44
1274|23
1275|17
1276|26
1277|36
1278|31
1279|28
1280|34
1281|31
1282|12
1283|19
1284|23
1285|22
1286|36
1287|16
1288|1
1289|5
1290|17
1291|22
1292|41
1293|42
1294|12
1295|14
1296|28
1297|11
1298|42
1299|49
1300|1
1301|19
1302|2
1303|33
1304|41
1305|13
1306|29
1307|24
1308|17
1309|2
1310|42
1311|21
1312|42
1313|27
1314|45
1315|42
1316|21
1317|40
1318|41
1319|25
1320|45
1321|6
1322|45
1323|37
1324|13
1325|16
1326|35
1327|15
1328|26
1329|34
1330|12
1331|46
1332|13
1333|29
1334|35
1335|25
1336|38
1337|22
1338|26
1339|29
1340|16
1341|30
1342|34
1343|0
1344|29
1345|30
1346|20
1347|48
1348|46
1349|0
1350|47
1351|13
1352|39
1353|13
1354|0
1355|44
1356|22
1357|4
1358|25
1359|32
1360|17
1361|7
1362|1
1363|27
1364|30
1365|5
1366|30
1367|37
1368|48
1369|49
1370|6
1371|29
1372|46
1373|8
1374|6
1375|39
1376|45
1377|9
1378|39
1379|40
1380|28
1381|22
1382|30
1383|18
1384|3
1385|14
1386|28
1387|13
1388|14
1389|23
1390|39
1391|48
1392|21
1393|6
1394|1
1395|35
1396|7
1397|42
1398|19
1399|11
1400|36
1401|5
1402|25
1403|19
1404|28
1405|47
1406|27
1407|11
1408|24
1409|13
1410|26
1411|24
1412|8
1413|0
1414|45
1415|24
1416|11
1417|33
1418|5
1419|13
1420|27
1421|34
1422|19
1423|44
1424|34
1425|26
1426|34
1427|48
1428|5
1429|39
1430|13
1431|1
1432|46
1433|37
1434|29
1435|19
1436|36
1437|12
1438|30
1439|47
1440|35
1441|36
1442|49
1443|32
1444|27
1445|45
1446|17
1447|11
1448|42
1449|28
1450|0
1451|23
1452|19
1453|34
1454|2
1455|28
1456|49
1457|21
1458|8
1459|47
1460|4
1461|35
1462|32
1463|47
1464|42
1465|7
1466|47
1467|12
1468|12
1469|24
1470|36
1471|6
1472|40
1473|12
1474|42
1475|4
1476|41
1477|48
1478|2
1479|5
1480|45
1481|34
1482|15
1483|2
1484|9
1485|31
1486|42
1487|12
1488|45
1489|11
1490|39
1491|4
1492|12
1493|13
1494|35
1495|15
1496|8
1497|29
1498|3
1499|16
1500|45
1501|27
1502|30
1503|13
1504|19
1505|3
1506|49
1507|18
1508|12
1509|44
1510|10
1511|17
1512|2
1513|49
1514|49
1515|17
1516|18
1517|1
1518|14
1519|3
1520|30
1521|16
1522|11
1523|24
1524|40
1525|13
1526|9
1527|28
1528|19
1529|7
1530|20
1531|11
1532|10
1533|32
1534|10
1535|0
1536|29
1537|37
1538|40
1539|21
1540|49
1541|30
1542|6
1543|27
1544|35
1545|41
1546|26
1547|37
1548|10
1549|47
1550|32
1551|21
1552|44
1553|23
1554|48
1555|11
1556|41
1557|27
1558|17
1559|28
1560|6
1561|33
1562|44
1563|17
1564|41
1565|2
1566|18
1567|24
1568|15
1569|15
1570|23
1571|29
1572|3
1573|42
1574|14
1575|23
1576|15
1577|49
1578|48
1579|38
1580|45
1581|34
1582|7
1583|44
1584|11
1585|30
1586|32
1587|13
1588|37
1589|4
1590|39
1591|21
1592|11
1593|2
1594|20
1595|22
1596|47
1597|31
1598|33
1599|33
1600|1
1601|27
1602|32
1603|19
1604|10
1605|30
1606|44
1607|19
1608|33
1609|43
1610|18
1611|9
1612|27
1613|3
1614|8
1615|42
1616|48
1617|13
1618|26
1619|11
1620|44
1621|17
1622|37
1623|5
1624|23
1625|28
1626|20
1627|31
1628|17
1629|26
1630|19
1631|19
1632|45
1633|1
1634|37
1635|14
1636|11
1637|3
1638|5
1639|25
1640|7
1641|29
1642|26
1643|25
1644|0
1645|2
1646|16
1647|1
1648|46
1649|27
1650|44
1651|33
1652|17
1653|17
1654|46
1655|16
1656|8
1657|21
1658|1
1659|12
1660|15
1661|48
1662|24
1663|2
1664|16
1665|44
1666|45
1667|11
1668|7
1669|18
1670|47
1671|16
1672|43
1673|34
1674|20
1675|32
1676|26
1677|4
1678|32
1679|27
1680|35
1681|28
1682|29
1683|47
1684|25
1685|37
1686|7
1687|41
1688|20
1689|20
1690|42
1691|40
1692|20
1693|33
1694|19
1695|5
1696|36
1697|12
1698|36
1699|15
1700|18
1701|22
1702|5
1703|46
1704|43
1705|10
1706|32
1707|40
1708|26
1709|24
1710|37
1711|16
1712|17
1713|26
1714|27
1715|2
1716|38
1717|23
1718|12
1719|16
1720|18
1721|43
1722|11
1723|24
1724|4
1725|24
1726|14
1727|32
1728|40
1729|48
1730|11
1731|8
1732|20
1733|16
1734|43
1735|39
1736|30
1737|21
1738|41
1739|20
1740|3
1741|12
1742|36
1743|5
1744|5
1745|17
1746|27
1747|49
1748|15
1749|24
1750|47
1751|1
1752|36
1753|34
1754|33
1755|7
1756|1
1757|14
1758|12
1759|10
1760|24
1761|16
1762|41
1763|19
1764|18
1765|10
1766|27
1767|1
1768|47
1769|30
1770|38
1771|32
1772|9
1773|37
1774|15
1775|6
1776|26
1777|40
1778|15
1779|20
1780|49
1781|21
1782|11
1783|6
1784|25
1785|34
1786|11
1787|38
1788|13
1789|9
1790|10
1791|36
1792|20
1793|28
1794|44
1795|35
1796|17
1797|29
1798|42
1799|8
1800|30
1801|21
1802|29
1803|31
1804|18
1805|4
1806|46
1807|47
1808|6
1809|8
1810|43
1811|31
1812|36
1813|46
1814|47
1815|14
1816|17
1817|41
1818|7
1819|19
1820|12
1821|18
1822|13
1823|13
1824|41
1825|10
1826|13
1827|29
1828|35
1829|2
1830|12
1831|47
1832|13
1833|44
1834|42
1835|16
1836|41
1837|14
1838|30
1839|13
1840|43
1841|26
1842|25
1843|42
1844|38
1845|47
1846|34
1847|31
1848|26
1849|49
1850|45
1851|21
1852|42
1853|30
1854|16
1855|14
1856|2
1857|0
1858|37
1859|38
1860|25
1861|17
1862|5
1863|48
1864|0
1865|29
1866|19
1867|13
1868|19
1869|13
1870|47
1871|39
1872|11
1873|30
1874|2
1875|48
1876|18
1877|39
1878|26
1879|26
1880|43
1881|31
1882|48
1883|17
1884|30
1885|36
1886|36
1887|41
1888|43
1889|1
1890|34
1891|38
1892|30
1893|23
1894|22
1895|15
1896|18
1897|7
1898|22
1899|45
1900|33
1901|8
1902|1
1903|3
1904|35
1905|8
1906|12
1907|20
1908|17
1909|14
1910|48
1911|36
1912|9
1913|39
1914|1
1915|14
1916|31
1917|20
1918|14
1919|29
1920|38
1921|8
1922|10
1923|36
1924|0
1925|49
1926|0
1927|40
1928|42
1929|33
1930|10
1931|30
1932|13
1933|7
1934|23
1935|20
1936|18
1937|30
1938|42
1939|26
1940|21
1941|34
1942|0
1943|24
1944|40
1945|11
1946|12
1947|17
1948|29
1949|16
1950|27
1951|20
1952|8
1953|39
1954|35
1955|7
1956|39
1957|15
1958|34
1959|33
1960|48
1961|42
1962|30
1963|16
1964|1
1965|47
1966|5
1967|36
1968|24
1969|47
1970|49
1971|8
1972|47
1973|5
1974|15
1975|7
1976|28
1977|32
1978|47
1979|4
1980|44
1981|4
1982|6
1983|44
1984|29
1985|42
1986|5
1987|40
1988|18
1989|15
1990|7
1991|28
1992|35
1993|20
1994|0
1995|21
1996|10
1997|13
1998|48
1999|30
2000|15
2001|14
2002|29
2003|39
2004|32
2005|23
2006|23
2007|17
2008|26
2009|8
2010|46
2011|4
2012|32
2013|25
2014|22
2015|30
2016|12
2017|15
2018|14
2019|30
2020|18
2021|32
2022|5
2023|38
2024|37
2025|0
2026|25
2027|23
2028|11
2029|45
2030|3
2031|0
2032|0
2033|40
2034|39
2035|27
2036|38
2037|36
2038|9
2039|47
2040|42
2041|7
2042|24
2043|46
2044|15
2045|11
2046|26
2047|12
2048|7
2049|28
2050|38
2051|36
2052|29
2053|44
2054|34
2055|13
2056|30
2057|17
2058|28
2059|13
2060|26
2061|15
2062|9
2063|25
2064|39
2065|29
2066|7
2067|9
2068|13
2069|14
2070|42
2071|33
2072|48
2073|36
2074|7
2075|43
2076|9
2077|0
2078|5
2079|3
2080|34
2081|30
2082|36
2083|34
2084|46
2085|40
2086|11
2087|31
2088|11
2089|7
2090|19
2091|23
2092|39
2093|25
2094|33
2095|2
2096|46
2097|19
2098|19
2099|42
2100|12
2101|7
2102|47
2103|1
2104|31
2105|5
2106|0
2107|42
2108|3
2109|25
2110|2
2111|40
2112|6
2113|9
2114|17
2115|31
2116|10
2117|46
2118|14
2119|40
2120|2
2121|8
2122|43
2123|46
2124|43
2125|5
2126|10
2127|5
2128|17
2129|42
2130|35
2131|20
2132|24
2133|3
2134|45
2135|25
2136|48
2137|24
2138|45
2139|41
2140|2
2141|27
2142|39
2143|41
2144|7
2145|18
2146|17
2147|16
2148|47
2149|42
2150|21
2151|48
2152|14
2153|40
2154|8
2155|31
2156|45
2157|17
2158|18
2159|24
2160|36
2161|12
2162|15
2163|8
2164|21
2165|13
2166|25
2167|34
2168|47
2169|33
2170|41
2171|47
2172|34
2173|25
2174|1
2175|10
2176|6
2177|17
2178|37
2179|3
2180|49
2181|3
2182|37
2183|46
2184|25
2185|5
2186|16
2187|17
2188|35
2189|3
2190|29
2191|39
2192|17
2193|44
2194|4
2195|35
2196|45
2197|22
2198|0
2199|40
2200|40
2201|13
2202|20
2203|30
2204|41
2205|4
2206|44
2207|34
2208|14
2209|32
2210|11
2211|26
2212|17
2213|40
2214|14
2215|46
2216|29
2217|10
2218|35
2219|9
2220|46
2221|47
2222|25
2223|46
2224|30
2225|39
2226|2
2227|18
2228|33
2229|10
2230|41
2231|0
2232|6
2233|40
2234|44
2235|30
2236|16
2237|20
2238|6
2239|13
2240|45
2241|25
2242|14
2243|32
2244|30
2245|35
2246|17
2247|38
2248|11
2249|6
2250|27
2251|31
2252|17
2253|41
2254|42
2255|30
2256|49
2257|7
2258|8
2259|34
2260|22
2261|34
2262|33
2263|7
2264|36
2265|8
2266|41
2267|11
2268|10
2269|25
2270|14
2271|25
2272|3
2273|42
2274|10
2275|11
2276|28
2277|49
2278|31
2279|10
2280|8
2281|7
2282|44
2283|22
2284|20
2285|47
2286|45
2287|15
2288|42
2289|26
2290|41
2291|26
2292|35
2293|44
2294|33
2295|34
2296|20
2297|4
2298|21
2299|1
2300|6
2301|46
2302|36
2303|44
2304|36
2305|46
2306|46
2307|22
2308|33
2309|21
2310|11
2311|10
2312|38
2313|18
2314|14
2315|9
2316|34
2317|5
2318|7
2319|19
2320|39
2321|0
2322|31
2323|11
2324|16
2325|47
2326|28
2327|26
2328|6
2329|46
2330|16
2331|3
2332|24
2333|45
2334|14
2335|30
2336|5
2337|6
2338|14
2339|40
2340|22
2341|35
2342|16
2343|2
2344|43
2345|4
2346|23
2347|17
2348|15
2349|37
2350|41
2351|7
2352|24
2353|31
2354|11
2355|17
2356|31
2357|6
2358|0
2359|5
2360|14
2361|26
2362|24
2363|35
2364|8
2365|44
2366|17
2367|17
2368|35
2369|14
2370|36
2371|48
2372|46
2373|30
2374|1
2375|49
2376|26
2377|0
2378|35
2379|29
2380|37
2381|34
2382|19
2383|9
2384|16
2385|34
2386|48
2387|33
2388|21
2389|42
2390|44
2391|30
2392|27
2393|25
2394|17
2395|22
2396|19
2397|41
2398|16
2399|35
2400|22
2401|38
2402|48
2403|26
2404|42
2405|33
2406|40
2407|37
2408|5
2409|34
2410|24
2411|1
2412|16
2413|14
2414|48
2415|18
2416|41
2417|5
2418|32
2419|10
2420|27
2421|27
2422|0
2423|27
2424|28
2425|1
2426|41
2427|35
2428|6
2429|27
2430|2
2431|25
2432|8
2433|40
2434|20
2435|13
2436|46
2437|27
2438|45
2439|30
2440|41
2441|20
2442|32
2443|46
2444|4
2445|49
2446|4
2447|7
2448|7
2449|0
2450|27
2451|12
2452|0
2453|11
2454|31
2455|0
2456|15
2457|44
2458|46
2459|46
2460|25
2461|11
2462|34
2463|43
2464|37
2465|48
2466|12
2467|7
2468|6
2469|39
2470|20
2471|28
2472|44
2473|22
2474|43
2475|33
2476|27
2477|40
2478|38
2479|38
2480|41
2481|10
2482|11
2483|48
2484|6
2485|6
2486|1
2487|30
2488|8
2489|27
2490|0
2491|40
2492|46
2493|24
2494|25
2495|39
2496|16
2497|47
2498|22
2499|24
2500|31
2501|27
2502|27
2503|33
2504|42
2505|3
2506|25
2507|23
2508|28
2509|22
2510|8
2511|23
2512|42
2513|35
2514|16
2515|46
2516|7
2517|5
2518|23
2519|5
2520|1
2521|18
2522|40
2523|25
2524|2
2525|2
2526|24
2527|46
2528|10
2529|44
2530|24
2531|6
2532|2
2533|35
2534|19
2535|24
2536|8
2537|25
2538|6
2539|45
2540|20
2541|10
2542|47
2543|33
2544|12
2545|19
2546|35
2547|26
2548|30
2549|42
2550|3
2551|22
2552|41
2553|9
2554|42
2555|45
2556|32
2557|34
2558|11
2559|43
2560|43
2561|31
2562|46
2563|8
2564|19
2565|24
2566|37
2567|25
2568|15
2569|30
2570|1
2571|9
2572|25
2573|32
2574|28
2575|24
2576|31
2577|39
2578|15
2579|8
2580|14
2581|3
2582|37
2583|40
2584|43
2585|37
2586|47
2587|25
2588|7
2589|39
2590|1
2591|4
2592|21
2593|35
2594|36
2595|42
2596|49
2597|3
2598|34
2599|22
2600|9
2601|45
2602|26
2603|48
2604|41
2605|36
2606|26
2607|37
2608|5
2609|23
2610|12
2611|14
2612|3
2613|23
2614|14
2615|3
2616|11
2617|38
2618|45
2619|38
2620|47
2621|33
2622|28
2623|0
2624|27
2625|15
2626|14
2627|24
2628|19
2629|17
2630|2
2631|9
2632|32
2633|8
2634|24
2635|3
2636|41
2637|8
2638|48
2639|23
2640|45
2641|13
2642|39
2643|11
2644|9
2645|32
2646|30
2647|41
2648|23
2649|40
2650|15
2651|44
2652|48
2653|29
2654|9
2655|25
2656|38
2657|28
2658|17
2659|47
2660|10
2661|37
2662|32
2663|48
2664|29
2665|1
2666|16
2667|29
2668|36
2669|11
2670|33
2671|7
2672|34
2673|36
2674|21
2675|47
2676|31
2677|40
2678|3
2679|15
2680|20
2681|22
2682|25
2683|4
2684|17
2685|16
2686|45
2687|20
2688|48
2689|12
2690|35
2691|10
2692|49
2693|15
2694|28
2695|14
2696|26
2697|33
2698|14
2699|9
2700|39
2701|7
2702|20
2703|6
2704|16
2705|8
2706|10
2707|27
2708|34
2709|15
2710|33
2711|43
2712|25
2713|26
2714|41
2715|5
2716|29
2717|10
2718|18
2719|27
2720|31
2721|39
2722|31
2723|17
2724|33
2725|28
2726|1
2727|33
2728|44
2729|8
2730|19
2731|33
2732|28
2733|33
2734|8
2735|48
2736|25
2737|27
2738|35
2739|34
2740|24
2741|4
2742|36
2743|45
2744|10
2745|44
2746|41
2747|32
2748|3
2749|24
2750|7
2751|47
2752|45
2753|27
2754|7
2755|6
2756|29
2757|0
2758|13
2759|21
2760|23
2761|48
2762|26
2763|24
2764|25
2765|43
2766|18
2767|36
2768|40
2769|28
2770|6
2771|31
2772|20
2773|6
2774|21
2775|33
2776|27
2777|40
2778|34
2779|36
2780|33
2781|27
2782|12
2783|5
2784|29
2785|15
2786|0
2787|3
2788|36
2789|2
2790|15
2791|16
2792|27
2793|20
2794|1
2795|40
2796|13
2797|4
2798|49
2799|32
2800|28
2801|19
2802|40
2803|21
2804|33
2805|22
2806|20
2807|29
2808|12
2809|4
2810|7
2811|44
2812|47
2813|3
2814|47
2815|1
2816|16
2817|5
2818|26
2819|29
2820|26
2821|41
2822|19
2823|46
2824|29
2825|28
2826|42
2827|19
2828|15
2829|23
2830|34
2831|16
2832|7
2833|6
2834|19
2835|34
2836|1
2837|20
2838|31
2839|21
2840|40
2841|49
2842|42
2843|30
2844|23
2845|15
2846|17
2847|1
2848|46
2849|33
2850|9
2851|33
2852|13
2853|21
2854|17
2855|6
2856|25
2857|46
2858|45
2859|11
2860|23
2861|6
2862|2
2863|8
2864|1
2865|32
2866|46
2867|17
2868|6
2869|9
2870|9
2871|34
2872|46
2873|24
2874|37
2875|23
2876|32
2877|16
2878|7
2879|46
2880|19
2881|18
2882|49
2883|27
2884|21
2885|36
2886|0
2887|22
2888|48
2889|8
2890|44
2891|42
2892|38
2893|12
2894|22
2895|4
2896|22
2897|43
2898|25
2899|5
2900|15
2901|0
2902|13
2903|14
2904|20
2905|29
2906|37
2907|16
2908|25
2909|2
2910|16
2911|48
2912|12
2913|30
2914|35
2915|27
2916|11
2917|2
2918|1
2919|4
2920|47
2921|19
2922|29
2923|49
2924|44
2925|36
2926|18
2927|41
2928|41
2929|3
2930|22
2931|41
2932|19
2933|23
2934|16
2935|4
2936|38
2937|48
2938|21
2939|22
2940|17
2941|24
2942|23
2943|4
2944|4
2945|17
2946|38
2947|33
2948|36
2949|9
2950|3
2951|10
2952|47
2953|48
2954|24
2955|36
2956|15
2957|43
2958|9
2959|19
2960|19
2961|48
2962|37
2963|38
2964|44
2965|9
2966|8
2967|35
2968|43
2969|37
2970|9
2971|32
2972|47
2973|1
2974|41
2975|25
2976|33
2977|44
2978|44
2979|42
2980|11
2981|4
2982|21
2983|36
2984|25
2985|22
2986|44
2987|24
2988|47
2989|15
2990|18
2991|42
2992|48
2993|13
2994|26
2995|25
2996|9
2997|3
2998|6
2999|42
3000|2
