0|13
1|43
2|10
3|28
4|40
5|18
6|37
7|11
8|7
9|12
10|7
11|48
12|25
13|16
14|31
15|36
16|8
17|48
18|8
19|1
20|49
21|21
22|1
23|38
24|17
25|43
26|27
27|11
28|3
29|31
30|7
31|39
32|3
33|25
34|16
35|18
36|20
37|27
38|7
39|23
40|20
41|24
42|15
43|12
44|20
45|46
46|47
47|44
48|0
49|24
50|43
51|2
52|38
53|29
54|28
55|19
56|42
57|35
58|4
59|21
60|26
61|14
62|42
63|2
64|21
65|24
66|38
67|21
68|15
69|2
70|18
71|25
72|49
73|11
74|38
75|28
76|34
77|30
78|38
79|12
80|17
81|12
82|5
83|14
84|5
85|6
86|18
87|21
88|45
89|44
90|6
91|43
92|47
93|48
94|16
95|11
96|4
97|13
98|40
99|24
100|25
101|27
102|8
103|26
104|19
105|12
106|40
107|40
108|37
109|1
110|15
111|23
112|33
113|12
114|43
115|31
116|38
117|5
118|1
119|14
120|43
121|47
122|41
123|9
124|2
125|41
126|30
127|39
128|21
129|49
130|2
131|21
132|32
133|49
134|25
135|1
136|28
137|49
138|5
139|14
140|27
141|26
142|41
143|38
144|33
145|8
146|19
147|31
148|42
149|27
150|46
151|23
152|27
153|26
154|26
155|2
156|29
157|40
158|8
159|22
160|21
161|31
162|27
163|41
164|4
165|29
166|43
167|40
168|23
169|32
170|22
171|15
172|16
173|21
174|44
175|18
176|41
177|28
178|13
179|43
180|35
181|28
182|20
183|31
184|4
185|45
186|49
187|30
188|44
189|22
190|9
191|15
192|37
193|34
194|8
195|10
196|49
197|16
198|5
199|21
200|0
201|19
202|16
203|25
204|20
205|33
206|24
207|41
208|6
209|41
210|8
211|25
212|47
213|17
214|19
215|8
216|4
217|33
218|46
219|1
220|37
221|22
222|12
223|12
224|14
225|12
226|25
227|26
228|19
229|23
230|14
231|28
232|22
233|16
234|49
235|28
236|49
237|39
238|38
239|4
240|32
241|41
242|28
243|15
244|38
245|15
246|18
247|35
248|43
249|31
250|6
251|1
252|34
253|13
254|31
255|2
256|3
257|28
258|20
259|9
260|41
261|28
262|30
263|46
264|39
265|42
266|11
267|17
268|3
269|18
270|17
271|24
272|32
273|47
274|31
275|25
276|9
277|5
278|25
279|1
280|2
281|1
282|38
283|27
284|11
285|7
286|25
287|17
288|27
289|34
290|2
291|19
292|15
293|16
294|13
295|49
296|39
297|35
298|28
299|0
300|15
301|25
302|27
303|43
304|15
305|10
306|36
307|8
308|36
309|20
310|15
311|38
312|14
313|6
314|0
315|30
316|39
317|47
318|22
319|37
320|46
321|2
322|10
323|5
324|48
325|46
326|25
327|25
328|7
329|5
330|35
331|7
332|42
333|47
334|6
335|44
336|2
337|35
338|44
339|14
340|2
341|49
342|21
343|37
344|12
345|38
346|18
347|21
348|22
349|48
350|25
351|46
352|25
353|41
354|28
355|12
356|29
357|21
358|36
359|31
360|42
361|6
362|25
363|45
364|32
365|18
366|39
367|4
368|20
369|34
370|27
371|31
372|48
373|18
374|39
375|49
376|42
377|34
378|3
379|18
380|31
381|5
382|11
383|13
384|26
385|11
386|40
387|18
388|10
389|20
390|32
391|2
392|47
393|38
394|44
395|22
396|44
397|3
398|21
399|48
400|28
401|24
402|33
403|8
404|6
405|46
406|13
407|4
408|25
409|32
410|1
411|8
412|10
413|1
414|6
415|49
416|6
417|37
418|46
419|37
420|22
421|48
422|24
423|21
424|7
425|14
426|12
427|48
428|32
429|41
430|36
431|30
432|25
433|45
434|1
435|13
436|27
437|24
438|12
439|1
440|5
441|45
442|47
443|36
444|40
445|18
446|8
447|47
448|3
449|6
450|27
451|1
452|44
453|23
454|10
455|5
456|16
457|20
458|14
459|16
460|19
461|23
462|11
463|30
464|34
465|20
466|45
467|23
468|42
469|49
470|1
471|31
472|32
473|12
474|7
475|48
476|33
477|49
478|22
479|13
480|8
481|27
482|6
483|6
484|16
485|16
486|49
487|2
488|2
489|34
490|43
491|8
492|29
493|12
494|5
495|15
496|12
497|28
498|30
499|44
500|31
501|16
502|1
503|10
504|13
505|5
506|27
507|2
508|12
509|17
510|15
511|5
512|0
513|15
514|7
515|29
516|42
517|40
518|28
519|41
520|12
521|38
522|5
523|32
524|25
525|0
526|20
527|33
528|5
529|1
530|40
531|28
532|20
533|49
534|36
535|11
536|42
537|36
538|44
539|3
540|38
541|1
542|45
543|20
544|42
545|34
546|22
547|24
548|0
549|22
550|33
551|15
552|21
553|34
554|22
555|37
556|25
557|22
558|22
559|4
560|10
561|46
562|39
563|11
564|3
565|25
566|28
567|39
568|9
569|0
570|39
571|28
572|21
573|12
574|25
575|18
576|46
577|29
578|27
579|30
580|32
581|13
582|37
583|46
584|26
585|13
586|0
587|47
588|13
589|37
590|30
591|42
592|41
593|46
594|48
595|41
596|12
597|11
598|28
599|6
600|3
601|19
602|36
603|8
604|29
605|24
606|32
607|7
608|24
609|12
610|35
611|5
612|46
613|23
614|13
615|48
616|45
617|25
618|46
619|32
620|1
621|32
622|31
623|47
624|13
625|25
626|38
627|29
628|12
629|28
630|43
631|19
632|3
633|46
634|29
635|24
636|14
637|8
638|16
639|13
640|18
641|21
642|23
643|39
644|0
645|15
646|41
647|8
648|7
649|42
650|1
651|6
652|43
653|26
654|5
655|5
656|46
657|37
658|41
659|10
660|14
661|41
662|41
663|45
664|44
665|43
666|29
667|15
668|12
669|25
670|7
671|48
672|38
673|46
674|35
675|15
676|37
677|42
678|23
679|28
680|4
681|34
682|13
683|48
684|47
685|17
686|15
687|22
688|19
689|7
690|3
691|48
692|10
693|14
694|14
695|49
696|29
697|18
698|32
699|16
700|45
701|22
702|24
703|42
704|41
705|45
706|2
707|16
708|20
709|23
710|42
711|38
712|25
713|37
714|38
715|48
716|49
717|22
718|32
719|48
720|44
721|42
722|25
723|19
724|45
725|42
726|20
727|7
728|26
729|21
730|49
731|35
732|47
733|14
734|10
735|1
736|42
737|39
738|6
739|47
740|3
741|7
742|43
743|44
744|6
745|31
746|29
747|42
748|29
749|45
750|4
751|13
752|18
753|20
754|3
755|41
756|10
757|6
758|21
759|44
760|41
761|11
762|10
763|28
764|44
765|9
766|49
767|21
768|26
769|28
770|37
771|17
772|7
773|9
774|40
775|27
776|14
777|0
778|41
779|11
780|33
781|6
782|7
783|29
784|1
785|24
786|32
787|12
788|33
789|5
790|7
791|49
792|47
793|29
794|33
795|6
796|8
797|48
798|44
799|0
800|0
801|28
802|20
803|3
804|32
805|43
806|5
807|14
808|34
809|23
810|41
811|23
812|43
813|41
814|30
815|10
816|46
817|46
818|22
819|15
820|1
821|48
822|19
823|0
824|32
825|39
826|19
827|33
828|24
829|22
830|18
831|14
832|39
833|13
834|21
835|38
836|23
837|38
838|41
839|44
840|13
841|34
842|24
843|32
844|8
845|28
846|28
847|18
848|22
849|35
850|31
851|20
852|0
853|35
854|3
855|46
856|32
857|37
858|8
859|18
860|13
861|28
862|49
863|35
864|21
865|3
866|11
867|3
868|28
869|39
870|17
871|23
872|40
873|15
874|29
875|25
876|14
877|44
878|49
879|13
880|6
881|17
882|10
883|8
884|6
885|3
886|16
887|22
888|22
889|9
890|7
891|45
892|27
893|1
894|9
895|25
896|5
897|49
898|40
899|13
900|0
901|40
902|47
903|6
904|32
905|47
906|28
907|30
908|12
909|41
910|1
911|35
912|27
913|47
914|5
915|45
916|4
917|37
918|7
919|18
920|12
921|21
922|43
923|46
924|11
925|20
926|41
927|19
928|9
929|1
930|40
931|11
932|47
933|4
934|42
935|26
936|20
937|20
938|1
939|23
940|8
941|46
942|33
943|0
944|0
945|8
946|27
947|19
948|32
949|20
950|6
951|11
952|3
953|4
954|22
955|6
956|13
957|2
958|44
959|18
960|16
961|29
962|1
963|32
964|25
965|29
966|35
967|6
968|25
969|36
970|35
971|31
972|31
973|40
974|42
975|5
976|40
977|24
978|33
979|28
980|17
981|43
982|42
983|28
984|22
985|22
986|18
987|11
988|33
989|15
990|44
991|42
992|34
993|45
994|37
995|45
996|30
997|25
998|46
999|6
1000|44
1001|3
1002|17
1003|40
1004|25
1005|15
1006|9
1007|15
1008|15
1009|11
1010|21
1011|46
1012|41
1013|49
1014|12
1015|23
1016|38
1017|35
1018|29
1019|47
1020|14
1021|28
1022|29
1023|30
1024|46
1025|3
1026|41
1027|15
1028|34
1029|3
1030|11
1031|8
1032|21
1033|9
1034|40
1035|24
1036|31
1037|40
1038|26
1039|12
1040|44
1041|22
1042|39
1043|12
1044|36
1045|30
1046|26
1047|37
1048|23
1049|33
1050|42
1051|26
1052|10
1053|38
1054|4
1055|12
1056|1
1057|10
1058|8
1059|28
1060|11
1061|28
1062|5
1063|46
1064|37
1065|12
1066|13
1067|37
1068|28
1069|31
1070|17
1071|5
1072|33
1073|3
1074|47
1075|29
1076|26
1077|33
1078|10
1079|29
1080|41
1081|42
1082|36
1083|4
1084|16
1085|21
1086|26
1087|13
1088|42
1089|22
1090|9
1091|4
1092|21
1093|30
1094|29
1095|6
1096|22
1097|8
1098|29
1099|6
1100|16
1101|10
1102|11
1103|34
1104|31
1105|1
1106|6
1107|17
1108|27
1109|37
1110|35
1111|36
1112|25
1113|29
1114|37
1115|42
1116|0
1117|26
1118|7
1119|34
1120|44
1121|44
1122|44
1123|8
1124|30
1125|25
1126|31
1127|27
1128|41
1129|36
1130|38
1131|33
1132|9
1133|13
1134|43
1135|40
1136|5
1137|39
1138|19
1139|18
1140|12
1141|11
1142|44
1143|46
1144|48
1145|24
1146|47
1147|7
1148|28
1149|24
1150|30
1151|26
1152|20
1153|7
1154|16
1155|10
1156|20
1157|35
1158|12
1159|38
1160|16
1161|44
1162|28
1163|30
1164|27
1165|28
1166|4
1167|26
1168|33
1169|38
1170|42
1171|34
1172|25
1173|38
1174|25
1175|10
1176|19
1177|23
1178|48
1179|15
1180|16
1181|14
1182|8
1183|31
1184|35
1185|8
1186|45
1187|41
1188|15
1189|1
1190|47
1191|17
1192|36
1193|34
1194|12
1195|38
1196|46
1197|32
1198|48
1199|13
1200|20
1201|3
1202|1
1203|41
1204|7
1205|18
1206|12
1207|21
1208|25
1209|20
1210|13
1211|8
1212|36
1213|41
1214|43
1215|6
1216|16
1217|43
1218|41
1219|33
1220|28
1221|8
1222|44
1223|15
1224|45
1225|46
1226|17
1227|9
1228|28
1229|21
1230|13
1231|26
1232|8
1233|14
1234|24
1235|38
1236|42
1237|42
1238|38
1239|15
1240|42
1241|37
1242|47
1243|22
1244|46
1245|42
1246|28
1247|38
1248|36
1249|19
1250|15
1251|36
1252|19
1253|24
1254|35
1255|36
1256|4
1257|2
1258|41
1259|36
1260|37
1261|26
1262|8
1263|43
1264|5
1265|22
1266|38
1267|41
1268|28
1269|25
1270|22
1271|45
1272|8
1273|49
1274|42
1275|7
1276|15
1277|30
1278|45
1279|27
1280|13
1281|30
1282|46
1283|36
1284|1
1285|1
1286|27
1287|21
1288|3
1289|31
1290|48
1291|37
1292|28
1293|20
1294|44
1295|16
1296|44
1297|9
1298|34
1299|47
1300|0
1301|44
1302|49
1303|46
1304|18
1305|24
1306|8
1307|16
1308|47
1309|5
1310|12
1311|8
1312|34
1313|13
1314|6
1315|17
1316|24
1317|20
1318|1
1319|27
1320|37
1321|25
1322|39
1323|42
1324|48
1325|28
1326|39
1327|6
1328|30
1329|43
1330|24
1331|30
1332|20
1333|8
1334|43
1335|2
1336|43
1337|32
1338|48
1339|3
1340|31
1341|38
1342|37
1343|46
1344|29
1345|11
1346|21
1347|34
1348|25
1349|29
1350|33
1351|13
1352|15
1353|18
1354|24
1355|29
1356|43
1357|7
1358|21
1359|44
1360|8
1361|6
1362|38
1363|0
1364|11
1365|44
1366|32
1367|2
1368|8
1369|13
1370|47
1371|0
1372|39
1373|42
1374|46
1375|22
1376|33
1377|18
1378|40
1379|46
1380|6
1381|1
1382|40
1383|2
1384|28
1385|36
1386|29
1387|20
1388|10
1389|1
1390|5
1391|47
1392|23
1393|16
1394|7
1395|44
1396|12
1397|12
1398|41
1399|13
1400|47
1401|5
1402|31
1403|44
1404|49
1405|14
1406|31
1407|44
1408|0
1409|33
1410|7
1411|45
1412|26
1413|39
1414|49
1415|42
1416|9
1417|27
1418|3
1419|20
1420|48
1421|47
1422|14
1423|20
1424|36
1425|14
1426|38
1427|8
1428|31
1429|31
1430|47
1431|35
1432|35
1433|4
1434|26
1435|23
1436|34
1437|17
1438|35
1439|32
1440|49
1441|43
1442|25
1443|39
1444|18
1445|13
1446|16
1447|37
1448|45
1449|22
1450|31
1451|13
1452|31
1453|8
1454|16
1455|3
1456|4
1457|4
1458|23
1459|16
1460|17
1461|2
1462|4
1463|15
1464|21
1465|5
1466|32
1467|49
1468|8
1469|25
1470|31
1471|45
1472|2
1473|14
1474|32
1475|8
1476|14
1477|30
1478|47
1479|34
1480|39
1481|17
1482|5
1483|16
1484|4
1485|21
1486|26
1487|11
1488|8
1489|4
1490|28
1491|4
1492|23
1493|20
1494|27
1495|16
1496|34
1497|44
1498|4
1499|23
1500|40
