0|21
1|10
2|7
3|0
4|33
5|20
6|16
7|20
8|8
9|37
10|44
11|47
12|18
13|36
14|6
15|41
16|42
17|20
18|2
19|1
20|46
21|49
22|11
23|19
24|17
25|5
26|17
27|30
28|24
29|25
30|48
31|46
32|32
33|47
34|12
35|18
36|25
37|14
38|26
39|16
40|18
41|32
42|45
43|37
44|23
45|22
46|31
47|28
48|21
49|38
50|33
51|7
52|45
53|49
54|7
55|26
56|16
57|9
58|22
59|4
60|6
61|1
62|34
63|38
64|39
65|29
66|15
67|19
68|34
69|8
70|29
71|18
72|47
73|11
74|27
75|42
76|19
77|17
78|44
79|8
80|4
81|31
82|15
83|18
84|44
85|8
86|21
87|3
88|12
89|1
90|9
91|44
92|8
93|45
94|16
95|20
96|22
97|13
98|38
99|26
100|19
101|45
102|18
103|26
104|39
105|47
106|9
107|29
108|20
109|7
110|28
111|41
112|26
113|28
114|28
115|11
116|26
117|6
118|19
119|31
120|5
121|6
122|13
123|29
124|41
125|45
126|4
127|6
128|20
129|24
130|14
131|26
132|19
133|10
134|32
135|8
136|7
137|14
138|23
139|33
140|34
141|24
142|49
143|39
144|31
145|47
146|13
147|45
148|43
149|37
150|28
151|8
152|28
153|42
154|45
155|46
156|7
157|12
158|6
159|8
160|24
161|49
162|14
163|31
164|41
165|38
166|25
167|29
168|43
169|11
170|7
171|41
172|22
173|13
174|25
175|34
176|44
177|29
178|13
179|0
180|26
181|49
182|12
183|10
184|37
185|26
186|4
187|6
188|49
189|14
190|12
191|7
192|18
193|21
194|42
195|45
196|36
197|21
198|5
199|47
200|8
201|15
202|17
203|1
204|35
205|20
206|23
207|46
208|7
209|39
210|48
211|1
212|27
213|45
214|42
215|23
216|49
217|26
218|17
219|28
220|27
221|8
222|33
223|17
224|26
225|28
226|12
227|9
228|27
229|34
230|15
231|49
232|8
233|45
234|33
235|28
236|5
237|33
238|11
239|49
240|16
241|34
242|39
243|11
244|45
245|5
246|26
247|41
248|6
249|45
250|47
251|22
252|14
253|9
254|40
255|2
256|0
257|25
258|7
259|32
260|35
261|39
262|38
263|1
264|20
265|46
266|49
267|21
268|3
269|36
270|14
271|32
272|25
273|16
274|6
275|40
276|7
277|11
278|16
279|33
280|35
281|15
282|36
283|25
284|48
285|14
286|5
287|21
288|48
289|7
290|4
291|11
292|11
293|10
294|32
295|45
296|24
297|36
298|46
299|46
300|49
301|9
302|14
303|28
304|10
305|4
306|36
307|47
308|6
309|47
310|17
311|6
312|49
313|43
314|46
315|2
316|6
317|15
318|26
319|42
320|14
321|40
322|45
323|45
324|1
325|35
326|9
327|48
328|44
329|34
330|39
331|26
332|24
333|3
334|15
335|18
336|25
337|14
338|8
339|1
340|48
341|49
342|42
343|14
344|34
345|20
346|49
347|45
348|7
349|3
350|33
351|40
352|4
353|22
354|22
355|20
356|30
357|48
358|27
359|4
360|30
361|15
362|38
363|30
364|29
365|48
366|22
367|6
368|34
369|36
370|36
371|21
372|27
373|32
374|1
375|1
376|28
377|22
378|20
379|27
380|12
381|26
382|9
383|37
384|0
385|10
386|44
387|41
388|14
389|38
390|25
391|45
392|38
393|46
394|1
395|42
396|17
397|42
398|38
399|28
400|35
401|26
402|36
403|47
404|38
405|24
406|42
407|35
408|27
409|24
410|14
411|19
412|4
413|38
414|47
415|3
416|26
417|14
418|40
419|7
420|36
421|25
422|48
423|37
424|30
425|14
426|16
427|34
428|18
429|33
430|3
431|46
432|10
433|4
434|1
435|20
436|22
437|7
438|42
439|36
440|7
441|9
442|48
443|9
444|38
445|35
446|21
447|39
448|13
449|1
450|25
451|10
452|14
453|19
454|26
455|5
456|10
457|39
458|29
459|21
460|11
461|11
462|35
463|28
464|22
465|43
466|30
467|3
468|49
469|37
470|21
471|33
472|8
473|42
474|33
475|18
476|47
477|48
478|36
479|9
480|46
481|48
482|13
483|28
484|15
485|6
486|11
487|35
488|18
489|4
490|36
491|27
492|29
493|11
494|37
495|49
496|10
497|31
498|11
499|16
500|41
501|18
502|22
503|29
504|22
505|40
506|47
507|41
508|30
509|23
510|16
511|31
512|23
513|22
514|38
515|4
516|27
517|11
518|42
519|43
520|20
521|33
522|42
523|22
524|31
525|21
526|3
527|3
528|22
529|1
530|23
531|4
532|27
533|29
534|31
535|35
536|7
537|3
538|8
539|18
540|38
541|1
542|37
543|47
544|43
545|4
546|25
547|6
548|24
549|20
550|17
551|46
552|12
553|6
554|14
555|20
556|15
557|41
558|15
559|16
560|17
561|20
562|35
563|15
564|34
565|44
566|18
567|19
568|23
569|36
570|42
571|42
572|1
573|32
574|24
575|49
576|7
577|40
578|17
579|44
580|15
581|10
582|34
583|22
584|8
585|27
586|4
587|3
588|13
589|13
590|20
591|19
592|11
593|33
594|9
595|16
596|23
597|27
598|12
599|17
600|5
601|44
602|4
603|38
604|46
605|0
606|41
607|48
608|3
609|33
610|7
611|40
612|35
613|18
614|29
615|49
616|48
617|28
618|34
619|20
620|38
621|47
622|1
623|34
624|12
625|0
626|25
627|36
628|38
629|34
630|31
631|1
632|22
633|18
634|31
635|28
636|11
637|28
638|19
639|43
640|32
641|14
642|9
643|20
644|19
645|25
646|24
647|20
648|1
649|4
650|33
651|31
652|17
653|1
654|30
655|20
656|7
657|18
658|14
659|8
660|24
661|31
662|32
663|40
664|6
665|25
666|18
667|35
668|1
669|34
670|16
671|26
672|42
673|13
674|13
675|22
676|0
677|28
678|29
679|21
680|5
681|9
682|36
683|42
684|31
685|34
686|11
687|13
688|32
689|16
690|17
691|31
692|49
693|15
694|42
695|43
696|18
697|6
698|11
699|44
700|32
701|41
702|38
703|5
704|9
705|43
706|2
707|42
708|33
709|9
710|2
711|14
712|35
713|26
714|42
715|48
716|9
717|8
718|11
719|5
720|20
721|31
722|40
723|49
724|42
725|33
726|37
727|41
728|4
729|34
730|24
731|21
732|17
733|0
734|42
735|46
736|41
737|42
738|10
739|22
740|25
741|35
742|21
743|24
744|8
745|40
746|45
747|44
748|39
749|35
750|33
751|43
752|29
753|26
754|9
755|8
756|37
757|5
758|19
759|10
760|1
761|11
762|30
763|47
764|2
765|12
766|19
767|29
768|6
769|24
770|16
771|33
772|28
773|18
774|42
775|17
776|32
777|49
778|39
779|8
780|5
781|3
782|21
783|21
784|21
785|30
786|3
787|49
788|29
789|26
790|28
791|46
792|19
793|34
794|20
795|33
796|47
797|28
798|49
799|1
800|36
801|6
802|33
803|25
804|0
805|12
806|1
807|43
808|28
809|16
810|37
811|45
812|24
813|40
814|45
815|11
816|44
817|47
818|31
819|4
820|49
821|29
822|49
823|9
824|21
825|2
826|39
827|18
828|17
829|8
830|16
831|8
832|39
833|19
834|23
835|32
836|0
837|29
838|28
839|28
840|39
841|14
842|34
843|16
844|27
845|5
846|49
847|5
848|30
849|36
850|4
851|39
852|36
853|4
854|34
855|28
856|35
857|45
858|41
859|12
860|24
861|23
862|31
863|0
864|39
865|3
866|41
867|45
868|45
869|34
870|0
871|15
872|33
873|4
874|48
875|2
876|19
877|14
878|6
879|29
880|45
881|26
882|46
883|44
884|39
885|34
886|20
887|25
888|11
889|32
890|14
891|33
892|2
893|39
894|46
895|8
896|40
897|46
898|5
899|3
900|14
901|27
902|41
903|7
904|38
905|23
906|7
907|39
908|14
909|41
910|38
911|0
912|1
913|34
914|43
915|38
916|7
917|44
918|8
919|4
920|19
921|8
922|35
923|13
924|13
925|22
926|14
927|28
928|0
929|40
930|2
931|32
932|33
933|22
934|23
935|23
936|40
937|48
938|4
939|2
940|7
941|14
942|44
943|39
944|27
945|25
946|41
947|42
948|13
949|22
950|21
951|2
952|27
953|22
954|39
955|21
956|27
957|0
958|23
959|3
960|37
961|12
962|48
963|3
964|33
965|39
966|21
967|43
968|13
969|6
970|4
971|28
972|14
973|31
974|7
975|21
976|37
977|31
978|18
979|43
980|16
981|32
982|44
983|7
984|27
985|7
986|4
987|7
988|5
989|11
990|37
991|43
992|47
993|25
994|26
995|11
996|45
997|34
998|2
999|14
1000|37
1001|21
1002|14
1003|1
1004|5
1005|17
1006|36
1007|46
1008|24
1009|7
1010|16
1011|19
1012|13
1013|21
1014|0
1015|43
1016|47
1017|20
1018|40
1019|35
1020|17
1021|12
1022|45
1023|12
1024|45
1025|39
1026|33
1027|39
1028|36
1029|48
1030|24
1031|5
1032|24
1033|22
1034|20
1035|46
1036|15
1037|12
1038|0
1039|2
1040|48
1041|38
1042|8
1043|41
1044|23
1045|10
1046|23
1047|18
1048|3
1049|38
1050|48
1051|4
1052|3
1053|3
1054|48
1055|21
1056|29
1057|44
1058|29
1059|25
1060|16
1061|36
1062|35
1063|14
1064|32
1065|10
1066|18
1067|4
1068|18
1069|30
1070|4
1071|3
1072|37
1073|47
1074|42
1075|0
1076|1
1077|17
1078|3
1079|35
1080|40
1081|3
1082|7
1083|31
1084|32
1085|38
1086|2
1087|19
1088|14
1089|25
1090|43
1091|40
1092|15
1093|6
1094|1
1095|33
1096|5
1097|4
1098|21
1099|15
1100|10
1101|15
1102|36
1103|32
1104|46
1105|47
1106|1
1107|14
1108|3
1109|37
1110|13
1111|14
1112|8
1113|20
1114|33
1115|37
1116|47
1117|33
1118|11
1119|33
1120|31
1121|20
1122|29
1123|35
1124|34
1125|19
1126|5
1127|11
1128|38
1129|37
1130|10
1131|30
1132|44
1133|27
1134|28
1135|36
1136|19
1137|45
1138|26
1139|48
1140|18
1141|40
1142|42
1143|3
1144|40
1145|12
1146|3
1147|47
1148|3
1149|8
1150|26
1151|38
1152|2
1153|20
1154|32
1155|44
1156|30
1157|20
1158|40
1159|17
1160|17
1161|39
1162|9
1163|22
1164|13
1165|47
1166|23
1167|30
1168|23
1169|37
1170|7
1171|21
1172|12
1173|16
1174|4
1175|15
1176|46
1177|38
1178|14
1179|25
1180|10
1181|4
1182|27
1183|3
1184|36
1185|30
1186|38
1187|46
1188|48
1189|45
1190|30
1191|13
1192|39
1193|23
1194|10
1195|49
1196|2
1197|35
1198|16
1199|30
1200|23
1201|12
1202|40
1203|27
1204|30
1205|14
1206|11
1207|18
1208|32
1209|39
1210|46
1211|34
1212|41
1213|1
1214|30
1215|45
1216|46
1217|38
1218|15
1219|2
1220|19
1221|43
1222|25
1223|19
1224|12
1225|30
1226|15
1227|40
1228|34
1229|47
1230|45
1231|8
1232|25
1233|35
1234|46
1235|37
1236|2
1237|16
1238|19
1239|11
1240|13
1241|21
1242|23
1243|7
1244|12
1245|19
1246|16
1247|22
1248|24
1249|21
1250|3
1251|31
1252|33
1253|44
1254|30
1255|45
1256|19
1257|25
1258|16
1259|42
1260|20
1261|11
1262|2
1263|46
1264|21
1265|5
1266|14
1267|24
1268|29
1269|36
1270|39
1271|36
1272|11
1273|17
1274|10
1275|42
1276|39
1277|40
1278|38
1279|24
1280|10
1281|6
1282|12
1283|33
1284|32
1285|33
1286|34
1287|11
1288|22
1289|5
1290|31
1291|6
1292|27
1293|1
1294|3
1295|13
1296|3
1297|33
1298|0
1299|8
1300|10
1301|34
1302|24
1303|41
1304|1
1305|20
1306|22
1307|39
1308|37
1309|44
1310|10
1311|18
1312|6
1313|14
1314|38
1315|30
1316|37
1317|19
1318|35
1319|29
1320|37
1321|34
1322|39
1323|10
1324|33
1325|35
1326|25
1327|29
1328|23
1329|39
1330|49
1331|34
1332|44
1333|38
1334|16
1335|15
1336|38
1337|1
1338|21
1339|21
1340|14
1341|12
1342|46
1343|26
1344|32
1345|38
1346|1
1347|9
1348|25
1349|11
1350|37
1351|33
1352|38
1353|47
1354|37
1355|27
1356|49
1357|13
1358|5
1359|20
1360|9
1361|32
1362|24
1363|13
1364|36
1365|39
1366|19
1367|35
1368|26
1369|3
1370|14
1371|16
1372|16
1373|12
1374|13
1375|9
1376|38
1377|49
1378|13
1379|47
1380|21
1381|31
1382|34
1383|16
1384|34
1385|43
1386|39
1387|46
1388|43
1389|24
1390|1
1391|41
1392|13
1393|3
1394|19
1395|0
1396|17
1397|38
1398|32
1399|35
1400|25
1401|26
1402|40
1403|48
1404|42
1405|34
1406|23
1407|41
1408|42
1409|11
1410|42
1411|27
1412|9
1413|10
1414|21
1415|8
1416|27
1417|41
1418|13
1419|23
1420|16
1421|2
1422|7
1423|0
1424|31
1425|45
1426|14
1427|39
1428|24
1429|7
1430|20
1431|25
1432|3
1433|15
1434|19
1435|27
1436|31
1437|22
1438|26
1439|38
1440|44
1441|49
1442|17
1443|28
1444|24
1445|32
1446|3
1447|32
1448|42
1449|2
1450|43
1451|31
1452|44
1453|45
1454|48
1455|3
1456|11
1457|41
1458|18
1459|34
1460|44
1461|33
1462|25
1463|45
1464|16
1465|9
1466|31
1467|49
1468|6
1469|44
1470|48
1471|27
1472|42
1473|26
1474|12
1475|22
1476|16
1477|47
1478|2
1479|22
1480|41
1481|18
1482|29
1483|7
1484|48
1485|42
1486|21
1487|39
1488|2
1489|43
1490|4
1491|33
1492|8
1493|44
1494|27
1495|11
1496|42
1497|41
1498|9
1499|6
1500|8
