0|44
1|33
2|10
3|43
4|21
5|16
6|35
7|42
8|42
9|3
10|27
11|11
12|7
13|17
14|24
15|41
16|40
17|32
18|22
19|10
20|25
21|45
22|11
23|34
24|46
25|37
26|25
27|32
28|45
29|47
30|21
31|33
32|30
33|10
34|5
35|10
36|6
37|26
38|18
39|22
40|1
41|14
42|35
43|20
44|4
45|41
46|45
47|46
48|35
49|18
50|38
51|7
52|38
53|27
54|44
55|12
56|33
57|42
58|19
59|45
60|20
61|7
62|37
63|17
64|30
65|40
66|20
67|44
68|2
69|29
70|20
71|14
72|4
73|39
74|30
75|28
76|36
77|48
78|3
79|46
80|1
81|0
82|33
83|39
84|37
85|13
86|19
87|44
88|18
89|28
90|37
91|37
92|30
93|20
94|45
95|43
96|42
97|1
98|6
99|34
100|25
101|35
102|44
103|38
104|25
105|22
106|34
107|42
108|15
109|12
110|8
111|11
112|20
113|5
114|24
115|33
116|48
117|43
118|39
119|21
120|41
121|7
122|7
123|19
124|45
125|32
126|30
127|49
128|40
129|20
130|45
131|7
132|49
133|28
134|47
135|9
136|12
137|4
138|10
139|42
140|20
141|34
142|3
143|13
144|43
145|21
146|27
147|21
148|15
149|37
150|41
151|20
152|0
153|37
154|29
155|36
156|16
157|31
158|39
159|39
160|35
161|43
162|4
163|38
164|31
165|41
166|48
167|24
168|30
169|17
170|37
171|3
172|40
173|2
174|44
175|0
176|20
177|2
178|15
179|6
180|9
181|13
182|46
183|11
184|45
185|28
186|33
187|32
188|34
189|7
190|33
191|15
192|8
193|24
194|3
195|17
196|4
197|33
198|11
199|25
200|15
201|28
202|27
203|2
204|9
205|34
206|5
207|46
208|46
209|46
210|22
211|3
212|21
213|31
214|28
215|40
216|26
217|42
218|19
219|34
220|33
221|33
222|3
223|6
224|3
225|15
226|31
227|3
228|44
229|5
230|25
231|4
232|8
233|23
234|31
235|39
236|43
237|49
238|49
239|20
240|47
241|43
242|2
243|41
244|45
245|43
246|23
247|1
248|29
249|46
250|30
251|1
252|39
253|24
254|24
255|28
256|34
257|19
258|22
259|36
260|1
261|30
262|14
263|44
264|4
265|14
266|33
267|10
268|27
269|18
270|46
271|22
272|29
273|6
274|29
275|21
276|24
277|5
278|33
279|20
280|18
281|9
282|30
283|34
284|27
285|44
286|41
287|12
288|48
289|40
290|4
291|30
292|32
293|20
294|42
295|7
296|11
297|15
298|26
299|30
300|34
301|37
302|43
303|42
304|1
305|48
306|35
307|29
308|23
309|49
310|30
311|28
312|15
313|25
314|36
315|12
316|34
317|6
318|31
319|33
320|18
321|26
322|35
323|39
324|20
325|47
326|30
327|45
328|41
329|30
330|10
331|21
332|16
333|5
334|23
335|36
336|36
337|13
338|10
339|22
340|0
341|29
342|27
343|3
344|6
345|12
346|13
347|38
348|3
349|22
350|1
351|10
352|24
353|18
354|7
355|1
356|46
357|12
358|0
359|22
360|12
361|0
362|18
363|36
364|19
365|3
366|43
367|30
368|48
369|46
370|26
371|15
372|38
373|1
374|7
375|29
376|43
377|34
378|33
379|11
380|4
381|25
382|0
383|46
384|18
385|10
386|14
387|33
388|32
389|23
390|8
391|40
392|21
393|30
394|2
395|6
396|2
397|23
398|34
399|20
400|41
401|16
402|25
403|33
404|1
405|5
406|5
407|3
408|2
409|7
410|45
411|41
412|49
413|14
414|36
415|33
416|42
417|24
418|12
419|27
420|44
421|4
422|5
423|1
424|37
425|10
426|2
427|34
428|12
429|26
430|35
431|33
432|44
433|22
434|47
435|11
436|39
437|22
438|29
439|47
440|4
441|32
442|38
443|17
444|25
445|16
446|46
447|16
448|3
449|39
450|3
451|4
452|21
453|21
454|2
455|5
456|10
457|26
458|34
459|32
460|48
461|19
462|10
463|9
464|11
465|20
466|46
467|33
468|8
469|18
470|36
471|10
472|37
473|43
474|40
475|10
476|41
477|15
478|14
479|15
480|28
481|23
482|23
483|39
484|10
485|45
486|44
487|33
488|8
489|8
490|10
491|35
492|16
493|31
494|33
495|42
496|49
497|12
498|12
499|0
500|8
501|21
502|6
503|31
504|39
505|6
506|15
507|2
508|26
509|37
510|21
511|44
512|19
513|38
514|24
515|16
516|17
517|23
518|8
519|35
520|5
521|26
522|46
523|43
524|48
525|47
526|26
527|26
528|30
529|20
530|35
531|19
532|29
533|12
534|18
535|4
536|23
537|28
538|49
539|44
540|40
541|32
542|7
543|2
544|20
545|39
546|38
547|2
548|38
549|48
550|35
551|27
552|4
553|11
554|8
555|44
556|3
557|45
558|31
559|9
560|6
561|19
562|9
563|19
564|38
565|6
566|18
567|31
568|40
569|41
570|2
571|14
572|45
573|45
574|25
575|9
576|47
577|42
578|32
579|45
580|34
581|14
582|14
583|14
584|28
585|34
586|2
587|12
588|20
589|49
590|49
591|38
592|34
593|49
594|40
595|47
596|36
597|20
598|29
599|41
600|8
601|35
602|5
603|42
604|36
605|24
606|25
607|14
608|39
609|45
610|20
611|41
612|38
613|46
614|31
615|11
616|21
617|13
618|46
619|46
620|19
621|20
622|27
623|15
624|37
625|42
626|45
627|1
628|47
629|38
630|36
631|8
632|33
633|39
634|49
635|28
636|26
637|31
638|23
639|30
640|23
641|13
642|47
643|33
644|25
645|5
646|17
647|42
648|23
649|11
650|48
651|14
652|3
653|19
654|36
655|12
656|25
657|29
658|44
659|8
660|27
661|36
662|42
663|1
664|9
665|1
666|8
667|30
668|3
669|39
670|32
671|21
672|13
673|10
674|15
675|24
676|41
677|5
678|34
679|38
680|9
681|37
682|40
683|2
684|47
685|15
686|2
687|27
688|8
689|12
690|4
691|19
692|29
693|34
694|36
695|13
696|1
697|43
698|13
699|13
700|33
701|32
702|36
703|1
704|21
705|14
706|33
707|12
708|4
709|33
710|41
711|19
712|18
713|8
714|47
715|35
716|40
717|11
718|10
719|38
720|21
721|3
722|28
723|17
724|0
725|41
726|5
727|27
728|2
729|36
730|31
731|43
732|29
733|30
734|1
735|31
736|28
737|12
738|9
739|12
740|23
741|2
742|45
743|10
744|16
745|38
746|47
747|6
748|33
749|3
750|20
751|42
752|40
753|49
754|28
755|13
756|49
757|35
758|46
759|28
760|38
761|4
762|12
763|47
764|34
765|29
766|45
767|33
768|15
769|16
770|11
771|31
772|23
773|22
774|42
775|5
776|3
777|39
778|9
779|25
780|5
781|24
782|13
783|11
784|42
785|8
786|7
787|49
788|24
789|19
790|34
791|18
792|27
793|11
794|45
795|46
796|48
797|16
798|8
799|47
800|18
801|4
802|31
803|28
804|47
805|12
806|41
807|11
808|37
809|25
810|3
811|0
812|19
813|22
814|37
815|9
816|41
817|18
818|34
819|4
820|17
821|37
822|26
823|2
824|4
825|24
826|16
827|5
828|38
829|40
830|41
831|19
832|21
833|38
834|8
835|46
836|15
837|5
838|32
839|33
840|15
841|1
842|0
843|39
844|36
845|44
846|31
847|40
848|41
849|22
850|11
851|10
852|49
853|4
854|13
855|40
856|48
857|45
858|30
859|39
860|33
861|18
862|20
863|21
864|48
865|14
866|15
867|18
868|3
869|17
870|35
871|5
872|38
873|39
874|4
875|5
876|2
877|1
878|17
879|8
880|11
881|16
882|34
883|41
884|45
885|37
886|46
887|30
888|1
889|34
890|13
891|4
892|49
893|40
894|11
895|45
896|34
897|19
898|38
899|32
900|45
901|3
902|23
903|41
904|32
905|13
906|49
907|7
908|9
909|47
910|11
911|0
912|9
913|26
914|49
915|45
916|7
917|16
918|18
919|28
920|33
921|4
922|36
923|35
924|10
925|5
926|43
927|38
928|28
929|34
930|39
931|47
932|30
933|18
934|5
935|46
936|41
937|46
938|49
939|25
940|35
941|0
942|30
943|38
944|42
945|0
946|20
947|4
948|14
949|32
950|42
951|18
952|4
953|31
954|25
955|17
956|37
957|28
958|15
959|30
960|2
961|7
962|45
963|44
964|41
965|24
966|28
967|0
968|48
969|16
970|29
971|7
972|47
973|8
974|5
975|4
976|41
977|23
978|15
979|33
980|36
981|36
982|34
983|41
984|45
985|23
986|32
987|9
988|35
989|1
990|48
991|6
992|24
993|30
994|21
995|44
996|35
997|6
998|17
999|46
1000|4
1001|49
1002|46
1003|43
1004|20
1005|3
1006|25
1007|30
1008|35
1009|2
1010|8
1011|14
1012|47
1013|45
1014|27
1015|21
1016|49
1017|22
1018|7
1019|44
1020|8
1021|31
1022|48
1023|11
1024|41
1025|33
1026|41
1027|2
1028|9
1029|23
1030|9
1031|35
1032|33
1033|44
1034|48
1035|44
1036|3
1037|42
1038|23
1039|2
1040|9
1041|22
1042|22
1043|20
1044|7
1045|17
1046|12
1047|32
1048|48
1049|33
1050|18
1051|43
1052|17
1053|1
1054|8
1055|48
1056|34
1057|20
1058|15
1059|16
1060|21
1061|16
1062|19
1063|10
1064|43
1065|1
1066|39
1067|1
1068|25
1069|26
1070|9
1071|4
1072|38
1073|31
1074|8
1075|16
1076|6
1077|45
1078|48
1079|44
1080|14
1081|34
1082|25
1083|42
1084|3
1085|39
1086|35
1087|23
1088|21
1089|34
1090|29
1091|29
1092|29
1093|20
1094|34
1095|24
1096|36
1097|28
1098|48
1099|22
1100|3
1101|42
1102|43
1103|7
1104|0
1105|30
1106|38
1107|42
1108|24
1109|42
1110|1
1111|28
1112|14
1113|1
1114|8
1115|46
1116|22
1117|8
1118|20
1119|26
1120|42
1121|11
1122|38
1123|22
1124|49
1125|19
1126|7
1127|41
1128|41
1129|42
1130|30
1131|19
1132|0
1133|0
1134|8
1135|5
1136|47
1137|6
1138|25
1139|9
1140|33
1141|8
1142|44
1143|6
1144|19
1145|35
1146|42
1147|32
1148|44
1149|25
1150|21
1151|37
1152|23
1153|11
1154|22
1155|14
1156|20
1157|43
1158|30
1159|38
1160|13
1161|13
1162|15
1163|35
1164|11
1165|31
1166|1
1167|30
1168|23
1169|13
1170|47
1171|37
1172|41
1173|44
1174|47
1175|19
1176|11
1177|32
1178|27
1179|38
1180|38
1181|28
1182|36
1183|14
1184|5
1185|45
1186|48
1187|6
1188|45
1189|35
1190|38
1191|35
1192|24
1193|39
1194|40
1195|48
1196|32
1197|42
1198|3
1199|44
1200|42
1201|45
1202|19
1203|14
1204|20
1205|1
1206|25
1207|16
1208|18
1209|22
1210|18
1211|4
1212|7
1213|28
1214|44
1215|23
1216|31
1217|13
1218|34
1219|23
1220|47
1221|6
1222|11
1223|22
1224|22
1225|24
1226|16
1227|5
1228|36
1229|24
1230|12
1231|37
1232|10
1233|14
1234|5
1235|25
1236|11
1237|1
1238|31
1239|24
1240|32
1241|40
1242|7
1243|33
1244|37
1245|22
1246|8
1247|36
1248|39
1249|10
1250|39
1251|1
1252|24
1253|25
1254|8
1255|15
1256|18
1257|41
1258|47
1259|29
1260|28
1261|15
1262|29
1263|2
1264|35
1265|14
1266|26
1267|21
1268|40
1269|17
1270|44
1271|2
1272|48
1273|18
1274|14
1275|33
1276|48
1277|26
1278|3
1279|20
1280|27
1281|24
1282|31
1283|31
1284|0
1285|37
1286|23
1287|8
1288|4
1289|20
1290|26
1291|16
1292|24
1293|19
1294|38
1295|37
1296|10
1297|42
1298|24
1299|16
1300|42
1301|26
1302|3
1303|2
1304|7
1305|18
1306|14
1307|45
1308|17
1309|29
1310|34
1311|13
1312|30
1313|15
1314|48
1315|36
1316|19
1317|14
1318|7
1319|6
1320|48
1321|5
1322|29
1323|5
1324|44
1325|34
1326|28
1327|46
1328|31
1329|1
1330|47
1331|32
1332|30
1333|0
1334|10
1335|23
1336|37
1337|25
1338|25
1339|26
1340|45
1341|2
1342|41
1343|19
1344|8
1345|24
1346|36
1347|16
1348|1
1349|44
1350|38
1351|17
1352|15
1353|23
1354|39
1355|21
1356|43
1357|31
1358|49
1359|37
1360|14
1361|11
1362|13
1363|9
1364|28
1365|38
1366|49
1367|33
1368|14
1369|35
1370|14
1371|8
1372|49
1373|49
1374|0
1375|42
1376|41
1377|23
1378|21
1379|17
1380|40
1381|2
1382|19
1383|43
1384|2
1385|20
1386|22
1387|7
1388|40
1389|40
1390|24
1391|12
1392|28
1393|21
1394|36
1395|36
1396|46
1397|35
1398|33
1399|20
1400|22
1401|4
1402|14
1403|14
1404|45
1405|49
1406|2
1407|6
1408|47
1409|0
1410|13
1411|16
1412|41
1413|39
1414|22
1415|6
1416|39
1417|2
1418|27
1419|40
1420|48
1421|45
1422|44
1423|1
1424|11
1425|0
1426|28
1427|16
1428|17
1429|33
1430|34
1431|18
1432|12
1433|40
1434|33
1435|4
1436|27
1437|41
1438|22
1439|2
1440|6
1441|9
1442|46
1443|49
1444|34
1445|32
1446|44
1447|18
1448|18
1449|6
1450|42
1451|1
1452|45
1453|31
1454|8
1455|41
1456|37
1457|33
1458|17
1459|23
1460|28
1461|9
1462|16
1463|0
1464|35
1465|8
1466|49
1467|10
1468|44
1469|0
1470|41
1471|20
1472|48
1473|34
1474|0
1475|39
1476|8
1477|44
1478|0
1479|36
1480|28
1481|30
1482|21
1483|5
1484|47
1485|37
1486|49
1487|12
1488|48
1489|24
1490|41
1491|43
1492|19
1493|12
1494|12
1495|24
1496|19
1497|24
1498|0
1499|42
1500|7
1501|18
1502|33
1503|8
1504|3
1505|8
1506|49
1507|5
1508|2
1509|11
1510|31
1511|8
1512|25
1513|20
1514|16
1515|36
1516|27
1517|17
1518|26
1519|40
1520|30
1521|23
1522|6
1523|44
1524|25
1525|23
1526|14
1527|18
1528|4
1529|24
1530|32
1531|36
1532|49
1533|12
1534|45
1535|26
1536|19
1537|40
1538|9
1539|3
1540|18
1541|0
1542|14
1543|46
1544|2
1545|35
1546|43
1547|33
1548|30
1549|0
1550|16
1551|24
1552|17
1553|20
1554|16
1555|41
1556|9
1557|4
1558|37
1559|18
1560|29
1561|1
1562|11
1563|37
1564|30
1565|33
1566|45
1567|10
1568|30
1569|0
1570|48
1571|24
1572|43
1573|4
1574|14
1575|8
1576|2
1577|19
1578|30
1579|25
1580|36
1581|21
1582|48
1583|45
1584|40
1585|22
1586|36
1587|35
1588|35
1589|33
1590|9
1591|26
1592|49
1593|37
1594|9
1595|3
1596|30
1597|21
1598|21
1599|46
1600|8
1601|18
1602|43
1603|26
1604|2
1605|35
1606|4
1607|2
1608|16
1609|42
1610|15
1611|33
1612|17
1613|37
1614|37
1615|7
1616|31
1617|35
1618|0
1619|8
1620|49
1621|48
1622|42
1623|35
1624|20
1625|49
1626|22
1627|3
1628|22
1629|49
1630|12
1631|47
1632|49
1633|38
1634|20
1635|35
1636|49
1637|34
1638|34
1639|31
1640|41
1641|1
1642|30
1643|15
1644|0
1645|15
1646|38
1647|49
1648|6
1649|35
1650|15
1651|18
1652|8
1653|32
1654|1
1655|40
1656|26
1657|7
1658|12
1659|10
1660|23
1661|6
1662|44
1663|49
1664|2
1665|26
1666|14
1667|26
1668|10
1669|0
1670|33
1671|35
1672|20
1673|42
1674|21
1675|20
1676|12
1677|17
1678|24
1679|41
1680|32
1681|43
1682|23
1683|18
1684|17
1685|41
1686|34
1687|25
1688|32
1689|7
1690|28
1691|37
1692|1
1693|40
1694|15
1695|40
1696|35
1697|1
1698|31
1699|6
1700|14
1701|1
1702|47
1703|12
1704|31
1705|43
1706|5
1707|44
1708|43
1709|44
1710|27
1711|5
1712|13
1713|35
1714|35
1715|34
1716|12
1717|13
1718|43
1719|13
1720|32
1721|39
1722|5
1723|7
1724|38
1725|14
1726|24
1727|19
1728|38
1729|5
1730|34
1731|45
1732|43
1733|8
1734|11
1735|30
1736|16
1737|11
1738|30
1739|39
1740|28
1741|38
1742|44
1743|14
1744|3
1745|11
1746|25
1747|44
1748|14
1749|13
1750|47
1751|13
1752|8
1753|3
1754|29
1755|22
1756|7
1757|43
1758|42
1759|13
1760|4
1761|6
1762|45
1763|22
1764|14
1765|4
1766|11
1767|33
1768|7
1769|4
1770|5
1771|35
1772|6
1773|28
1774|19
1775|12
1776|33
1777|2
1778|30
1779|27
1780|6
1781|32
1782|11
1783|19
1784|31
1785|46
1786|47
1787|17
1788|3
1789|45
1790|28
1791|22
1792|22
1793|29
1794|17
1795|28
1796|12
1797|9
1798|28
1799|25
1800|42
1801|2
1802|38
1803|3
1804|7
1805|5
1806|29
1807|40
1808|42
1809|28
1810|19
1811|17
1812|4
1813|33
1814|4
1815|12
1816|46
1817|24
1818|36
1819|17
1820|34
1821|39
1822|19
1823|9
1824|32
1825|30
1826|5
1827|18
1828|41
1829|38
1830|26
1831|3
1832|39
1833|5
1834|46
1835|29
1836|39
1837|21
1838|0
1839|49
1840|43
1841|49
1842|30
1843|13
1844|34
1845|43
1846|23
1847|10
1848|39
1849|0
1850|12
1851|19
1852|35
1853|6
1854|13
1855|26
1856|24
1857|47
1858|39
1859|15
1860|48
1861|40
1862|12
1863|25
1864|38
1865|45
1866|21
1867|42
1868|25
1869|29
1870|33
1871|17
1872|7
1873|10
1874|43
1875|19
1876|9
1877|16
1878|2
1879|12
1880|20
1881|8
1882|10
1883|30
1884|19
1885|17
1886|0
1887|47
1888|48
1889|43
1890|21
1891|44
1892|49
1893|41
1894|0
1895|13
1896|20
1897|3
1898|16
1899|2
1900|44
1901|40
1902|3
1903|46
1904|30
1905|43
1906|44
1907|16
1908|20
1909|41
1910|26
1911|17
1912|12
1913|4
1914|34
1915|40
1916|8
1917|28
1918|25
1919|15
1920|15
1921|16
1922|13
1923|43
1924|45
1925|30
1926|39
1927|43
1928|29
1929|8
1930|48
1931|21
1932|48
1933|23
1934|17
1935|29
1936|14
1937|0
1938|5
1939|19
1940|15
1941|46
1942|47
1943|12
1944|49
1945|45
1946|48
1947|42
1948|10
1949|38
1950|20
1951|48
1952|42
1953|12
1954|47
1955|43
1956|19
1957|10
1958|8
1959|37
1960|37
1961|34
1962|47
1963|18
1964|0
1965|38
1966|46
1967|28
1968|39
1969|47
1970|26
1971|26
1972|42
1973|14
1974|42
1975|37
1976|18
1977|31
1978|40
1979|29
1980|16
1981|34
1982|19
1983|36
1984|33
1985|16
1986|29
1987|19
1988|37
1989|29
1990|8
1991|26
1992|2
1993|23
1994|3
1995|9
1996|43
1997|28
1998|29
1999|31
2000|45
2001|43
2002|7
2003|46
2004|44
2005|20
2006|18
2007|37
2008|39
2009|0
2010|44
2011|6
2012|43
2013|32
2014|13
2015|27
2016|36
2017|12
2018|19
2019|18
2020|31
2021|30
2022|32
2023|10
2024|15
2025|19
2026|42
2027|43
2028|27
2029|18
2030|29
2031|20
2032|1
2033|20
2034|41
2035|13
2036|2
2037|16
2038|29
2039|16
2040|46
2041|18
2042|26
2043|20
2044|3
2045|39
2046|24
2047|23
2048|6
2049|4
2050|2
2051|1
2052|24
2053|30
2054|29
2055|9
2056|7
2057|22
2058|34
2059|22
2060|18
2061|28
2062|19
2063|21
2064|33
2065|16
2066|17
2067|39
2068|39
2069|40
2070|22
2071|2
2072|44
2073|34
2074|0
2075|45
2076|15
2077|12
2078|7
2079|42
2080|46
2081|45
2082|21
2083|28
2084|1
2085|16
2086|0
2087|3
2088|24
2089|43
2090|23
2091|45
2092|27
2093|27
2094|36
2095|12
2096|9
2097|36
2098|7
2099|0
2100|17
2101|42
2102|3
2103|45
2104|3
2105|26
2106|22
2107|14
2108|44
2109|37
2110|36
2111|26
2112|38
2113|17
2114|30
2115|36
2116|10
2117|30
2118|30
2119|46
2120|25
2121|45
2122|47
2123|25
2124|11
2125|6
2126|41
2127|2
2128|48
2129|28
2130|12
2131|6
2132|4
2133|38
2134|32
2135|41
2136|20
2137|2
2138|8
2139|20
2140|34
2141|23
2142|39
2143|8
2144|0
2145|30
2146|42
2147|22
2148|28
2149|11
2150|0
2151|36
2152|46
2153|26
2154|44
2155|46
2156|40
2157|43
2158|13
2159|41
2160|17
2161|49
2162|37
2163|8
2164|23
2165|27
2166|26
2167|27
2168|40
2169|11
2170|30
2171|36
2172|13
2173|25
2174|17
2175|6
2176|8
2177|29
2178|35
2179|17
2180|22
2181|22
2182|8
2183|14
2184|37
2185|40
2186|16
2187|37
2188|1
2189|41
2190|44
2191|33
2192|44
2193|21
2194|30
2195|42
2196|23
2197|28
2198|18
2199|5
2200|13
2201|47
2202|44
2203|5
2204|40
2205|21
2206|40
2207|28
2208|17
2209|0
2210|20
2211|18
2212|8
2213|3
2214|41
2215|14
2216|9
2217|15
2218|6
2219|49
2220|3
2221|1
2222|5
2223|32
2224|49
2225|46
2226|48
2227|7
2228|39
2229|0
2230|49
2231|49
2232|41
2233|12
2234|29
2235|36
2236|40
2237|26
2238|48
2239|48
2240|22
2241|45
2242|25
2243|2
2244|6
2245|37
2246|17
2247|26
2248|13
2249|47
2250|27
2251|21
2252|24
2253|25
2254|44
2255|4
2256|28
2257|0
2258|37
2259|18
2260|17
2261|15
2262|16
2263|17
2264|42
2265|27
2266|23
2267|36
2268|13
2269|43
2270|34
2271|25
2272|41
2273|14
2274|25
2275|7
2276|9
2277|3
2278|39
2279|25
2280|25
2281|2
2282|37
2283|14
2284|18
2285|46
2286|34
2287|4
2288|16
2289|41
2290|37
2291|24
2292|37
2293|0
2294|26
2295|21
2296|13
2297|46
2298|19
2299|21
2300|39
2301|24
2302|15
2303|29
2304|0
2305|36
2306|22
2307|46
2308|32
2309|1
2310|3
2311|20
2312|13
2313|37
2314|45
2315|3
2316|4
2317|41
2318|47
2319|26
2320|32
2321|6
2322|6
2323|22
2324|38
2325|32
2326|30
2327|36
2328|5
2329|31
2330|9
2331|4
2332|13
2333|12
2334|27
2335|44
2336|8
2337|29
2338|20
2339|16
2340|5
2341|36
2342|18
2343|3
2344|6
2345|35
2346|49
2347|6
2348|7
2349|36
2350|36
2351|32
2352|48
2353|43
2354|11
2355|34
2356|46
2357|6
2358|33
2359|26
2360|46
2361|17
2362|16
2363|30
2364|8
2365|24
2366|42
2367|48
2368|3
2369|45
2370|3
2371|35
2372|14
2373|9
2374|0
2375|27
2376|0
2377|6
2378|33
2379|38
2380|1
2381|14
2382|49
2383|26
2384|9
2385|17
2386|2
2387|13
2388|12
2389|4
2390|20
2391|47
2392|40
2393|34
2394|4
2395|35
2396|33
2397|34
2398|41
2399|25
2400|3
2401|43
2402|31
2403|29
2404|20
2405|44
2406|4
2407|34
2408|19
2409|0
2410|32
2411|46
2412|46
2413|30
2414|1
2415|34
2416|37
2417|30
2418|38
2419|34
2420|43
2421|36
2422|10
2423|33
2424|39
2425|40
2426|18
2427|36
2428|20
2429|3
2430|34
2431|22
2432|33
2433|5
2434|36
2435|7
2436|32
2437|16
2438|48
2439|6
2440|8
2441|41
2442|6
2443|19
2444|17
2445|47
2446|18
2447|10
2448|26
2449|10
2450|45
2451|8
2452|43
2453|30
2454|38
2455|46
2456|12
2457|38
2458|37
2459|8
2460|1
2461|34
2462|33
2463|18
2464|46
2465|31
2466|26
2467|17
2468|3
2469|46
2470|7
2471|16
2472|28
2473|18
2474|32
2475|42
2476|37
2477|4
2478|35
2479|7
2480|1
2481|38
2482|2
2483|6
2484|15
2485|0
2486|2
2487|16
2488|30
2489|22
2490|21
2491|10
2492|3
2493|46
2494|45
2495|45
2496|38
2497|20
2498|13
2499|4
2500|39
2501|17
2502|16
2503|22
2504|37
2505|47
2506|12
2507|49
2508|9
2509|7
2510|35
2511|31
2512|28
2513|22
2514|19
2515|46
2516|41
2517|7
2518|37
2519|48
2520|45
2521|44
2522|18
2523|49
2524|5
2525|16
2526|2
2527|28
2528|25
2529|20
2530|13
2531|3
2532|36
2533|21
2534|44
2535|31
2536|31
2537|46
2538|36
2539|1
2540|33
2541|16
2542|33
2543|34
2544|2
2545|16
2546|25
2547|29
2548|48
2549|10
2550|19
2551|2
2552|40
2553|12
2554|16
2555|36
2556|2
2557|34
2558|7
2559|9
2560|46
2561|49
2562|2
2563|10
2564|2
2565|21
2566|48
2567|14
2568|49
2569|30
2570|20
2571|35
2572|29
2573|42
2574|44
2575|29
2576|21
2577|40
2578|46
2579|0
2580|46
2581|41
2582|33
2583|10
2584|23
2585|26
2586|5
2587|36
2588|26
2589|36
2590|26
2591|13
2592|16
2593|2
2594|36
2595|12
2596|33
2597|46
2598|37
2599|18
2600|17
2601|3
2602|8
2603|2
2604|16
2605|4
2606|6
2607|5
2608|23
2609|39
2610|10
2611|4
2612|4
2613|27
2614|17
2615|11
2616|40
2617|16
2618|21
2619|1
2620|35
2621|41
2622|2
2623|34
2624|45
2625|29
2626|14
2627|47
2628|25
2629|12
2630|48
2631|46
2632|31
2633|49
2634|22
2635|31
2636|15
2637|29
2638|23
2639|32
2640|7
2641|43
2642|37
2643|24
2644|37
2645|2
2646|38
2647|10
2648|20
2649|32
2650|32
2651|14
2652|44
2653|24
2654|49
2655|7
2656|27
2657|24
2658|10
2659|43
2660|29
2661|0
2662|23
2663|38
2664|38
2665|48
2666|6
2667|21
2668|16
2669|19
2670|36
2671|33
2672|19
2673|30
2674|28
2675|46
2676|35
2677|41
2678|23
2679|23
2680|15
2681|3
2682|17
2683|42
2684|40
2685|42
2686|26
2687|17
2688|29
2689|22
2690|13
2691|21
2692|29
2693|39
2694|13
2695|45
2696|17
2697|37
2698|49
2699|10
2700|46
2701|19
2702|1
2703|12
2704|30
2705|15
2706|39
2707|29
2708|23
2709|1
2710|43
2711|37
2712|6
2713|24
2714|7
2715|24
2716|35
2717|38
2718|44
2719|31
2720|5
2721|43
2722|31
2723|20
2724|48
2725|29
2726|20
2727|23
2728|38
2729|21
2730|3
2731|29
2732|8
2733|48
2734|26
2735|17
2736|21
2737|10
2738|29
2739|36
2740|33
2741|29
2742|39
2743|2
2744|3
2745|10
2746|36
2747|5
2748|41
2749|6
2750|44
2751|32
2752|11
2753|9
2754|27
2755|48
2756|3
2757|15
2758|39
2759|36
2760|31
2761|11
2762|41
2763|31
2764|7
2765|18
2766|4
2767|9
2768|2
2769|11
2770|4
2771|18
2772|29
2773|26
2774|38
2775|2
2776|8
2777|2
2778|11
2779|47
2780|1
2781|26
2782|21
2783|48
2784|48
2785|23
2786|43
2787|18
2788|30
2789|20
2790|12
2791|42
2792|41
2793|5
2794|7
2795|1
2796|40
2797|28
2798|31
2799|24
2800|9
2801|41
2802|19
2803|32
2804|24
2805|30
2806|49
2807|34
2808|36
2809|23
2810|35
2811|13
2812|28
2813|19
2814|12
2815|10
2816|45
2817|28
2818|22
2819|31
2820|35
2821|14
2822|30
2823|0
2824|32
2825|20
2826|46
2827|36
2828|40
2829|3
2830|12
2831|19
2832|20
2833|38
2834|10
2835|30
2836|21
2837|45
2838|11
2839|0
2840|46
2841|34
2842|20
2843|2
2844|4
2845|25
2846|20
2847|0
2848|36
2849|21
2850|29
2851|2
2852|3
2853|42
2854|35
2855|48
2856|17
2857|45
2858|24
2859|26
2860|30
2861|42
2862|25
2863|25
2864|42
2865|38
2866|39
2867|3
2868|43
2869|14
2870|43
2871|27
2872|10
2873|46
2874|15
2875|15
2876|46
2877|38
2878|20
2879|14
2880|15
2881|27
2882|38
2883|2
2884|17
2885|1
2886|30
2887|33
2888|24
2889|46
2890|8
2891|42
2892|11
2893|21
2894|13
2895|40
2896|48
2897|6
2898|12
2899|47
2900|8
2901|14
2902|36
2903|4
2904|12
2905|36
2906|30
2907|21
2908|13
2909|20
2910|45
2911|34
2912|32
2913|21
2914|33
2915|26
2916|49
2917|7
2918|49
2919|16
2920|43
2921|19
2922|1
2923|7
2924|5
2925|49
2926|26
2927|12
2928|4
2929|8
2930|17
2931|16
2932|42
2933|40
2934|3
2935|21
2936|39
2937|14
2938|7
2939|14
2940|1
2941|16
2942|41
2943|42
2944|28
2945|32
2946|48
2947|28
2948|30
2949|19
2950|47
2951|30
2952|37
2953|11
2954|47
2955|10
2956|34
2957|39
2958|43
2959|32
2960|42
2961|36
2962|36
2963|14
2964|43
2965|47
2966|18
2967|44
2968|39
2969|40
2970|2
2971|13
2972|12
2973|17
2974|21
2975|21
2976|14
2977|27
2978|41
2979|35
2980|5
2981|20
2982|41
2983|10
2984|33
2985|49
2986|7
2987|32
2988|20
2989|19
2990|15
2991|48
2992|9
2993|28
2994|21
2995|31
2996|5
2997|49
2998|2
2999|14
3000|9
