0|48
1|17
2|34
3|38
4|7
5|23
6|23
7|21
8|3
9|45
10|12
11|40
12|2
13|47
14|10
15|11
16|47
17|25
18|13
19|40
20|1
21|10
22|3
23|45
24|35
25|49
26|38
27|37
28|49
29|41
30|24
31|2
32|25
33|33
34|19
35|39
36|19
37|17
38|24
39|40
40|2
41|26
42|31
43|40
44|25
45|37
46|41
47|1
48|18
49|37
50|13
51|10
52|46
53|35
54|34
55|4
56|37
57|2
58|32
59|20
60|4
61|35
62|26
63|43
64|21
65|42
66|49
67|30
68|0
69|49
70|42
71|36
72|26
73|35
74|1
75|4
76|29
77|30
78|24
79|7
80|29
81|0
82|14
83|33
84|28
85|38
86|33
87|16
88|30
89|45
90|31
91|28
92|36
93|21
94|1
95|45
96|33
97|34
98|0
99|25
100|42
101|43
102|16
103|4
104|18
105|9
106|31
107|1
108|8
109|31
110|19
111|23
112|13
113|3
114|27
115|25
116|43
117|13
118|13
119|44
120|21
121|0
122|8
123|14
124|27
125|11
126|38
127|26
128|29
129|14
130|30
131|48
132|30
133|41
134|33
135|13
136|48
137|47
138|41
139|10
140|44
141|25
142|45
143|18
144|11
145|49
146|0
147|47
148|31
149|44
150|18
151|32
152|31
153|40
154|19
155|31
156|16
157|17
158|14
159|8
160|40
161|42
162|43
163|30
164|29
165|48
166|32
167|47
168|19
169|6
170|30
171|22
172|28
173|48
174|42
175|29
176|9
177|31
178|22
179|45
180|33
181|43
182|0
183|34
184|4
185|23
186|40
187|47
188|5
189|7
190|13
191|5
192|29
193|27
194|39
195|4
196|39
197|3
198|11
199|4
200|42
201|17
202|46
203|21
204|40
205|38
206|23
207|4
208|20
209|38
210|25
211|11
212|40
213|11
214|29
215|31
216|12
217|33
218|13
219|22
220|6
221|3
222|14
223|38
224|10
225|33
226|21
227|34
228|5
229|40
230|1
231|28
232|39
233|4
234|26
235|22
236|26
237|48
238|39
239|34
240|33
241|12
242|26
243|18
244|37
245|49
246|37
247|20
248|4
249|35
250|3
251|37
252|45
253|43
254|42
255|32
256|0
257|17
258|25
259|40
260|34
261|18
262|47
263|29
264|15
265|4
266|44
267|47
268|41
269|7
270|30
271|47
272|2
273|49
274|14
275|45
276|31
277|25
278|5
279|1
280|26
281|31
282|12
283|47
284|18
285|33
286|44
287|10
288|42
289|8
290|39
291|34
292|33
293|0
294|32
295|3
296|6
297|25
298|29
299|48
300|7
301|23
302|19
303|27
304|10
305|36
306|43
307|10
308|5
309|24
310|23
311|4
312|42
313|11
314|47
315|16
316|48
317|21
318|13
319|8
320|32
321|3
322|41
323|35
324|34
325|10
326|7
327|37
328|9
329|40
330|36
331|24
332|48
333|27
334|49
335|9
336|16
337|25
338|1
339|29
340|44
341|42
342|0
343|46
344|24
345|44
346|20
347|24
348|42
349|43
350|0
351|36
352|21
353|1
354|43
355|36
356|49
357|17
358|11
359|0
360|29
361|8
362|47
363|24
364|12
365|32
366|49
367|38
368|27
369|24
370|35
371|20
372|3
373|45
374|49
375|12
376|8
377|43
378|25
379|29
380|18
381|48
382|32
383|18
384|38
385|15
386|37
387|25
388|24
389|9
390|0
391|34
392|43
393|38
394|14
395|12
396|2
397|34
398|30
399|9
400|19
401|0
402|30
403|6
404|47
405|0
406|9
407|15
408|8
409|41
410|39
411|26
412|46
413|8
414|47
415|8
416|31
417|10
418|44
419|40
420|4
421|44
422|49
423|35
424|14
425|40
426|36
427|0
428|12
429|30
430|43
431|22
432|10
433|45
434|6
435|12
436|21
437|11
438|1
439|37
440|30
441|7
442|48
443|28
444|44
445|40
446|46
447|12
448|21
449|23
450|2
451|20
452|46
453|40
454|41
455|17
456|42
457|11
458|39
459|1
460|46
461|2
462|6
463|9
464|38
465|22
466|34
467|30
468|6
469|9
470|31
471|40
472|22
473|22
474|9
475|43
476|26
477|18
478|12
479|21
480|25
481|23
482|1
483|27
484|15
485|49
486|10
487|20
488|33
489|4
490|21
491|7
492|43
493|19
494|10
495|49
496|13
497|14
498|40
499|2
500|43
501|24
502|10
503|25
504|17
505|41
506|20
507|1
508|41
509|7
510|47
511|49
512|8
513|27
514|43
515|15
516|15
517|3
518|24
519|20
520|44
521|44
522|6
523|24
524|11
525|47
526|40
527|21
528|36
529|10
530|49
531|49
532|41
533|2
534|25
535|41
536|43
537|10
538|31
539|8
540|39
541|17
542|26
543|41
544|31
545|26
546|8
547|47
548|41
549|6
550|24
551|6
552|5
553|5
554|22
555|37
556|38
557|23
558|13
559|18
560|26
561|30
562|29
563|2
564|36
565|41
566|31
567|42
568|0
569|36
570|30
571|35
572|7
573|48
574|10
575|18
576|46
577|16
578|3
579|26
580|34
581|48
582|8
583|28
584|14
585|11
586|33
587|41
588|7
589|49
590|48
591|8
592|1
593|2
594|23
595|23
596|40
597|33
598|49
599|28
600|37
601|43
602|40
603|29
604|35
605|46
606|40
607|14
608|29
609|16
610|10
611|40
612|2
613|17
614|7
615|5
616|49
617|33
618|40
619|32
620|36
621|49
622|5
623|21
624|0
625|17
626|34
627|44
628|38
629|46
630|19
631|39
632|7
633|40
634|11
635|18
636|23
637|49
638|27
639|46
640|7
641|30
642|49
643|19
644|45
645|21
646|20
647|4
648|25
649|8
650|45
651|32
652|27
653|35
654|25
655|20
656|41
657|44
658|2
659|37
660|40
661|11
662|26
663|47
664|22
665|35
666|30
667|33
668|48
669|1
670|38
671|0
672|35
673|15
674|24
675|2
676|31
677|24
678|35
679|25
680|37
681|7
682|20
683|27
684|31
685|43
686|13
687|24
688|5
689|19
690|23
691|49
692|22
693|30
694|25
695|32
696|21
697|31
698|7
699|32
700|8
701|4
702|12
703|38
704|4
705|1
706|21
707|31
708|4
709|24
710|9
711|19
712|38
713|39
714|5
715|8
716|26
717|25
718|0
719|27
720|47
721|46
722|14
723|31
724|9
725|22
726|31
727|9
728|5
729|2
730|26
731|27
732|11
733|22
734|29
735|6
736|10
737|17
738|13
739|27
740|21
741|13
742|40
743|2
744|18
745|26
746|6
747|18
748|16
749|25
750|31
751|15
752|42
753|20
754|25
755|19
756|12
757|19
758|15
759|11
760|33
761|33
762|2
763|27
764|31
765|47
766|18
767|34
768|36
769|31
770|10
771|17
772|22
773|26
774|30
775|4
776|22
777|34
778|10
779|21
780|40
781|39
782|29
783|25
784|13
785|8
786|40
787|7
788|6
789|41
790|17
791|36
792|27
793|42
794|27
795|22
796|32
797|11
798|46
799|44
800|19
801|31
802|41
803|45
804|0
805|47
806|14
807|17
808|47
809|30
810|23
811|35
812|48
813|17
814|44
815|10
816|38
817|17
818|33
819|38
820|19
821|43
822|24
823|32
824|28
825|18
826|19
827|41
828|39
829|42
830|18
831|3
832|19
833|16
834|13
835|9
836|15
837|47
838|19
839|15
840|1
841|17
842|3
843|47
844|40
845|16
846|31
847|40
848|29
849|3
850|4
851|21
852|34
853|31
854|35
855|41
856|5
857|38
858|36
859|10
860|19
861|41
862|1
863|0
864|9
865|48
866|19
867|47
868|3
869|47
870|31
871|2
872|41
873|28
874|22
875|26
876|23
877|14
878|49
879|16
880|11
881|19
882|29
883|32
884|32
885|40
886|11
887|49
888|14
889|7
890|20
891|49
892|6
893|35
894|47
895|28
896|46
897|49
898|43
899|18
900|5
901|9
902|3
903|1
904|42
905|31
906|38
907|34
908|31
909|48
910|1
911|9
912|16
913|19
914|34
915|19
916|35
917|11
918|25
919|40
920|22
921|16
922|7
923|17
924|34
925|14
926|9
927|11
928|41
929|13
930|40
931|46
932|25
933|40
934|22
935|33
936|30
937|39
938|27
939|17
940|14
941|18
942|42
943|21
944|8
945|38
946|28
947|4
948|36
949|42
950|29
951|45
952|16
953|34
954|29
955|7
956|17
957|27
958|46
959|29
960|16
961|6
962|14
963|27
964|1
965|33
966|5
967|43
968|44
969|39
970|25
971|6
972|28
973|31
974|22
975|18
976|47
977|26
978|25
979|2
980|2
981|5
982|16
983|2
984|36
985|14
986|29
987|9
988|45
989|32
990|23
991|0
992|7
993|5
994|2
995|13
996|13
997|34
998|19
999|9
1000|29
1001|32
1002|49
1003|7
1004|19
1005|49
1006|16
1007|35
1008|32
1009|12
1010|13
1011|12
1012|22
1013|6
1014|10
1015|22
1016|5
1017|28
1018|11
1019|23
1020|13
1021|47
1022|43
1023|23
1024|7
1025|40
1026|15
1027|30
1028|34
1029|11
1030|21
1031|1
1032|39
1033|26
1034|12
1035|28
1036|32
1037|11
1038|9
1039|1
1040|18
1041|34
1042|19
1043|36
1044|16
1045|27
1046|1
1047|48
1048|40
1049|22
1050|3
1051|18
1052|16
1053|42
1054|34
1055|37
1056|18
1057|49
1058|49
1059|36
1060|44
1061|28
1062|15
1063|18
1064|25
1065|3
1066|21
1067|10
1068|28
1069|4
1070|38
1071|44
1072|14
1073|32
1074|7
1075|26
1076|30
1077|28
1078|11
1079|20
1080|7
1081|3
1082|14
1083|30
1084|39
1085|0
1086|21
1087|27
1088|22
1089|35
1090|33
1091|28
1092|7
1093|37
1094|2
1095|28
1096|2
1097|28
1098|14
1099|41
1100|27
1101|14
1102|40
1103|5
1104|28
1105|45
1106|46
1107|2
1108|25
1109|41
1110|46
1111|9
1112|5
1113|33
1114|5
1115|18
1116|16
1117|19
1118|31
1119|4
1120|9
1121|19
1122|44
1123|18
1124|0
1125|12
1126|25
1127|46
1128|21
1129|43
1130|36
1131|28
1132|45
1133|31
1134|3
1135|35
1136|13
1137|22
1138|42
1139|45
1140|25
1141|4
1142|23
1143|26
1144|45
1145|14
1146|34
1147|32
1148|12
1149|18
1150|11
1151|30
1152|48
1153|22
1154|40
1155|12
1156|3
1157|5
1158|11
1159|45
1160|40
1161|0
1162|13
1163|2
1164|32
1165|25
1166|20
1167|10
1168|32
1169|30
1170|34
1171|18
1172|46
1173|43
1174|2
1175|11
1176|6
1177|41
1178|34
1179|30
1180|40
1181|43
1182|16
1183|17
1184|4
1185|16
1186|25
1187|11
1188|10
1189|7
1190|19
1191|17
1192|49
1193|27
1194|45
1195|13
1196|26
1197|28
1198|42
1199|20
1200|9
1201|4
1202|39
1203|13
1204|34
1205|6
1206|40
1207|12
1208|42
1209|22
1210|17
1211|7
1212|48
1213|32
1214|0
1215|25
1216|30
1217|18
1218|0
1219|25
1220|15
1221|9
1222|27
1223|21
1224|26
1225|24
1226|8
1227|43
1228|28
1229|36
1230|2
1231|26
1232|3
1233|0
1234|19
1235|19
1236|41
1237|33
1238|34
1239|16
1240|2
1241|28
1242|0
1243|25
1244|48
1245|16
1246|48
1247|27
1248|30
1249|1
1250|42
1251|40
1252|7
1253|33
1254|20
1255|25
1256|30
1257|16
1258|28
1259|22
1260|33
1261|29
1262|13
1263|41
1264|33
1265|10
1266|19
1267|20
1268|45
1269|27
1270|41
1271|37
1272|27
1273|20
1274|7
1275|11
1276|5
1277|45
1278|43
1279|20
1280|43
1281|4
1282|25
1283|12
1284|21
1285|14
1286|23
1287|32
1288|45
1289|9
1290|7
1291|37
1292|32
1293|47
1294|11
1295|33
1296|1
1297|21
1298|26
1299|10
1300|28
1301|20
1302|7
1303|16
1304|29
1305|37
1306|1
1307|46
1308|7
1309|44
1310|36
1311|17
1312|28
1313|47
1314|4
1315|9
1316|47
1317|35
1318|47
1319|48
1320|23
1321|19
1322|22
1323|39
1324|35
1325|36
1326|11
1327|11
1328|30
1329|4
1330|2
1331|44
1332|47
1333|29
1334|47
1335|48
1336|13
1337|28
1338|33
1339|22
1340|32
1341|29
1342|46
1343|28
1344|45
1345|48
1346|7
1347|27
1348|47
1349|38
1350|5
1351|10
1352|23
1353|11
1354|33
1355|32
1356|46
1357|1
1358|49
1359|6
1360|5
1361|4
1362|19
1363|8
1364|35
1365|22
1366|45
1367|1
1368|48
1369|28
1370|31
1371|47
1372|10
1373|36
1374|3
1375|19
1376|25
1377|2
1378|33
1379|14
1380|33
1381|18
1382|0
1383|11
1384|12
1385|26
1386|6
1387|22
1388|5
1389|31
1390|3
1391|2
1392|18
1393|25
1394|38
1395|17
1396|21
1397|14
1398|9
1399|48
1400|38
1401|46
1402|7
1403|17
1404|41
1405|29
1406|48
1407|8
1408|33
1409|10
1410|8
1411|49
1412|11
1413|49
1414|0
1415|27
1416|45
1417|15
1418|0
1419|40
1420|7
1421|44
1422|43
1423|25
1424|20
1425|46
1426|43
1427|31
1428|36
1429|7
1430|37
1431|37
1432|28
1433|35
1434|34
1435|35
1436|28
1437|27
1438|3
1439|43
1440|26
1441|11
1442|43
1443|5
1444|13
1445|47
1446|22
1447|17
1448|15
1449|32
1450|14
1451|40
1452|31
1453|25
1454|9
1455|10
1456|28
1457|39
1458|41
1459|6
1460|12
1461|49
1462|2
1463|39
1464|1
1465|24
1466|11
1467|34
1468|36
1469|30
1470|40
1471|30
1472|10
1473|26
1474|7
1475|3
1476|14
1477|12
1478|35
1479|27
1480|42
1481|32
1482|46
1483|46
1484|18
1485|46
1486|18
1487|30
1488|34
1489|35
1490|48
1491|13
1492|33
1493|6
1494|26
1495|11
1496|11
1497|42
1498|40
1499|28
1500|26
