0|17
1|1
2|5
3|43
4|23
5|4
6|45
7|37
8|22
9|10
10|12
11|9
12|24
13|20
14|13
15|31
16|26
17|12
18|8
19|8
20|16
21|22
22|26
23|15
24|2
25|38
26|45
27|0
28|14
29|25
30|5
31|17
32|45
33|10
34|11
35|5
36|30
37|24
38|15
39|15
40|23
41|13
42|20
43|30
44|15
45|30
46|31
47|44
48|20
49|31
50|20
51|38
52|23
53|22
54|29
55|31
56|40
57|26
58|42
59|20
60|35
61|32
62|18
63|36
64|37
65|31
66|46
67|4
68|39
69|21
70|2
71|26
72|11
73|2
74|19
75|36
76|14
77|5
78|25
79|4
80|31
81|36
82|24
83|40
84|35
85|32
86|40
87|2
88|42
89|15
90|18
91|21
92|27
93|43
94|30
95|39
96|13
97|5
98|12
99|8
100|3
101|5
102|41
103|34
104|27
105|32
106|48
107|16
108|33
109|12
110|42
111|40
112|44
113|48
114|24
115|15
116|40
117|41
118|46
119|27
120|49
121|4
122|0
123|10
124|16
125|1
126|9
127|23
128|48
129|38
130|1
131|10
132|48
133|20
134|32
135|14
136|10
137|24
138|43
139|2
140|48
141|48
142|25
143|47
144|30
145|41
146|20
147|39
148|22
149|36
150|32
151|19
152|27
153|45
154|33
155|20
156|25
157|37
158|20
159|35
160|8
161|29
162|32
163|20
164|10
165|47
166|14
167|15
168|7
169|40
170|22
171|4
172|16
173|44
174|18
175|5
176|44
177|6
178|1
179|4
180|23
181|0
182|36
183|18
184|36
185|25
186|1
187|34
188|34
189|39
190|18
191|5
192|30
193|22
194|33
195|38
196|33
197|20
198|0
199|19
200|13
201|1
202|8
203|29
204|7
205|45
206|30
207|2
208|5
209|40
210|41
211|48
212|47
213|8
214|40
215|2
216|25
217|22
218|44
219|22
220|9
221|34
222|1
223|44
224|4
225|29
226|24
227|21
228|37
229|42
230|20
231|29
232|29
233|17
234|45
235|23
236|30
237|48
238|11
239|46
240|12
241|26
242|14
243|9
244|48
245|19
246|49
247|10
248|32
249|22
250|20
251|27
252|47
253|5
254|2
255|43
256|42
257|20
258|8
259|49
260|16
261|28
262|21
263|8
264|9
265|8
266|12
267|32
268|16
269|16
270|28
271|26
272|34
273|21
274|18
275|16
276|44
277|22
278|20
279|49
280|47
281|39
282|0
283|32
284|34
285|33
286|21
287|31
288|19
289|30
290|3
291|40
292|42
293|41
294|41
295|32
296|48
297|32
298|16
299|14
300|31
301|41
302|6
303|46
304|31
305|5
306|15
307|22
308|17
309|19
310|14
311|8
312|31
313|15
314|35
315|35
316|17
317|31
318|26
319|26
320|7
321|49
322|19
323|9
324|9
325|46
326|38
327|8
328|36
329|8
330|16
331|48
332|37
333|2
334|33
335|30
336|8
337|39
338|29
339|7
340|1
341|23
342|9
343|22
344|17
345|21
346|31
347|42
348|42
349|31
350|21
351|13
352|38
353|9
354|6
355|24
356|27
357|33
358|14
359|1
360|46
361|48
362|15
363|45
364|46
365|14
366|20
367|49
368|43
369|29
370|12
371|29
372|40
373|29
374|49
375|37
376|30
377|25
378|42
379|21
380|45
381|36
382|40
383|7
384|15
385|14
386|34
387|3
388|46
389|29
390|43
391|20
392|36
393|31
394|28
395|30
396|38
397|5
398|17
399|4
400|1
401|45
402|20
403|0
404|2
405|9
406|14
407|12
408|21
409|33
410|2
411|28
412|40
413|11
414|15
415|34
416|29
417|22
418|27
419|20
420|10
421|47
422|19
423|31
424|19
425|38
426|9
427|41
428|11
429|6
430|1
431|42
432|28
433|46
434|47
435|46
436|45
437|38
438|12
439|42
440|15
441|19
442|42
443|38
444|17
445|43
446|10
447|13
448|30
449|12
450|0
451|43
452|9
453|18
454|19
455|3
456|27
457|24
458|34
459|18
460|9
461|11
462|5
463|27
464|15
465|20
466|39
467|4
468|49
469|23
470|41
471|7
472|3
473|47
474|17
475|3
476|16
477|43
478|33
479|47
480|46
481|6
482|47
483|29
484|21
485|9
486|24
487|3
488|35
489|18
490|5
491|17
492|34
493|48
494|22
495|36
496|3
497|18
498|42
499|46
500|0
501|29
502|44
503|36
504|25
505|38
506|15
507|10
508|9
509|8
510|18
511|20
512|48
513|26
514|26
515|3
516|23
517|26
518|34
519|15
520|49
521|24
522|42
523|49
524|6
525|34
526|17
527|24
528|17
529|11
530|41
531|7
532|35
533|5
534|13
535|18
536|27
537|12
538|8
539|21
540|43
541|42
542|30
543|39
544|24
545|0
546|42
547|1
548|3
549|8
550|43
551|4
552|42
553|39
554|47
555|45
556|46
557|10
558|38
559|3
560|19
561|47
562|46
563|9
564|42
565|6
566|29
567|9
568|20
569|27
570|5
571|18
572|8
573|20
574|35
575|45
576|48
577|10
578|41
579|45
580|24
581|45
582|14
583|18
584|43
585|15
586|46
587|2
588|39
589|40
590|49
591|46
592|9
593|2
594|43
595|18
596|26
597|13
598|33
599|36
600|4
601|5
602|1
603|12
604|5
605|7
606|8
607|24
608|45
609|48
610|39
611|15
612|27
613|37
614|8
615|16
616|13
617|2
618|38
619|5
620|7
621|34
622|14
623|48
624|36
625|21
626|9
627|35
628|20
629|0
630|15
631|14
632|9
633|46
634|8
635|17
636|46
637|0
638|38
639|29
640|31
641|44
642|15
643|31
644|28
645|0
646|18
647|49
648|31
649|29
650|43
651|32
652|39
653|10
654|44
655|12
656|3
657|24
658|45
659|10
660|14
661|2
662|9
663|39
664|34
665|26
666|38
667|7
668|43
669|44
670|37
671|43
672|13
673|7
674|46
675|10
676|20
677|32
678|2
679|14
680|16
681|8
682|7
683|25
684|17
685|30
686|1
687|12
688|48
689|9
690|9
691|15
692|46
693|28
694|10
695|6
696|3
697|0
698|33
699|0
700|47
701|29
702|45
703|11
704|25
705|1
706|46
707|39
708|10
709|40
710|24
711|0
712|21
713|46
714|15
715|46
716|36
717|26
718|26
719|1
720|1
721|38
722|25
723|16
724|34
725|19
726|7
727|8
728|47
729|16
730|24
731|1
732|4
733|24
734|15
735|37
736|7
737|26
738|49
739|28
740|8
741|34
742|49
743|27
744|42
745|10
746|15
747|17
748|48
749|13
750|45
751|17
752|29
753|31
754|43
755|20
756|29
757|16
758|24
759|41
760|15
761|46
762|12
763|26
764|31
765|24
766|24
767|48
768|14
769|27
770|0
771|27
772|6
773|21
774|38
775|8
776|5
777|45
778|39
779|14
780|34
781|18
782|21
783|23
784|1
785|36
786|24
787|9
788|32
789|5
790|44
791|12
792|28
793|36
794|7
795|13
796|3
797|46
798|8
799|18
800|4
801|21
802|44
803|24
804|14
805|12
806|37
807|16
808|43
809|40
810|37
811|27
812|40
813|13
814|35
815|4
816|42
817|28
818|27
819|1
820|46
821|35
822|30
823|40
824|27
825|0
826|45
827|25
828|38
829|35
830|4
831|44
832|17
833|38
834|17
835|39
836|24
837|3
838|49
839|17
840|6
841|43
842|23
843|5
844|18
845|29
846|7
847|42
848|6
849|43
850|16
851|17
852|8
853|13
854|18
855|11
856|35
857|5
858|15
859|4
860|44
861|13
862|35
863|25
864|38
865|41
866|21
867|37
868|35
869|41
870|20
871|9
872|44
873|27
874|5
875|10
876|4
877|21
878|36
879|43
880|48
881|4
882|25
883|47
884|28
885|8
886|38
887|24
888|31
889|49
890|24
891|42
892|9
893|1
894|45
895|5
896|30
897|12
898|35
899|44
900|12
901|25
902|15
903|37
904|24
905|18
906|2
907|33
908|14
909|27
910|48
911|11
912|48
913|46
914|33
915|29
916|12
917|45
918|29
919|6
920|40
921|8
922|6
923|20
924|29
925|18
926|34
927|6
928|26
929|3
930|31
931|20
932|3
933|4
934|15
935|49
936|2
937|8
938|48
939|48
940|34
941|1
942|12
943|2
944|47
945|26
946|13
947|3
948|32
949|8
950|38
951|46
952|21
953|48
954|13
955|14
956|30
957|19
958|31
959|44
960|43
961|17
962|25
963|8
964|40
965|29
966|47
967|35
968|31
969|25
970|5
971|25
972|10
973|8
974|40
975|34
976|27
977|12
978|39
979|44
980|11
981|32
982|25
983|15
984|33
985|5
986|29
987|46
988|34
989|47
990|19
991|11
992|9
993|46
994|18
995|42
996|43
997|41
998|40
999|9
1000|38
1001|11
1002|29
1003|48
1004|44
1005|44
1006|34
1007|29
1008|11
1009|42
1010|39
1011|27
1012|4
1013|44
1014|41
1015|1
1016|45
1017|11
1018|41
1019|45
1020|44
1021|26
1022|16
1023|9
1024|11
1025|40
1026|27
1027|10
1028|9
1029|41
1030|14
1031|20
1032|34
1033|43
1034|9
1035|35
1036|42
1037|19
1038|6
1039|17
1040|6
1041|44
1042|43
1043|36
1044|11
1045|5
1046|9
1047|12
1048|27
1049|11
1050|46
1051|11
1052|41
1053|35
1054|33
1055|44
1056|9
1057|39
1058|34
1059|41
1060|14
1061|35
1062|31
1063|13
1064|30
1065|3
1066|46
1067|47
1068|7
1069|7
1070|39
1071|0
1072|49
1073|4
1074|10
1075|7
1076|7
1077|44
1078|41
1079|31
1080|27
1081|17
1082|4
1083|10
1084|15
1085|46
1086|46
1087|16
1088|22
1089|25
1090|17
1091|1
1092|42
1093|36
1094|3
1095|5
1096|41
1097|9
1098|44
1099|27
1100|43
1101|45
1102|20
1103|2
1104|25
1105|42
1106|45
1107|40
1108|40
1109|49
1110|49
1111|9
1112|40
1113|41
1114|29
1115|18
1116|13
1117|7
1118|11
1119|29
1120|27
1121|2
1122|46
1123|42
1124|28
1125|29
1126|1
1127|26
1128|12
1129|37
1130|0
1131|15
1132|7
1133|43
1134|40
1135|19
1136|15
1137|6
1138|14
1139|3
1140|18
1141|47
1142|44
1143|15
1144|2
1145|38
1146|42
1147|0
1148|16
1149|42
1150|24
1151|44
1152|19
1153|28
1154|18
1155|35
1156|24
1157|43
1158|3
1159|19
1160|10
1161|1
1162|22
1163|33
1164|5
1165|6
1166|30
1167|1
1168|26
1169|9
1170|21
1171|34
1172|11
1173|40
1174|21
1175|30
1176|34
1177|9
1178|47
1179|30
1180|20
1181|49
1182|23
1183|45
1184|4
1185|42
1186|6
1187|48
1188|35
1189|35
1190|32
1191|3
1192|46
1193|30
1194|24
1195|3
1196|11
1197|19
1198|28
1199|44
1200|47
1201|37
1202|5
1203|2
1204|29
1205|28
1206|48
1207|48
1208|9
1209|20
1210|10
1211|0
1212|28
1213|41
1214|2
1215|4
1216|39
1217|34
1218|42
1219|41
1220|25
1221|29
1222|41
1223|43
1224|23
1225|44
1226|7
1227|47
1228|6
1229|13
1230|49
1231|1
1232|41
1233|46
1234|0
1235|14
1236|21
1237|39
1238|40
1239|21
1240|15
1241|42
1242|36
1243|23
1244|8
1245|18
1246|7
1247|12
1248|17
1249|6
1250|3
1251|29
1252|2
1253|34
1254|18
1255|49
1256|46
1257|39
1258|17
1259|14
1260|0
1261|23
1262|7
1263|19
1264|9
1265|44
1266|44
1267|10
1268|23
1269|9
1270|4
1271|2
1272|47
1273|31
1274|32
1275|15
1276|34
1277|11
1278|34
1279|2
1280|37
1281|39
1282|23
1283|10
1284|2
1285|37
1286|29
1287|5
1288|26
1289|15
1290|33
1291|14
1292|35
1293|49
1294|15
1295|26
1296|40
1297|45
1298|20
1299|36
1300|34
1301|45
1302|18
1303|42
1304|41
1305|9
1306|22
1307|42
1308|1
1309|5
1310|31
1311|42
1312|20
1313|39
1314|6
1315|32
1316|23
1317|0
1318|23
1319|43
1320|26
1321|8
1322|4
1323|22
1324|1
1325|42
1326|12
1327|15
1328|40
1329|12
1330|43
1331|0
1332|9
1333|5
1334|6
1335|34
1336|42
1337|17
1338|44
1339|19
1340|3
1341|4
1342|35
1343|27
1344|25
1345|43
1346|39
1347|18
1348|5
1349|32
1350|37
1351|21
1352|24
1353|22
1354|38
1355|2
1356|49
1357|41
1358|46
1359|10
1360|40
1361|39
1362|27
1363|15
1364|16
1365|10
1366|37
1367|9
1368|7
1369|15
1370|7
1371|36
1372|33
1373|7
1374|14
1375|18
1376|34
1377|4
1378|24
1379|4
1380|38
1381|37
1382|3
1383|34
1384|49
1385|14
1386|47
1387|26
1388|8
1389|9
1390|22
1391|40
1392|28
1393|48
1394|46
1395|23
1396|48
1397|17
1398|36
1399|23
1400|39
1401|28
1402|28
1403|1
1404|23
1405|24
1406|9
1407|2
1408|17
1409|48
1410|23
1411|32
1412|2
1413|24
1414|14
1415|35
1416|39
1417|36
1418|9
1419|5
1420|40
1421|31
1422|34
1423|42
1424|29
1425|35
1426|15
1427|8
1428|35
1429|24
1430|21
1431|3
1432|23
1433|3
1434|21
1435|37
1436|35
1437|17
1438|7
1439|7
1440|46
1441|25
1442|43
1443|20
1444|4
1445|19
1446|37
1447|24
1448|39
1449|6
1450|25
1451|41
1452|31
1453|49
1454|5
1455|11
1456|41
1457|36
1458|45
1459|33
1460|25
1461|46
1462|38
1463|44
1464|34
1465|49
1466|26
1467|0
1468|31
1469|33
1470|34
1471|48
1472|37
1473|28
1474|41
1475|38
1476|10
1477|43
1478|34
1479|32
1480|39
1481|3
1482|43
1483|46
1484|39
1485|48
1486|22
1487|6
1488|15
1489|37
1490|46
1491|24
1492|22
1493|11
1494|36
1495|42
1496|27
1497|15
1498|34
1499|16
1500|38
