0|33
1|48
2|8
3|26
4|1
5|14
6|28
7|28
8|48
9|44
10|15
11|14
12|4
13|21
14|13
15|28
16|38
17|0
18|14
19|5
20|29
21|21
22|18
23|2
24|1
25|10
26|12
27|8
28|3
29|46
30|0
31|29
32|35
33|4
34|6
35|13
36|0
37|5
38|16
39|46
40|7
41|39
42|28
43|5
44|13
45|20
46|27
47|33
48|35
49|18
50|39
51|20
52|33
53|15
54|40
55|10
56|38
57|38
58|13
59|6
60|19
61|19
62|28
63|2
64|42
65|33
66|42
67|31
68|23
69|22
70|13
71|14
72|17
73|15
74|41
75|28
76|20
77|37
78|31
79|16
80|2
81|17
82|5
83|25
84|7
85|36
86|39
87|4
88|35
89|23
90|5
91|12
92|21
93|3
94|1
95|23
96|29
97|8
98|8
99|36
100|41
101|35
102|18
103|21
104|5
105|11
106|45
107|12
108|26
109|48
110|23
111|34
112|18
113|47
114|19
115|32
116|48
117|21
118|29
119|6
120|9
121|4
122|1
123|23
124|7
125|17
126|49
127|25
128|29
129|42
130|2
131|28
132|25
133|42
134|9
135|38
136|15
137|34
138|29
139|39
140|34
141|36
142|6
143|45
144|47
145|31
146|20
147|45
148|24
149|14
150|19
151|9
152|43
153|38
154|41
155|29
156|37
157|9
158|6
159|22
160|18
161|24
162|47
163|15
164|45
165|6
166|27
167|42
168|14
169|8
170|49
171|39
172|15
173|26
174|10
175|26
176|17
177|10
178|48
179|46
180|21
181|29
182|15
183|8
184|39
185|28
186|21
187|16
188|35
189|39
190|1
191|33
192|14
193|12
194|8
195|11
196|45
197|23
198|39
199|20
200|41
201|22
202|26
203|42
204|26
205|43
206|0
207|34
208|47
209|2
210|32
211|39
212|6
213|22
214|14
215|46
216|14
217|13
218|14
219|24
220|8
221|44
222|2
223|14
224|24
225|36
226|24
227|5
228|24
229|41
230|43
231|42
232|48
233|41
234|46
235|2
236|14
237|33
238|28
239|41
240|31
241|10
242|6
243|35
244|37
245|1
246|13
247|6
248|44
249|27
250|49
251|1
252|16
253|36
254|0
255|14
256|21
257|33
258|36
259|29
260|41
261|43
262|42
263|15
264|33
265|43
266|36
267|35
268|10
269|46
270|2
271|38
272|6
273|41
274|25
275|34
276|5
277|5
278|26
279|34
280|26
281|8
282|39
283|4
284|35
285|25
286|23
287|33
288|13
289|2
290|25
291|43
292|14
293|29
294|23
295|38
296|9
297|33
298|20
299|0
300|36
301|36
302|29
303|39
304|21
305|28
306|13
307|32
308|10
309|37
310|45
311|1
312|35
313|33
314|35
315|17
316|10
317|8
318|18
319|23
320|27
321|48
322|6
323|19
324|49
325|23
326|38
327|16
328|17
329|30
330|29
331|37
332|34
333|36
334|11
335|41
336|8
337|9
338|17
339|13
340|42
341|40
342|44
343|42
344|33
345|49
346|27
347|48
348|21
349|3
350|5
351|25
352|4
353|46
354|21
355|29
356|19
357|16
358|5
359|0
360|34
361|22
362|29
363|10
364|0
365|20
366|21
367|34
368|48
369|5
370|40
371|41
372|16
373|40
374|33
375|44
376|35
377|37
378|32
379|47
380|48
381|10
382|28
383|41
384|4
385|14
386|40
387|3
388|20
389|40
390|0
391|4
392|8
393|14
394|2
395|19
396|11
397|24
398|18
399|21
400|21
401|15
402|31
403|29
404|2
405|43
406|0
407|4
408|27
409|8
410|38
411|4
412|5
413|22
414|5
415|22
416|17
417|1
418|20
419|35
420|14
421|41
422|31
423|37
424|7
425|25
426|39
427|40
428|48
429|33
430|0
431|37
432|38
433|11
434|44
435|37
436|5
437|25
438|7
439|39
440|37
441|48
442|48
443|28
444|12
445|5
446|39
447|18
448|42
449|24
450|10
451|40
452|24
453|10
454|42
455|14
456|32
457|31
458|5
459|44
460|6
461|23
462|15
463|28
464|19
465|37
466|33
467|23
468|2
469|33
470|28
471|8
472|10
473|34
474|21
475|39
476|1
477|21
478|16
479|41
480|8
481|15
482|33
483|48
484|3
485|17
486|49
487|42
488|42
489|17
490|47
491|17
492|2
493|42
494|27
495|21
496|17
497|10
498|23
499|25
500|19
501|6
502|29
503|3
504|37
505|3
506|9
507|2
508|37
509|48
510|19
511|8
512|27
513|7
514|31
515|7
516|39
517|26
518|21
519|20
520|3
521|18
522|28
523|13
524|33
525|25
526|2
527|21
528|7
529|42
530|45
531|11
532|20
533|23
534|49
535|41
536|29
537|1
538|43
539|14
540|48
541|25
542|37
543|31
544|42
545|21
546|13
547|36
548|14
549|38
550|15
551|18
552|3
553|19
554|21
555|0
556|11
557|4
558|20
559|33
560|37
561|5
562|9
563|49
564|27
565|16
566|25
567|7
568|12
569|9
570|25
571|2
572|10
573|6
574|16
575|47
576|32
577|23
578|22
579|15
580|25
581|19
582|45
583|25
584|18
585|42
586|5
587|38
588|15
589|7
590|29
591|18
592|24
593|45
594|49
595|37
596|25
597|9
598|11
599|39
600|8
601|29
602|7
603|11
604|31
605|27
606|41
607|42
608|45
609|14
610|35
611|41
612|28
613|19
614|14
615|32
616|12
617|1
618|26
619|48
620|21
621|45
622|25
623|26
624|36
625|22
626|0
627|22
628|18
629|30
630|38
631|42
632|34
633|26
634|30
635|33
636|4
637|17
638|36
639|7
640|19
641|21
642|33
643|24
644|27
645|17
646|5
647|18
648|3
649|32
650|22
651|20
652|23
653|42
654|6
655|12
656|41
657|44
658|21
659|24
660|38
661|34
662|33
663|28
664|31
665|47
666|3
667|25
668|4
669|2
670|35
671|5
672|21
673|10
674|15
675|18
676|41
677|49
678|38
679|22
680|16
681|48
682|18
683|13
684|12
685|6
686|21
687|13
688|40
689|45
690|47
691|29
692|5
693|11
694|24
695|49
696|29
697|28
698|31
699|27
700|3
701|36
702|0
703|0
704|4
705|24
706|33
707|35
708|29
709|33
710|12
711|36
712|47
713|25
714|2
715|32
716|39
717|29
718|44
719|40
720|40
721|47
722|14
723|8
724|35
725|5
726|38
727|30
728|39
729|35
730|1
731|27
732|30
733|10
734|45
735|17
736|8
737|34
738|17
739|24
740|27
741|1
742|33
743|27
744|49
745|43
746|49
747|16
748|30
749|48
750|10
751|10
752|0
753|3
754|39
755|13
756|2
757|9
758|45
759|10
760|8
761|16
762|10
763|42
764|1
765|28
766|3
767|3
768|40
769|12
770|4
771|15
772|41
773|4
774|35
775|7
776|21
777|27
778|29
779|32
780|27
781|23
782|23
783|34
784|40
785|5
786|20
787|20
788|37
789|27
790|13
791|37
792|25
793|34
794|31
795|26
796|36
797|34
798|0
799|9
800|32
801|11
802|39
803|9
804|16
805|4
806|4
807|12
808|27
809|41
810|47
811|38
812|5
813|24
814|14
815|15
816|24
817|45
818|16
819|13
820|4
821|19
822|32
823|40
824|45
825|8
826|5
827|10
828|12
829|29
830|35
831|44
832|5
833|26
834|14
835|34
836|15
837|49
838|28
839|26
840|18
841|27
842|17
843|19
844|38
845|40
846|19
847|1
848|34
849|42
850|25
851|28
852|39
853|47
854|10
855|46
856|32
857|34
858|1
859|6
860|31
861|15
862|3
863|43
864|38
865|24
866|9
867|46
868|45
869|30
870|35
871|41
872|39
873|43
874|32
875|9
876|12
877|3
878|30
879|35
880|28
881|3
882|46
883|25
884|27
885|18
886|43
887|20
888|44
889|27
890|46
891|48
892|40
893|14
894|22
895|47
896|5
897|31
898|17
899|4
900|15
901|27
902|49
903|28
904|20
905|46
906|7
907|15
908|30
909|21
910|44
911|8
912|12
913|18
914|46
915|10
916|7
917|17
918|47
919|47
920|49
921|25
922|43
923|10
924|24
925|10
926|21
927|6
928|10
929|37
930|33
931|42
932|48
933|38
934|14
935|3
936|19
937|41
938|25
939|21
940|3
941|25
942|49
943|32
944|49
945|30
946|2
947|6
948|27
949|47
950|24
951|0
952|48
953|3
954|46
955|35
956|19
957|38
958|17
959|45
960|42
961|38
962|28
963|42
964|8
965|32
966|0
967|39
968|3
969|13
970|1
971|16
972|9
973|49
974|42
975|44
976|17
977|42
978|11
979|15
980|7
981|6
982|26
983|43
984|49
985|10
986|18
987|11
988|29
989|8
990|48
991|45
992|38
993|23
994|18
995|36
996|35
997|47
998|41
999|21
1000|13
1001|12
1002|44
1003|45
1004|6
1005|49
1006|45
1007|33
1008|19
1009|49
1010|8
1011|23
1012|5
1013|15
1014|23
1015|19
1016|7
1017|48
1018|13
1019|47
1020|0
1021|22
1022|18
1023|48
1024|44
1025|48
1026|32
1027|34
1028|48
1029|19
1030|21
1031|17
1032|25
1033|41
1034|49
1035|20
1036|32
1037|2
1038|12
1039|12
1040|32
1041|4
1042|18
1043|6
1044|16
1045|43
1046|3
1047|11
1048|4
1049|26
1050|28
1051|11
1052|1
1053|49
1054|19
1055|19
1056|5
1057|11
1058|1
1059|48
1060|12
1061|47
1062|18
1063|16
1064|11
1065|46
1066|35
1067|23
1068|18
1069|22
1070|13
1071|46
1072|8
1073|13
1074|2
1075|22
1076|49
1077|18
1078|32
1079|20
1080|35
1081|29
1082|27
1083|3
1084|12
1085|31
1086|37
1087|34
1088|49
1089|3
1090|28
1091|26
1092|12
1093|23
1094|8
1095|46
1096|18
1097|42
1098|49
1099|16
1100|13
1101|35
1102|20
1103|34
1104|21
1105|12
1106|1
1107|8
1108|20
1109|4
1110|43
1111|43
1112|47
1113|38
1114|49
1115|40
1116|15
1117|31
1118|33
1119|23
1120|37
1121|43
1122|39
1123|41
1124|37
1125|39
1126|28
1127|19
1128|11
1129|6
1130|38
1131|11
1132|37
1133|16
1134|30
1135|41
1136|18
1137|24
1138|7
1139|8
1140|29
1141|6
1142|32
1143|7
1144|44
1145|22
1146|21
1147|40
1148|42
1149|31
1150|40
1151|43
1152|16
1153|42
1154|23
1155|7
1156|40
1157|18
1158|40
1159|33
1160|41
1161|8
1162|15
1163|5
1164|49
1165|7
1166|15
1167|1
1168|44
1169|48
1170|0
1171|14
1172|9
1173|26
1174|4
1175|30
1176|19
1177|29
1178|20
1179|45
1180|37
1181|45
1182|6
1183|7
1184|4
1185|37
1186|26
1187|6
1188|3
1189|40
1190|15
1191|18
1192|12
1193|40
1194|4
1195|34
1196|37
1197|22
1198|28
1199|47
1200|49
1201|27
1202|7
1203|34
1204|2
1205|26
1206|47
1207|29
1208|20
1209|7
1210|29
1211|23
1212|12
1213|21
1214|42
1215|35
1216|39
1217|40
1218|7
1219|31
1220|6
1221|49
1222|10
1223|33
1224|42
1225|10
1226|42
1227|32
1228|17
1229|0
1230|43
1231|16
1232|14
1233|42
1234|10
1235|18
1236|0
1237|24
1238|22
1239|41
1240|43
1241|19
1242|49
1243|38
1244|18
1245|5
1246|19
1247|23
1248|2
1249|42
1250|45
1251|35
1252|24
1253|38
1254|21
1255|4
1256|2
1257|10
1258|29
1259|13
1260|12
1261|45
1262|24
1263|7
1264|30
1265|1
1266|1
1267|11
1268|31
1269|32
1270|25
1271|10
1272|47
1273|40
1274|1
1275|44
1276|23
1277|0
1278|17
1279|19
1280|26
1281|31
1282|7
1283|26
1284|30
1285|24
1286|27
1287|22
1288|3
1289|8
1290|6
1291|0
1292|4
1293|7
1294|0
1295|21
1296|37
1297|40
1298|25
1299|35
1300|1
1301|23
1302|26
1303|22
1304|11
1305|35
1306|30
1307|21
1308|43
1309|26
1310|35
1311|30
1312|33
1313|0
1314|10
1315|37
1316|8
1317|14
1318|3
1319|28
1320|33
1321|28
1322|41
1323|49
1324|30
1325|42
1326|13
1327|46
1328|44
1329|20
1330|14
1331|18
1332|20
1333|41
1334|15
1335|16
1336|0
1337|39
1338|17
1339|14
1340|23
1341|2
1342|29
1343|33
1344|34
1345|20
1346|46
1347|32
1348|28
1349|25
1350|33
1351|1
1352|19
1353|21
1354|11
1355|35
1356|38
1357|32
1358|22
1359|47
1360|3
1361|47
1362|11
1363|16
1364|8
1365|12
1366|34
1367|44
1368|28
1369|8
1370|19
1371|21
1372|44
1373|2
1374|32
1375|6
1376|8
1377|33
1378|5
1379|45
1380|44
1381|32
1382|43
1383|38
1384|36
1385|12
1386|16
1387|15
1388|8
1389|34
1390|30
1391|9
1392|38
1393|27
1394|5
1395|39
1396|9
1397|7
1398|17
1399|49
1400|37
1401|18
1402|31
1403|30
1404|19
1405|38
1406|6
1407|37
1408|33
1409|46
1410|20
1411|47
1412|43
1413|14
1414|25
1415|41
1416|9
1417|13
1418|46
1419|0
1420|1
1421|11
1422|11
1423|35
1424|49
1425|42
1426|25
1427|2
1428|3
1429|41
1430|6
1431|40
1432|13
1433|0
1434|29
1435|22
1436|41
1437|25
1438|48
1439|26
1440|43
1441|32
1442|39
1443|46
1444|12
1445|42
1446|35
1447|47
1448|11
1449|9
1450|46
1451|25
1452|28
1453|17
1454|20
1455|0
1456|36
1457|21
1458|14
1459|49
1460|28
1461|22
1462|41
1463|47
1464|22
1465|0
1466|16
1467|0
1468|15
1469|17
1470|0
1471|34
1472|13
1473|2
1474|28
1475|29
1476|19
1477|20
1478|39
1479|3
1480|33
1481|34
1482|21
1483|6
1484|23
1485|18
1486|2
1487|4
1488|13
1489|31
1490|11
1491|40
1492|24
1493|45
1494|8
1495|23
1496|30
1497|48
1498|24
1499|36
1500|13
1501|36
1502|22
1503|12
1504|46
1505|32
1506|14
1507|15
1508|48
1509|30
1510|25
1511|48
1512|20
1513|3
1514|16
1515|42
1516|2
1517|4
1518|21
1519|38
1520|11
1521|5
1522|3
1523|21
1524|20
1525|1
1526|29
1527|5
1528|0
1529|34
1530|14
1531|21
1532|12
1533|2
1534|42
1535|38
1536|20
1537|29
1538|39
1539|21
1540|16
1541|34
1542|8
1543|25
1544|23
1545|35
1546|46
1547|49
1548|28
1549|25
1550|5
1551|45
1552|35
1553|39
1554|49
1555|34
1556|28
1557|37
1558|42
1559|46
1560|16
1561|3
1562|6
1563|5
1564|18
1565|20
1566|32
1567|28
1568|46
1569|6
1570|10
1571|24
1572|24
1573|48
1574|19
1575|16
1576|12
1577|26
1578|2
1579|27
1580|11
1581|2
1582|4
1583|32
1584|21
1585|38
1586|14
1587|43
1588|24
1589|17
1590|40
1591|43
1592|37
1593|16
1594|31
1595|45
1596|15
1597|16
1598|16
1599|3
1600|39
1601|15
1602|24
1603|34
1604|4
1605|7
1606|18
1607|4
1608|19
1609|33
1610|43
1611|31
1612|49
1613|38
1614|8
1615|14
1616|37
1617|35
1618|25
1619|29
1620|43
1621|35
1622|36
1623|47
1624|28
1625|4
1626|21
1627|49
1628|48
1629|32
1630|2
1631|45
1632|41
1633|17
1634|22
1635|42
1636|42
1637|3
1638|0
1639|38
1640|26
1641|43
1642|29
1643|21
1644|29
1645|46
1646|38
1647|9
1648|20
1649|26
1650|43
1651|48
1652|16
1653|9
1654|44
1655|3
1656|21
1657|3
1658|0
1659|30
1660|47
1661|13
1662|45
1663|31
1664|6
1665|7
1666|14
1667|40
1668|0
1669|22
1670|32
1671|11
1672|36
1673|1
1674|44
1675|44
1676|48
1677|10
1678|41
1679|4
1680|35
1681|6
1682|4
1683|30
1684|15
1685|38
1686|45
1687|31
1688|0
1689|40
1690|17
1691|47
1692|12
1693|7
1694|17
1695|28
1696|3
1697|9
1698|16
1699|32
1700|27
1701|1
1702|14
1703|0
1704|2
1705|32
1706|41
1707|17
1708|2
1709|36
1710|7
1711|7
1712|7
1713|32
1714|21
1715|9
1716|26
1717|32
1718|39
1719|46
1720|26
1721|44
1722|38
1723|18
1724|46
1725|12
1726|41
1727|20
1728|17
1729|42
1730|9
1731|28
1732|40
1733|24
1734|37
1735|1
1736|23
1737|14
1738|34
1739|46
1740|5
1741|30
1742|49
1743|16
1744|10
1745|7
1746|14
1747|21
1748|14
1749|31
1750|20
1751|47
1752|18
1753|47
1754|37
1755|49
1756|18
1757|27
1758|7
1759|24
1760|10
1761|5
1762|2
1763|19
1764|13
1765|8
1766|11
1767|25
1768|3
1769|3
1770|28
1771|25
1772|48
1773|43
1774|44
1775|33
1776|8
1777|1
1778|4
1779|29
1780|41
1781|8
1782|13
1783|17
1784|41
1785|20
1786|13
1787|17
1788|2
1789|2
1790|13
1791|1
1792|9
1793|26
1794|48
1795|31
1796|44
1797|11
1798|34
1799|6
1800|42
1801|0
1802|25
1803|29
1804|21
1805|38
1806|36
1807|46
1808|32
1809|2
1810|15
1811|5
1812|25
1813|31
1814|34
1815|33
1816|47
1817|2
1818|43
1819|43
1820|42
1821|47
1822|32
1823|12
1824|24
1825|36
1826|10
1827|9
1828|6
1829|31
1830|46
1831|0
1832|8
1833|36
1834|26
1835|4
1836|4
1837|42
1838|22
1839|40
1840|17
1841|0
1842|2
1843|35
1844|7
1845|32
1846|32
1847|29
1848|8
1849|9
1850|1
1851|15
1852|17
1853|41
1854|48
1855|8
1856|6
1857|0
1858|49
1859|48
1860|3
1861|39
1862|3
1863|5
1864|19
1865|22
1866|15
1867|26
1868|25
1869|49
1870|16
1871|39
1872|17
1873|47
1874|47
1875|49
1876|22
1877|29
1878|27
1879|34
1880|27
1881|36
1882|42
1883|34
1884|22
1885|36
1886|46
1887|22
1888|38
1889|23
1890|36
1891|39
1892|35
1893|41
1894|5
1895|41
1896|1
1897|41
1898|23
1899|19
1900|0
1901|21
1902|20
1903|40
1904|43
1905|0
1906|22
1907|27
1908|10
1909|9
1910|43
1911|47
1912|23
1913|38
1914|34
1915|26
1916|33
1917|30
1918|37
1919|36
1920|12
1921|35
1922|11
1923|3
1924|28
1925|35
1926|32
1927|7
1928|39
1929|3
1930|47
1931|43
1932|9
1933|0
1934|24
1935|48
1936|19
1937|48
1938|16
1939|49
1940|31
1941|43
1942|0
1943|9
1944|40
1945|9
1946|28
1947|42
1948|6
1949|29
1950|1
1951|13
1952|38
1953|17
1954|44
1955|10
1956|46
1957|35
1958|36
1959|27
1960|35
1961|21
1962|28
1963|38
1964|40
1965|45
1966|38
1967|23
1968|19
1969|11
1970|27
1971|42
1972|38
1973|42
1974|26
1975|39
1976|2
1977|34
1978|41
1979|24
1980|10
1981|10
1982|28
1983|46
1984|37
1985|26
1986|18
1987|37
1988|17
1989|39
1990|1
1991|46
1992|26
1993|28
1994|39
1995|42
1996|47
1997|28
1998|40
1999|18
2000|13
2001|30
2002|33
2003|42
2004|35
2005|40
2006|41
2007|25
2008|23
2009|46
2010|32
2011|7
2012|31
2013|0
2014|48
2015|20
2016|26
2017|10
2018|41
2019|30
2020|35
2021|38
2022|41
2023|13
2024|17
2025|46
2026|49
2027|10
2028|38
2029|1
2030|28
2031|43
2032|39
2033|27
2034|17
2035|3
2036|3
2037|28
2038|16
2039|44
2040|11
2041|46
2042|17
2043|30
2044|21
2045|42
2046|37
2047|44
2048|23
2049|16
2050|26
2051|41
2052|16
2053|37
2054|32
2055|26
2056|6
2057|3
2058|19
2059|8
2060|13
2061|15
2062|40
2063|10
2064|13
2065|9
2066|16
2067|9
2068|6
2069|27
2070|45
2071|3
2072|0
2073|39
2074|49
2075|3
2076|23
2077|28
2078|1
2079|48
2080|5
2081|49
2082|41
2083|5
2084|12
2085|31
2086|28
2087|20
2088|30
2089|46
2090|46
2091|2
2092|38
2093|22
2094|44
2095|0
2096|32
2097|39
2098|42
2099|30
2100|20
2101|23
2102|43
2103|47
2104|49
2105|25
2106|33
2107|10
2108|20
2109|24
2110|24
2111|3
2112|30
2113|7
2114|35
2115|32
2116|11
2117|13
2118|3
2119|3
2120|17
2121|17
2122|29
2123|47
2124|30
2125|26
2126|34
2127|16
2128|29
2129|44
2130|3
2131|9
2132|40
2133|34
2134|10
2135|15
2136|35
2137|8
2138|2
2139|26
2140|26
2141|0
2142|20
2143|44
2144|21
2145|29
2146|34
2147|11
2148|5
2149|40
2150|38
2151|31
2152|34
2153|12
2154|31
2155|39
2156|17
2157|15
2158|48
2159|14
2160|23
2161|5
2162|22
2163|24
2164|5
2165|27
2166|24
2167|19
2168|4
2169|15
2170|30
2171|35
2172|3
2173|17
2174|25
2175|24
2176|47
2177|20
2178|49
2179|3
2180|29
2181|25
2182|25
2183|0
2184|4
2185|43
2186|31
2187|29
2188|5
2189|36
2190|40
2191|14
2192|16
2193|30
2194|35
2195|47
2196|9
2197|32
2198|42
2199|20
2200|30
2201|21
2202|46
2203|35
2204|13
2205|8
2206|4
2207|24
2208|30
2209|30
2210|17
2211|18
2212|3
2213|25
2214|21
2215|16
2216|36
2217|10
2218|43
2219|17
2220|27
2221|10
2222|30
2223|28
2224|40
2225|43
2226|36
2227|10
2228|30
2229|13
2230|28
2231|23
2232|19
2233|5
2234|12
2235|12
2236|47
2237|24
2238|0
2239|41
2240|2
2241|18
2242|29
2243|22
2244|41
2245|34
2246|22
2247|22
2248|37
2249|15
2250|44
2251|21
2252|6
2253|44
2254|4
2255|44
2256|46
2257|21
2258|32
2259|45
2260|29
2261|2
2262|7
2263|37
2264|9
2265|39
2266|19
2267|2
2268|38
2269|16
2270|45
2271|19
2272|18
2273|21
2274|26
2275|28
2276|30
2277|2
2278|29
2279|26
2280|11
2281|18
2282|24
2283|21
2284|32
2285|12
2286|41
2287|6
2288|42
2289|12
2290|9
2291|41
2292|42
2293|33
2294|36
2295|25
2296|10
2297|12
2298|14
2299|15
2300|8
2301|38
2302|2
2303|37
2304|43
2305|48
2306|31
2307|12
2308|45
2309|40
2310|40
2311|27
2312|48
2313|3
2314|24
2315|42
2316|21
2317|13
2318|43
2319|1
2320|37
2321|14
2322|18
2323|28
2324|29
2325|13
2326|29
2327|43
2328|41
2329|7
2330|3
2331|41
2332|37
2333|38
2334|40
2335|20
2336|31
2337|41
2338|13
2339|28
2340|22
2341|8
2342|29
2343|22
2344|26
2345|48
2346|16
2347|22
2348|21
2349|22
2350|39
2351|5
2352|8
2353|49
2354|29
2355|12
2356|3
2357|38
2358|39
2359|18
2360|22
2361|42
2362|14
2363|37
2364|26
2365|8
2366|35
2367|45
2368|29
2369|46
2370|25
2371|30
2372|43
2373|40
2374|6
2375|34
2376|14
2377|25
2378|15
2379|28
2380|15
2381|27
2382|45
2383|29
2384|49
2385|24
2386|14
2387|19
2388|45
2389|20
2390|19
2391|40
2392|36
2393|22
2394|8
2395|33
2396|38
2397|30
2398|32
2399|1
2400|30
2401|20
2402|36
2403|4
2404|24
2405|45
2406|13
2407|28
2408|8
2409|20
2410|24
2411|2
2412|16
2413|18
2414|48
2415|14
2416|33
2417|12
2418|14
2419|49
2420|25
2421|44
2422|31
2423|19
2424|14
2425|0
2426|27
2427|9
2428|3
2429|46
2430|9
2431|26
2432|38
2433|37
2434|12
2435|10
2436|38
2437|49
2438|48
2439|18
2440|23
2441|34
2442|20
2443|6
2444|4
2445|44
2446|34
2447|41
2448|44
2449|8
2450|25
2451|11
2452|19
2453|29
2454|25
2455|9
2456|8
2457|7
2458|11
2459|18
2460|43
2461|42
2462|42
2463|47
2464|45
2465|31
2466|18
2467|15
2468|32
2469|20
2470|33
2471|35
2472|46
2473|7
2474|25
2475|33
2476|11
2477|44
2478|21
2479|39
2480|45
2481|38
2482|45
2483|33
2484|32
2485|29
2486|16
2487|18
2488|35
2489|35
2490|45
2491|13
2492|30
2493|29
2494|23
2495|45
2496|22
2497|30
2498|18
2499|19
2500|8
2501|25
2502|44
2503|30
2504|27
2505|13
2506|15
2507|43
2508|46
2509|29
2510|47
2511|41
2512|48
2513|21
2514|35
2515|25
2516|14
2517|1
2518|7
2519|9
2520|48
2521|44
2522|15
2523|8
2524|21
2525|37
2526|28
2527|41
2528|0
2529|45
2530|17
2531|34
2532|24
2533|18
2534|49
2535|40
2536|8
2537|29
2538|9
2539|40
2540|15
2541|32
2542|34
2543|9
2544|30
2545|32
2546|16
2547|25
2548|33
2549|34
2550|24
2551|38
2552|45
2553|15
2554|8
2555|26
2556|35
2557|39
2558|33
2559|36
2560|45
2561|37
2562|33
2563|36
2564|11
2565|15
2566|10
2567|32
2568|38
2569|36
2570|0
2571|44
2572|36
2573|36
2574|18
2575|6
2576|38
2577|43
2578|1
2579|7
2580|40
2581|7
2582|9
2583|18
2584|46
2585|26
2586|8
2587|49
2588|2
2589|13
2590|48
2591|25
2592|0
2593|47
2594|1
2595|3
2596|32
2597|9
2598|27
2599|12
2600|42
2601|32
2602|18
2603|37
2604|49
2605|0
2606|25
2607|9
2608|16
2609|27
2610|37
2611|17
2612|46
2613|24
2614|10
2615|24
2616|4
2617|49
2618|10
2619|21
2620|46
2621|17
2622|25
2623|34
2624|24
2625|43
2626|43
2627|26
2628|33
2629|6
2630|19
2631|29
2632|12
2633|36
2634|37
2635|15
2636|22
2637|12
2638|37
2639|0
2640|39
2641|25
2642|18
2643|20
2644|39
2645|3
2646|6
2647|36
2648|48
2649|24
2650|48
2651|3
2652|0
2653|1
2654|48
2655|10
2656|19
2657|28
2658|42
2659|33
2660|32
2661|2
2662|20
2663|14
2664|13
2665|45
2666|6
2667|18
2668|33
2669|0
2670|2
2671|45
2672|33
2673|9
2674|8
2675|24
2676|5
2677|14
2678|41
2679|17
2680|32
2681|39
2682|3
2683|27
2684|10
2685|41
2686|1
2687|32
2688|27
2689|49
2690|24
2691|42
2692|35
2693|48
2694|27
2695|38
2696|3
2697|40
2698|26
2699|45
2700|28
2701|13
2702|15
2703|29
2704|18
2705|48
2706|0
2707|13
2708|45
2709|1
2710|46
2711|15
2712|6
2713|48
2714|48
2715|48
2716|42
2717|12
2718|0
2719|4
2720|25
2721|22
2722|30
2723|1
2724|5
2725|32
2726|30
2727|42
2728|21
2729|44
2730|8
2731|26
2732|46
2733|5
2734|13
2735|0
2736|13
2737|49
2738|10
2739|15
2740|5
2741|17
2742|7
2743|20
2744|15
2745|39
2746|36
2747|3
2748|22
2749|17
2750|26
2751|34
2752|42
2753|20
2754|13
2755|22
2756|5
2757|26
2758|6
2759|44
2760|36
2761|21
2762|22
2763|49
2764|44
2765|15
2766|46
2767|13
2768|19
2769|26
2770|24
2771|30
2772|36
2773|37
2774|27
2775|35
2776|10
2777|48
2778|42
2779|23
2780|48
2781|12
2782|3
2783|11
2784|34
2785|8
2786|26
2787|23
2788|47
2789|24
2790|23
2791|19
2792|22
2793|35
2794|23
2795|20
2796|31
2797|17
2798|33
2799|35
2800|25
2801|6
2802|35
2803|27
2804|29
2805|35
2806|42
2807|5
2808|31
2809|5
2810|9
2811|29
2812|34
2813|9
2814|38
2815|29
2816|8
2817|5
2818|22
2819|23
2820|45
2821|11
2822|49
2823|41
2824|34
2825|49
2826|25
2827|13
2828|18
2829|23
2830|17
2831|36
2832|35
2833|2
2834|19
2835|12
2836|22
2837|49
2838|20
2839|4
2840|9
2841|8
2842|34
2843|7
2844|46
2845|40
2846|5
2847|29
2848|12
2849|47
2850|4
2851|10
2852|2
2853|19
2854|22
2855|12
2856|14
2857|34
2858|3
2859|5
2860|48
2861|30
2862|4
2863|13
2864|9
2865|34
2866|7
2867|23
2868|33
2869|33
2870|13
2871|42
2872|1
2873|47
2874|6
2875|0
2876|2
2877|15
2878|29
2879|22
2880|49
2881|0
2882|35
2883|44
2884|44
2885|12
2886|28
2887|10
2888|6
2889|13
2890|35
2891|12
2892|27
2893|0
2894|45
2895|33
2896|3
2897|23
2898|46
2899|32
2900|26
2901|27
2902|7
2903|17
2904|11
2905|4
2906|42
2907|44
2908|26
2909|1
2910|32
2911|12
2912|14
2913|48
2914|45
2915|35
2916|9
2917|9
2918|29
2919|5
2920|39
2921|25
2922|22
2923|38
2924|46
2925|25
2926|48
2927|23
2928|31
2929|8
2930|3
2931|31
2932|34
2933|4
2934|10
2935|41
2936|25
2937|7
2938|25
2939|47
2940|12
2941|30
2942|17
2943|44
2944|37
2945|2
2946|3
2947|21
2948|28
2949|38
2950|19
2951|46
2952|16
2953|12
2954|7
2955|45
2956|49
2957|45
2958|45
2959|16
2960|13
2961|6
2962|17
2963|18
2964|35
2965|22
2966|42
2967|24
2968|42
2969|36
2970|34
2971|39
2972|32
2973|29
2974|27
2975|12
2976|40
2977|18
2978|33
2979|5
2980|38
2981|33
2982|8
2983|33
2984|42
2985|29
2986|29
2987|31
2988|38
2989|0
2990|30
2991|39
2992|34
2993|1
2994|31
2995|28
2996|21
2997|21
2998|13
2999|3
3000|13
