0|11
1|1
2|38
3|44
4|1
5|16
6|12
7|2
8|30
9|1
10|7
11|17
12|7
13|13
14|45
15|43
16|30
17|13
18|4
19|8
20|29
21|33
22|48
23|22
24|34
25|9
26|12
27|19
28|41
29|46
30|40
31|43
32|27
33|47
34|25
35|16
36|12
37|2
38|32
39|10
40|1
41|30
42|32
43|48
44|45
45|20
46|10
47|4
48|28
49|48
50|10
51|48
52|37
53|32
54|32
55|48
56|20
57|14
58|13
59|15
60|47
61|1
62|21
63|20
64|32
65|14
66|28
67|3
68|25
69|9
70|10
71|35
72|9
73|15
74|4
75|17
76|14
77|15
78|36
79|20
80|29
81|35
82|33
83|9
84|34
85|21
86|47
87|41
88|27
89|4
90|49
91|10
92|10
93|4
94|27
95|49
96|43
97|30
98|44
99|18
100|12
101|40
102|48
103|10
104|40
105|11
106|47
107|31
108|14
109|10
110|9
111|5
112|41
113|14
114|17
115|43
116|14
117|14
118|28
119|44
120|44
121|6
122|12
123|6
124|44
125|37
126|35
127|16
128|22
129|45
130|44
131|1
132|46
133|22
134|0
135|36
136|11
137|25
138|36
139|18
140|7
141|22
142|35
143|49
144|37
145|21
146|47
147|13
148|7
149|18
150|21
151|13
152|40
153|38
154|33
155|27
156|16
157|33
158|13
159|17
160|13
161|40
162|15
163|40
164|20
165|46
166|12
167|29
168|34
169|21
170|48
171|48
172|20
173|38
174|41
175|39
176|42
177|2
178|16
179|46
180|5
181|39
182|31
183|24
184|9
185|9
186|46
187|47
188|31
189|42
190|36
191|22
192|17
193|42
194|41
195|12
196|4
197|25
198|3
199|21
200|19
201|24
202|29
203|14
204|49
205|45
206|37
207|1
208|40
209|3
210|15
211|9
212|38
213|25
214|14
215|21
216|25
217|11
218|10
219|44
220|6
221|26
222|20
223|1
224|8
225|1
226|39
227|44
228|25
229|11
230|44
231|47
232|39
233|20
234|12
235|19
236|46
237|38
238|18
239|21
240|27
241|35
242|35
243|28
244|34
245|21
246|28
247|1
248|37
249|49
250|32
251|49
252|10
253|46
254|16
255|15
256|44
257|47
258|49
259|49
260|42
261|23
262|38
263|3
264|22
265|36
266|4
267|48
268|25
269|0
270|15
271|22
272|11
273|26
274|0
275|35
276|35
277|48
278|49
279|47
280|43
281|39
282|34
283|37
284|33
285|29
286|25
287|43
288|49
289|36
290|29
291|35
292|29
293|27
294|17
295|26
296|6
297|8
298|34
299|23
300|30
301|8
302|14
303|35
304|14
305|25
306|39
307|48
308|45
309|49
310|40
311|33
312|10
313|12
314|13
315|8
316|27
317|38
318|22
319|10
320|22
321|33
322|7
323|34
324|7
325|34
326|30
327|9
328|24
329|33
330|49
331|34
332|35
333|11
334|49
335|38
336|1
337|16
338|2
339|49
340|20
341|33
342|11
343|21
344|4
345|16
346|8
347|8
348|19
349|43
350|33
351|35
352|39
353|48
354|39
355|5
356|11
357|10
358|25
359|31
360|2
361|21
362|36
363|38
364|12
365|30
366|25
367|49
368|13
369|30
370|23
371|32
372|18
373|29
374|23
375|4
376|39
377|45
378|10
379|42
380|6
381|25
382|45
383|17
384|36
385|41
386|2
387|47
388|9
389|16
390|26
391|15
392|44
393|14
394|37
395|3
396|1
397|36
398|26
399|15
400|8
401|1
402|22
403|36
404|16
405|40
406|12
407|32
408|16
409|13
410|20
411|27
412|17
413|17
414|20
415|10
416|10
417|33
418|26
419|10
420|34
421|0
422|49
423|18
424|15
425|8
426|5
427|20
428|34
429|46
430|14
431|29
432|12
433|42
434|39
435|25
436|1
437|17
438|40
439|17
440|46
441|32
442|2
443|36
444|5
445|26
446|12
447|8
448|13
449|48
450|42
451|7
452|33
453|28
454|22
455|37
456|11
457|17
458|23
459|48
460|44
461|1
462|9
463|23
464|47
465|46
466|23
467|42
468|23
469|7
470|46
471|40
472|10
473|12
474|47
475|35
476|6
477|9
478|25
479|40
480|45
481|39
482|11
483|46
484|41
485|45
486|1
487|43
488|2
489|39
490|32
491|29
492|30
493|4
494|35
495|9
496|43
497|23
498|12
499|2
500|13
501|40
502|20
503|42
504|31
505|13
506|13
507|10
508|33
509|1
510|47
511|3
512|21
513|24
514|47
515|3
516|47
517|10
518|11
519|43
520|37
521|12
522|37
523|46
524|44
525|47
526|1
527|26
528|27
529|1
530|39
531|9
532|37
533|43
534|48
535|39
536|16
537|47
538|30
539|22
540|31
541|22
542|37
543|5
544|45
545|39
546|45
547|2
548|25
549|34
550|10
551|15
552|20
553|20
554|36
555|37
556|9
557|5
558|3
559|44
560|37
561|12
562|49
563|36
564|38
565|42
566|14
567|43
568|6
569|46
570|4
571|34
572|24
573|30
574|43
575|14
576|19
577|32
578|13
579|13
580|25
581|42
582|28
583|18
584|25
585|35
586|10
587|25
588|5
589|44
590|48
591|27
592|13
593|11
594|41
595|43
596|37
597|22
598|10
599|17
600|9
601|42
602|1
603|44
604|14
605|37
606|1
607|1
608|26
609|21
610|11
611|0
612|6
613|7
614|5
615|29
616|4
617|21
618|16
619|20
620|49
621|25
622|11
623|48
624|12
625|49
626|24
627|34
628|3
629|41
630|42
631|1
632|39
633|45
634|48
635|28
636|26
637|49
638|43
639|38
640|32
641|6
642|30
643|42
644|29
645|42
646|25
647|3
648|42
649|15
650|45
651|15
652|46
653|8
654|19
655|24
656|16
657|47
658|28
659|3
660|43
661|6
662|16
663|4
664|9
665|36
666|21
667|23
668|18
669|7
670|23
671|7
672|5
673|47
674|9
675|38
676|17
677|19
678|5
679|5
680|13
681|19
682|48
683|47
684|9
685|46
686|7
687|25
688|1
689|38
690|4
691|38
692|9
693|46
694|49
695|5
696|34
697|13
698|39
699|44
700|10
701|26
702|44
703|43
704|33
705|20
706|10
707|21
708|12
709|44
710|49
711|30
712|31
713|24
714|5
715|44
716|32
717|40
718|39
719|37
720|36
721|32
722|21
723|11
724|25
725|46
726|33
727|14
728|2
729|49
730|43
731|0
732|44
733|31
734|14
735|45
736|29
737|11
738|38
739|47
740|25
741|12
742|41
743|35
744|39
745|46
746|21
747|43
748|16
749|37
750|38
751|34
752|19
753|9
754|33
755|33
756|28
757|29
758|42
759|7
760|30
761|8
762|38
763|43
764|24
765|14
766|49
767|39
768|32
769|7
770|34
771|18
772|21
773|22
774|35
775|45
776|7
777|40
778|19
779|48
780|34
781|24
782|46
783|41
784|30
785|45
786|25
787|17
788|31
789|2
790|23
791|8
792|15
793|23
794|23
795|7
796|20
797|27
798|13
799|31
800|39
801|16
802|3
803|7
804|30
805|9
806|25
807|1
808|21
809|14
810|10
811|5
812|32
813|20
814|9
815|35
816|20
817|7
818|9
819|12
820|5
821|42
822|21
823|46
824|8
825|8
826|18
827|5
828|40
829|35
830|42
831|18
832|36
833|37
834|10
835|23
836|35
837|47
838|0
839|11
840|12
841|5
842|49
843|11
844|5
845|32
846|38
847|8
848|17
849|31
850|2
851|24
852|23
853|8
854|16
855|15
856|21
857|20
858|4
859|40
860|4
861|16
862|6
863|18
864|11
865|10
866|16
867|34
868|1
869|17
870|34
871|46
872|42
873|30
874|27
875|43
876|22
877|29
878|49
879|38
880|27
881|18
882|2
883|25
884|31
885|37
886|33
887|13
888|22
889|46
890|34
891|27
892|18
893|35
894|20
895|22
896|14
897|16
898|37
899|24
900|25
901|39
902|29
903|0
904|25
905|31
906|6
907|38
908|45
909|4
910|25
911|18
912|37
913|22
914|1
915|34
916|28
917|14
918|34
919|16
920|23
921|46
922|15
923|4
924|22
925|25
926|28
927|12
928|4
929|47
930|40
931|16
932|23
933|37
934|9
935|23
936|10
937|46
938|25
939|18
940|7
941|44
942|49
943|27
944|25
945|46
946|6
947|9
948|25
949|24
950|41
951|6
952|31
953|40
954|28
955|17
956|28
957|28
958|44
959|0
960|38
961|44
962|48
963|17
964|34
965|44
966|40
967|38
968|39
969|29
970|3
971|21
972|9
973|30
974|33
975|33
976|23
977|30
978|17
979|45
980|6
981|34
982|45
983|3
984|46
985|6
986|7
987|20
988|29
989|4
990|4
991|39
992|35
993|44
994|6
995|31
996|37
997|0
998|17
999|31
1000|26
1001|14
1002|22
1003|3
1004|35
1005|23
1006|43
1007|28
1008|16
1009|6
1010|35
1011|19
1012|29
1013|11
1014|42
1015|30
1016|46
1017|26
1018|41
1019|2
1020|13
1021|30
1022|44
1023|44
1024|13
1025|35
1026|43
1027|13
1028|6
1029|7
1030|30
1031|7
1032|5
1033|27
1034|0
1035|48
1036|4
1037|48
1038|32
1039|32
1040|30
1041|38
1042|36
1043|23
1044|21
1045|7
1046|13
1047|23
1048|48
1049|6
1050|47
1051|48
1052|30
1053|47
1054|27
1055|43
1056|32
1057|5
1058|37
1059|10
1060|27
1061|48
1062|25
1063|39
1064|49
1065|40
1066|38
1067|2
1068|25
1069|21
1070|22
1071|4
1072|29
1073|28
1074|48
1075|30
1076|14
1077|35
1078|13
1079|12
1080|48
1081|42
1082|38
1083|11
1084|7
1085|26
1086|43
1087|34
1088|46
1089|0
1090|47
1091|16
1092|33
1093|30
1094|28
1095|21
1096|22
1097|35
1098|18
1099|28
1100|13
1101|49
1102|31
1103|1
1104|45
1105|14
1106|17
1107|30
1108|30
1109|19
1110|21
1111|12
1112|16
1113|1
1114|25
1115|2
1116|17
1117|32
1118|18
1119|28
1120|39
1121|16
1122|33
1123|11
1124|28
1125|40
1126|33
1127|15
1128|32
1129|28
1130|29
1131|38
1132|16
1133|45
1134|7
1135|7
1136|49
1137|24
1138|12
1139|31
1140|1
1141|32
1142|4
1143|31
1144|1
1145|48
1146|36
1147|49
1148|36
1149|22
1150|40
1151|39
1152|8
1153|39
1154|41
1155|6
1156|24
1157|23
1158|18
1159|9
1160|20
1161|40
1162|24
1163|29
1164|17
1165|12
1166|16
1167|0
1168|31
1169|34
1170|25
1171|10
1172|39
1173|48
1174|12
1175|31
1176|31
1177|3
1178|12
1179|6
1180|7
1181|23
1182|43
1183|18
1184|17
1185|1
1186|29
1187|28
1188|33
1189|23
1190|24
1191|8
1192|16
1193|9
1194|14
1195|48
1196|27
1197|30
1198|20
1199|43
1200|17
1201|20
1202|15
1203|24
1204|46
1205|42
1206|12
1207|10
1208|0
1209|29
1210|22
1211|5
1212|11
1213|5
1214|9
1215|39
1216|20
1217|6
1218|27
1219|3
1220|17
1221|33
1222|11
1223|49
1224|18
1225|44
1226|8
1227|43
1228|2
1229|24
1230|18
1231|24
1232|12
1233|18
1234|33
1235|48
1236|14
1237|5
1238|14
1239|6
1240|25
1241|10
1242|9
1243|45
1244|13
1245|30
1246|33
1247|48
1248|44
1249|20
1250|2
1251|39
1252|40
1253|41
1254|27
1255|46
1256|39
1257|43
1258|24
1259|37
1260|27
1261|46
1262|32
1263|1
1264|22
1265|42
1266|48
1267|34
1268|25
1269|0
1270|2
1271|27
1272|8
1273|43
1274|40
1275|13
1276|48
1277|5
1278|3
1279|4
1280|42
1281|20
1282|34
1283|13
1284|21
1285|12
1286|44
1287|41
1288|27
1289|29
1290|47
1291|32
1292|49
1293|43
1294|42
1295|0
1296|49
1297|31
1298|18
1299|34
1300|49
1301|46
1302|24
1303|49
1304|13
1305|42
1306|11
1307|28
1308|2
1309|42
1310|35
1311|23
1312|0
1313|11
1314|48
1315|30
1316|17
1317|1
1318|32
1319|12
1320|6
1321|0
1322|6
1323|46
1324|30
1325|36
1326|22
1327|39
1328|24
1329|29
1330|42
1331|26
1332|8
1333|20
1334|43
1335|17
1336|30
1337|48
1338|39
1339|24
1340|1
1341|36
1342|34
1343|40
1344|29
1345|7
1346|27
1347|13
1348|16
1349|36
1350|26
1351|16
1352|41
1353|22
1354|11
1355|17
1356|13
1357|44
1358|42
1359|28
1360|45
1361|39
1362|3
1363|42
1364|18
1365|3
1366|1
1367|20
1368|40
1369|41
1370|1
1371|29
1372|44
1373|5
1374|7
1375|46
1376|2
1377|25
1378|19
1379|14
1380|41
1381|6
1382|38
1383|6
1384|20
1385|15
1386|3
1387|49
1388|43
1389|42
1390|43
1391|47
1392|28
1393|47
1394|24
1395|38
1396|6
1397|8
1398|19
1399|19
1400|27
1401|23
1402|36
1403|41
1404|40
1405|32
1406|48
1407|43
1408|12
1409|41
1410|11
1411|39
1412|6
1413|39
1414|14
1415|22
1416|11
1417|34
1418|0
1419|18
1420|2
1421|0
1422|37
1423|32
1424|44
1425|38
1426|28
1427|21
1428|18
1429|16
1430|24
1431|27
1432|27
1433|38
1434|27
1435|20
1436|38
1437|31
1438|34
1439|13
1440|5
1441|21
1442|30
1443|48
1444|26
1445|21
1446|42
1447|0
1448|33
1449|1
1450|24
1451|33
1452|19
1453|30
1454|0
1455|49
1456|27
1457|16
1458|32
1459|41
1460|26
1461|20
1462|31
1463|47
1464|3
1465|26
1466|41
1467|16
1468|11
1469|11
1470|29
1471|16
1472|13
1473|0
1474|31
1475|31
1476|46
1477|5
1478|38
1479|19
1480|14
1481|15
1482|22
1483|47
1484|17
1485|19
1486|12
1487|46
1488|15
1489|32
1490|47
1491|47
1492|33
1493|31
1494|19
1495|7
1496|49
1497|17
1498|16
1499|28
1500|45
1501|9
1502|13
1503|43
1504|12
1505|40
1506|13
1507|12
1508|42
1509|14
1510|4
1511|18
1512|0
1513|36
1514|9
1515|16
1516|44
1517|31
1518|1
1519|39
1520|8
1521|5
1522|45
1523|36
1524|4
1525|13
1526|32
1527|18
1528|5
1529|33
1530|41
1531|18
1532|5
1533|36
1534|5
1535|3
1536|46
1537|40
1538|5
1539|2
1540|27
1541|39
1542|43
1543|37
1544|2
1545|44
1546|5
1547|30
1548|7
1549|34
1550|43
1551|35
1552|25
1553|45
1554|49
1555|40
1556|13
1557|13
1558|23
1559|48
1560|12
1561|14
1562|41
1563|5
1564|37
1565|29
1566|31
1567|16
1568|6
1569|24
1570|48
1571|5
1572|14
1573|29
1574|17
1575|26
1576|0
1577|42
1578|12
1579|17
1580|17
1581|49
1582|5
1583|20
1584|12
1585|38
1586|26
1587|34
1588|9
1589|7
1590|12
1591|1
1592|40
1593|28
1594|3
1595|2
1596|26
1597|9
1598|20
1599|34
1600|29
1601|26
1602|36
1603|12
1604|24
1605|17
1606|44
1607|47
1608|40
1609|20
1610|6
1611|33
1612|45
1613|20
1614|43
1615|2
1616|49
1617|16
1618|20
1619|44
1620|7
1621|24
1622|3
1623|12
1624|35
1625|11
1626|0
1627|7
1628|49
1629|23
1630|35
1631|21
1632|27
1633|8
1634|4
1635|6
1636|18
1637|2
1638|46
1639|31
1640|18
1641|49
1642|46
1643|34
1644|49
1645|20
1646|47
1647|8
1648|17
1649|5
1650|22
1651|34
1652|26
1653|22
1654|1
1655|5
1656|42
1657|7
1658|26
1659|1
1660|34
1661|8
1662|15
1663|20
1664|46
1665|28
1666|29
1667|3
1668|10
1669|49
1670|43
1671|33
1672|31
1673|31
1674|39
1675|3
1676|48
1677|13
1678|0
1679|39
1680|14
1681|35
1682|34
1683|20
1684|21
1685|6
1686|44
1687|15
1688|21
1689|5
1690|8
1691|37
1692|7
1693|13
1694|31
1695|16
1696|32
1697|26
1698|27
1699|33
1700|16
1701|17
1702|28
1703|39
1704|45
1705|44
1706|3
1707|43
1708|27
1709|3
1710|17
1711|41
1712|27
1713|48
1714|30
1715|28
1716|22
1717|18
1718|37
1719|15
1720|6
1721|5
1722|31
1723|13
1724|6
1725|39
1726|35
1727|35
1728|27
1729|28
1730|19
1731|49
1732|23
1733|39
1734|9
1735|9
1736|42
1737|19
1738|18
1739|10
1740|32
1741|45
1742|2
1743|4
1744|40
1745|21
1746|49
1747|40
1748|31
1749|28
1750|37
1751|28
1752|15
1753|20
1754|8
1755|45
1756|13
1757|27
1758|18
1759|7
1760|6
1761|15
1762|25
1763|38
1764|4
1765|36
1766|26
1767|48
1768|31
1769|28
1770|7
1771|6
1772|42
1773|3
1774|2
1775|14
1776|25
1777|5
1778|34
1779|7
1780|7
1781|9
1782|28
1783|7
1784|41
1785|12
1786|36
1787|26
1788|36
1789|21
1790|28
1791|41
1792|1
1793|43
1794|32
1795|25
1796|2
1797|32
1798|21
1799|4
1800|36
1801|16
1802|4
1803|25
1804|5
1805|47
1806|3
1807|4
1808|4
1809|24
1810|15
1811|16
1812|1
1813|4
1814|42
1815|37
1816|33
1817|8
1818|26
1819|10
1820|33
1821|26
1822|39
1823|36
1824|30
1825|49
1826|16
1827|34
1828|42
1829|44
1830|5
1831|19
1832|7
1833|21
1834|10
1835|45
1836|18
1837|0
1838|41
1839|19
1840|41
1841|9
1842|34
1843|30
1844|24
1845|12
1846|8
1847|46
1848|36
1849|40
1850|2
1851|30
1852|28
1853|2
1854|17
1855|32
1856|44
1857|3
1858|13
1859|27
1860|38
1861|48
1862|20
1863|43
1864|35
1865|42
1866|26
1867|40
1868|42
1869|1
1870|8
1871|35
1872|7
1873|39
1874|49
1875|17
1876|25
1877|12
1878|0
1879|20
1880|8
1881|43
1882|19
1883|3
1884|9
1885|38
1886|12
1887|23
1888|31
1889|29
1890|40
1891|21
1892|17
1893|41
1894|27
1895|38
1896|20
1897|1
1898|32
1899|21
1900|14
1901|41
1902|1
1903|39
1904|27
1905|2
1906|7
1907|13
1908|36
1909|1
1910|30
1911|39
1912|24
1913|8
1914|10
1915|17
1916|26
1917|14
1918|41
1919|37
1920|2
1921|0
1922|29
1923|13
1924|35
1925|49
1926|27
1927|30
1928|22
1929|16
1930|49
1931|7
1932|21
1933|19
1934|36
1935|3
1936|15
1937|25
1938|19
1939|19
1940|38
1941|34
1942|28
1943|25
1944|1
1945|35
1946|2
1947|39
1948|39
1949|7
1950|16
1951|35
1952|17
1953|30
1954|0
1955|37
1956|1
1957|19
1958|32
1959|19
1960|26
1961|37
1962|26
1963|28
1964|43
1965|35
1966|49
1967|27
1968|4
1969|30
1970|21
1971|29
1972|46
1973|29
1974|34
1975|6
1976|25
1977|16
1978|16
1979|17
1980|20
1981|23
1982|49
1983|42
1984|16
1985|46
1986|22
1987|49
1988|26
1989|8
1990|24
1991|36
1992|30
1993|16
1994|28
1995|44
1996|5
1997|28
1998|18
1999|34
2000|47
2001|37
2002|41
2003|4
2004|14
2005|2
2006|4
2007|26
2008|48
2009|1
2010|12
2011|30
2012|49
2013|20
2014|7
2015|14
2016|7
2017|17
2018|22
2019|13
2020|44
2021|27
2022|14
2023|0
2024|0
2025|41
2026|42
2027|6
2028|38
2029|32
2030|3
2031|22
2032|5
2033|16
2034|19
2035|11
2036|49
2037|46
2038|13
2039|46
2040|35
2041|38
2042|1
2043|15
2044|12
2045|9
2046|3
2047|21
2048|30
2049|43
2050|18
2051|27
2052|17
2053|42
2054|42
2055|20
2056|16
2057|36
2058|43
2059|43
2060|6
2061|10
2062|27
2063|17
2064|0
2065|35
2066|38
2067|24
2068|2
2069|17
2070|27
2071|26
2072|15
2073|11
2074|26
2075|2
2076|45
2077|11
2078|15
2079|0
2080|40
2081|22
2082|38
2083|29
2084|41
2085|19
2086|34
2087|5
2088|9
2089|43
2090|11
2091|14
2092|41
2093|44
2094|28
2095|44
2096|2
2097|28
2098|5
2099|30
2100|31
2101|18
2102|18
2103|2
2104|4
2105|48
2106|18
2107|25
2108|37
2109|31
2110|12
2111|24
2112|36
2113|14
2114|39
2115|40
2116|36
2117|6
2118|26
2119|26
2120|35
2121|10
2122|27
2123|5
2124|48
2125|25
2126|24
2127|42
2128|47
2129|39
2130|18
2131|37
2132|16
2133|9
2134|44
2135|39
2136|26
2137|28
2138|34
2139|29
2140|22
2141|24
2142|44
2143|45
2144|24
2145|35
2146|13
2147|21
2148|21
2149|7
2150|16
2151|19
2152|34
2153|14
2154|0
2155|2
2156|5
2157|43
2158|21
2159|47
2160|28
2161|44
2162|45
2163|23
2164|2
2165|47
2166|43
2167|37
2168|45
2169|42
2170|0
2171|25
2172|18
2173|41
2174|3
2175|45
2176|40
2177|49
2178|4
2179|16
2180|27
2181|7
2182|36
2183|44
2184|31
2185|40
2186|39
2187|26
2188|0
2189|21
2190|41
2191|19
2192|5
2193|1
2194|3
2195|43
2196|21
2197|44
2198|20
2199|16
2200|17
2201|28
2202|43
2203|19
2204|34
2205|39
2206|35
2207|22
2208|32
2209|48
2210|12
2211|1
2212|25
2213|21
2214|33
2215|38
2216|30
2217|0
2218|5
2219|18
2220|3
2221|1
2222|26
2223|35
2224|16
2225|26
2226|38
2227|0
2228|13
2229|25
2230|3
2231|31
2232|26
2233|47
2234|32
2235|6
2236|1
2237|30
2238|27
2239|27
2240|8
2241|17
2242|28
2243|21
2244|45
2245|18
2246|37
2247|32
2248|25
2249|47
2250|48
2251|42
2252|23
2253|30
2254|7
2255|38
2256|42
2257|45
2258|27
2259|33
2260|20
2261|3
2262|46
2263|47
2264|10
2265|24
2266|18
2267|27
2268|26
2269|8
2270|49
2271|41
2272|13
2273|31
2274|48
2275|29
2276|20
2277|41
2278|28
2279|2
2280|27
2281|39
2282|35
2283|12
2284|7
2285|33
2286|32
2287|36
2288|13
2289|20
2290|45
2291|44
2292|10
2293|33
2294|1
2295|29
2296|18
2297|5
2298|0
2299|38
2300|31
2301|44
2302|15
2303|48
2304|47
2305|26
2306|9
2307|22
2308|25
2309|19
2310|44
2311|34
2312|10
2313|35
2314|47
2315|9
2316|18
2317|5
2318|19
2319|15
2320|30
2321|11
2322|2
2323|15
2324|6
2325|3
2326|38
2327|30
2328|42
2329|1
2330|16
2331|11
2332|37
2333|14
2334|7
2335|48
2336|23
2337|1
2338|16
2339|22
2340|15
2341|30
2342|35
2343|23
2344|46
2345|11
2346|41
2347|8
2348|16
2349|37
2350|38
2351|1
2352|31
2353|4
2354|33
2355|44
2356|42
2357|9
2358|23
2359|16
2360|7
2361|18
2362|21
2363|35
2364|25
2365|27
2366|1
2367|16
2368|17
2369|21
2370|34
2371|11
2372|38
2373|39
2374|16
2375|47
2376|40
2377|0
2378|10
2379|13
2380|2
2381|42
2382|27
2383|31
2384|23
2385|24
2386|31
2387|35
2388|24
2389|31
2390|9
2391|27
2392|3
2393|16
2394|4
2395|29
2396|1
2397|19
2398|36
2399|14
2400|7
2401|8
2402|27
2403|46
2404|34
2405|46
2406|11
2407|8
2408|46
2409|34
2410|13
2411|35
2412|19
2413|31
2414|11
2415|40
2416|39
2417|13
2418|17
2419|16
2420|29
2421|35
2422|32
2423|33
2424|12
2425|1
2426|22
2427|47
2428|16
2429|7
2430|2
2431|28
2432|47
2433|15
2434|2
2435|46
2436|49
2437|14
2438|34
2439|7
2440|4
2441|31
2442|14
2443|23
2444|28
2445|41
2446|34
2447|38
2448|32
2449|4
2450|2
2451|26
2452|0
2453|10
2454|6
2455|14
2456|44
2457|11
2458|8
2459|15
2460|25
2461|9
2462|44
2463|11
2464|49
2465|46
2466|13
2467|1
2468|12
2469|49
2470|35
2471|41
2472|1
2473|37
2474|32
2475|21
2476|41
2477|11
2478|20
2479|7
2480|42
2481|6
2482|41
2483|13
2484|37
2485|21
2486|41
2487|39
2488|33
2489|10
2490|3
2491|12
2492|1
2493|10
2494|21
2495|26
2496|23
2497|7
2498|6
2499|0
2500|43
2501|12
2502|20
2503|28
2504|47
2505|42
2506|42
2507|36
2508|46
2509|2
2510|11
2511|43
2512|37
2513|19
2514|28
2515|48
2516|19
2517|13
2518|49
2519|24
2520|44
2521|42
2522|15
2523|45
2524|14
2525|11
2526|42
2527|19
2528|41
2529|7
2530|35
2531|33
2532|0
2533|34
2534|25
2535|48
2536|24
2537|22
2538|3
2539|8
2540|31
2541|13
2542|33
2543|17
2544|44
2545|24
2546|44
2547|30
2548|35
2549|19
2550|31
2551|45
2552|38
2553|7
2554|31
2555|9
2556|14
2557|21
2558|2
2559|42
2560|20
2561|42
2562|20
2563|20
2564|2
2565|12
2566|35
2567|18
2568|13
2569|41
2570|26
2571|41
2572|38
2573|12
2574|24
2575|30
2576|33
2577|14
2578|17
2579|21
2580|46
2581|24
2582|45
2583|7
2584|41
2585|11
2586|40
2587|46
2588|28
2589|21
2590|37
2591|26
2592|1
2593|19
2594|14
2595|3
2596|28
2597|13
2598|2
2599|44
2600|28
2601|33
2602|27
2603|21
2604|42
2605|48
2606|17
2607|34
2608|10
2609|31
2610|13
2611|24
2612|46
2613|34
2614|49
2615|41
2616|31
2617|18
2618|35
2619|38
2620|40
2621|26
2622|0
2623|37
2624|22
2625|10
2626|17
2627|10
2628|12
2629|2
2630|38
2631|37
2632|45
2633|0
2634|13
2635|2
2636|0
2637|17
2638|12
2639|6
2640|12
2641|43
2642|30
2643|37
2644|14
2645|2
2646|49
2647|3
2648|22
2649|20
2650|17
2651|40
2652|32
2653|31
2654|35
2655|26
2656|17
2657|23
2658|12
2659|11
2660|41
2661|30
2662|32
2663|21
2664|16
2665|28
2666|3
2667|42
2668|34
2669|30
2670|13
2671|32
2672|42
2673|42
2674|25
2675|0
2676|15
2677|7
2678|49
2679|29
2680|20
2681|39
2682|12
2683|5
2684|20
2685|45
2686|24
2687|46
2688|33
2689|24
2690|30
2691|13
2692|20
2693|42
2694|41
2695|42
2696|0
2697|33
2698|42
2699|38
2700|19
2701|33
2702|0
2703|28
2704|31
2705|24
2706|31
2707|15
2708|29
2709|34
2710|8
2711|28
2712|28
2713|29
2714|21
2715|16
2716|27
2717|49
2718|0
2719|27
2720|45
2721|36
2722|42
2723|5
2724|30
2725|11
2726|27
2727|33
2728|17
2729|20
2730|35
2731|19
2732|33
2733|3
2734|13
2735|3
2736|24
2737|44
2738|23
2739|12
2740|43
2741|13
2742|14
2743|6
2744|13
2745|43
2746|17
2747|23
2748|40
2749|2
2750|24
2751|19
2752|9
2753|39
2754|39
2755|14
2756|4
2757|25
2758|49
2759|23
2760|25
2761|5
2762|38
2763|37
2764|15
2765|37
2766|45
2767|49
2768|40
2769|39
2770|24
2771|45
2772|26
2773|17
2774|48
2775|25
2776|27
2777|39
2778|47
2779|8
2780|22
2781|39
2782|48
2783|26
2784|16
2785|2
2786|23
2787|26
2788|46
2789|5
2790|45
2791|0
2792|7
2793|31
2794|6
2795|18
2796|2
2797|32
2798|6
2799|41
2800|24
2801|45
2802|41
2803|21
2804|38
2805|6
2806|27
2807|20
2808|1
2809|22
2810|34
2811|14
2812|9
2813|36
2814|1
2815|27
2816|7
2817|15
2818|7
2819|47
2820|16
2821|21
2822|1
2823|16
2824|47
2825|31
2826|8
2827|9
2828|49
2829|19
2830|28
2831|19
2832|5
2833|23
2834|17
2835|13
2836|2
2837|33
2838|34
2839|20
2840|36
2841|19
2842|13
2843|42
2844|36
2845|20
2846|19
2847|0
2848|21
2849|34
2850|8
2851|26
2852|11
2853|12
2854|24
2855|12
2856|17
2857|15
2858|3
2859|39
2860|41
2861|3
2862|33
2863|29
2864|9
2865|22
2866|42
2867|14
2868|9
2869|49
2870|17
2871|43
2872|41
2873|26
2874|30
2875|48
2876|28
2877|31
2878|39
2879|27
2880|34
2881|5
2882|1
2883|38
2884|17
2885|19
2886|14
2887|18
2888|30
2889|0
2890|12
2891|21
2892|38
2893|31
2894|31
2895|26
2896|12
2897|26
2898|45
2899|16
2900|7
2901|19
2902|43
2903|47
2904|18
2905|14
2906|38
2907|30
2908|15
2909|36
2910|35
2911|4
2912|40
2913|39
2914|27
2915|11
2916|2
2917|46
2918|14
2919|22
2920|26
2921|23
2922|24
2923|11
2924|20
2925|42
2926|1
2927|37
2928|20
2929|0
2930|29
2931|37
2932|49
2933|34
2934|4
2935|45
2936|5
2937|26
2938|20
2939|15
2940|30
2941|21
2942|28
2943|49
2944|21
2945|4
2946|0
2947|15
2948|8
2949|34
2950|17
2951|25
2952|23
2953|14
2954|34
2955|31
2956|42
2957|23
2958|39
2959|10
2960|25
2961|46
2962|5
2963|18
2964|30
2965|48
2966|39
2967|35
2968|34
2969|6
2970|47
2971|12
2972|34
2973|21
2974|31
2975|34
2976|2
2977|31
2978|27
2979|23
2980|34
2981|43
2982|23
2983|16
2984|46
2985|3
2986|24
2987|28
2988|5
2989|3
2990|27
2991|49
2992|26
2993|14
2994|4
2995|7
2996|7
2997|32
2998|9
2999|38
3000|36
