0|39
1|16
2|27
3|14
4|22
5|44
6|22
7|36
8|20
9|49
10|34
11|19
12|6
13|29
14|47
15|24
16|20
17|29
18|2
19|46
20|0
21|17
22|42
23|5
24|20
25|18
26|19
27|37
28|27
29|11
30|24
31|22
32|41
33|15
34|8
35|0
36|34
37|9
38|26
39|37
40|9
41|17
42|46
43|41
44|12
45|49
46|19
47|28
48|1
49|32
50|2
51|28
52|31
53|5
54|1
55|24
56|20
57|26
58|37
59|46
60|35
61|28
62|11
63|24
64|41
65|25
66|44
67|13
68|19
69|40
70|34
71|1
72|13
73|10
74|33
75|30
76|19
77|37
78|43
79|3
80|33
81|14
82|14
83|27
84|19
85|35
86|13
87|0
88|27
89|40
90|5
91|6
92|11
93|0
94|26
95|49
96|13
97|2
98|28
99|1
100|41
101|33
102|22
103|14
104|39
105|1
106|36
107|22
108|39
109|6
110|39
111|39
112|36
113|3
114|20
115|39
116|36
117|47
118|48
119|12
120|24
121|35
122|34
123|15
124|34
125|18
126|48
127|2
128|42
129|25
130|29
131|24
132|28
133|6
134|24
135|5
136|18
137|44
138|29
139|18
140|29
141|20
142|36
143|44
144|34
145|4
146|41
147|12
148|32
149|31
150|20
151|44
152|36
153|46
154|35
155|26
156|12
157|30
158|18
159|7
160|29
161|21
162|37
163|4
164|9
165|44
166|12
167|5
168|30
169|40
170|24
171|36
172|17
173|25
174|31
175|23
176|1
177|10
178|17
179|12
180|28
181|32
182|28
183|30
184|49
185|23
186|1
187|48
188|3
189|32
190|48
191|11
192|36
193|32
194|49
195|26
196|28
197|42
198|6
199|49
200|49
201|14
202|48
203|22
204|13
205|40
206|20
207|35
208|35
209|45
210|22
211|48
212|47
213|20
214|5
215|17
216|40
217|49
218|37
219|49
220|20
221|31
222|5
223|4
224|27
225|4
226|7
227|32
228|41
229|45
230|13
231|48
232|30
233|12
234|15
235|28
236|20
237|7
238|12
239|6
240|33
241|20
242|29
243|14
244|45
245|35
246|33
247|23
248|24
249|7
250|26
251|37
252|7
253|27
254|1
255|38
256|41
257|48
258|40
259|26
260|40
261|6
262|25
263|26
264|24
265|13
266|17
267|40
268|33
269|4
270|43
271|42
272|34
273|20
274|29
275|44
276|32
277|29
278|17
279|47
280|35
281|21
282|48
283|3
284|43
285|18
286|25
287|29
288|29
289|48
290|45
291|20
292|27
293|22
294|29
295|44
296|31
297|18
298|43
299|4
300|8
301|5
302|41
303|40
304|36
305|22
306|32
307|25
308|35
309|47
310|40
311|42
312|29
313|14
314|18
315|0
316|16
317|19
318|27
319|41
320|31
321|39
322|23
323|38
324|34
325|4
326|7
327|44
328|38
329|43
330|40
331|43
332|39
333|15
334|10
335|36
336|23
337|11
338|3
339|30
340|13
341|37
342|2
343|40
344|49
345|25
346|9
347|18
348|32
349|16
350|30
351|5
352|30
353|41
354|13
355|21
356|13
357|18
358|33
359|20
360|41
361|49
362|46
363|27
364|7
365|44
366|22
367|23
368|6
369|15
370|34
371|9
372|3
373|33
374|10
375|18
376|10
377|32
378|10
379|4
380|38
381|35
382|16
383|29
384|21
385|14
386|20
387|31
388|26
389|6
390|44
391|2
392|4
393|21
394|45
395|14
396|33
397|14
398|46
399|38
400|42
401|11
402|9
403|7
404|28
405|24
406|48
407|41
408|32
409|12
410|37
411|26
412|25
413|17
414|19
415|38
416|34
417|11
418|3
419|0
420|45
421|33
422|30
423|44
424|45
425|29
426|20
427|36
428|2
429|4
430|26
431|21
432|42
433|13
434|33
435|20
436|31
437|26
438|42
439|40
440|5
441|40
442|35
443|35
444|11
445|46
446|15
447|1
448|10
449|13
450|46
451|48
452|6
453|16
454|19
455|1
456|14
457|42
458|19
459|43
460|29
461|12
462|17
463|19
464|34
465|20
466|41
467|42
468|12
469|34
470|6
471|46
472|20
473|13
474|8
475|21
476|42
477|20
478|48
479|47
480|23
481|0
482|38
483|25
484|15
485|21
486|7
487|47
488|5
489|41
490|14
491|18
492|33
493|26
494|24
495|11
496|0
497|9
498|34
499|6
500|15
501|14
502|39
503|46
504|26
505|47
506|11
507|5
508|17
509|10
510|2
511|3
512|15
513|13
514|49
515|30
516|23
517|1
518|9
519|41
520|46
521|3
522|30
523|27
524|8
525|9
526|19
527|26
528|11
529|32
530|9
531|48
532|32
533|0
534|9
535|19
536|4
537|17
538|29
539|36
540|0
541|24
542|39
543|39
544|24
545|1
546|8
547|13
548|42
549|3
550|38
551|20
552|33
553|4
554|7
555|2
556|26
557|23
558|27
559|15
560|16
561|4
562|29
563|33
564|49
565|48
566|5
567|39
568|22
569|30
570|35
571|38
572|42
573|16
574|45
575|32
576|30
577|2
578|25
579|45
580|32
581|0
582|2
583|3
584|42
585|45
586|46
587|3
588|40
589|42
590|26
591|5
592|37
593|0
594|19
595|42
596|30
597|32
598|21
599|35
600|2
601|0
602|10
603|27
604|43
605|40
606|15
607|13
608|39
609|17
610|7
611|11
612|26
613|6
614|1
615|16
616|32
617|31
618|29
619|12
620|9
621|45
622|42
623|25
624|47
625|43
626|2
627|22
628|43
629|13
630|27
631|48
632|21
633|0
634|39
635|4
636|19
637|1
638|43
639|21
640|28
641|7
642|42
643|44
644|41
645|19
646|11
647|28
648|13
649|46
650|23
651|16
652|28
653|38
654|11
655|49
656|10
657|3
658|25
659|6
660|43
661|17
662|32
663|37
664|16
665|3
666|15
667|19
668|25
669|1
670|38
671|13
672|46
673|7
674|2
675|21
676|11
677|41
678|2
679|17
680|38
681|13
682|12
683|19
684|16
685|25
686|45
687|22
688|20
689|25
690|21
691|38
692|28
693|1
694|38
695|13
696|32
697|27
698|16
699|40
700|14
701|32
702|18
703|31
704|5
705|34
706|22
707|32
708|2
709|17
710|17
711|25
712|28
713|47
714|7
715|26
716|42
717|32
718|9
719|49
720|33
721|32
722|49
723|19
724|22
725|39
726|24
727|42
728|25
729|3
730|45
731|17
732|16
733|17
734|11
735|48
736|49
737|28
738|16
739|46
740|22
741|17
742|31
743|12
744|31
745|15
746|43
747|30
748|30
749|18
750|7
751|14
752|37
753|8
754|25
755|7
756|0
757|21
758|34
759|33
760|5
761|22
762|48
763|40
764|41
765|40
766|34
767|46
768|48
769|31
770|38
771|25
772|34
773|31
774|8
775|9
776|31
777|19
778|43
779|10
780|48
781|0
782|16
783|16
784|20
785|36
786|46
787|44
788|23
789|36
790|42
791|13
792|20
793|20
794|30
795|37
796|12
797|37
798|45
799|33
800|10
801|6
802|1
803|41
804|41
805|2
806|1
807|42
808|9
809|37
810|32
811|24
812|5
813|25
814|43
815|35
816|9
817|43
818|38
819|32
820|1
821|38
822|14
823|14
824|9
825|36
826|9
827|18
828|27
829|19
830|8
831|43
832|7
833|46
834|32
835|45
836|13
837|30
838|4
839|3
840|30
841|2
842|49
843|33
844|10
845|39
846|28
847|9
848|29
849|33
850|48
851|36
852|8
853|7
854|49
855|7
856|22
857|1
858|24
859|26
860|20
861|46
862|33
863|24
864|26
865|46
866|40
867|39
868|24
869|3
870|22
871|41
872|22
873|25
874|37
875|49
876|45
877|3
878|15
879|3
880|31
881|17
882|26
883|36
884|36
885|3
886|21
887|48
888|19
889|16
890|19
891|13
892|44
893|48
894|45
895|13
896|47
897|13
898|24
899|32
900|49
901|15
902|19
903|47
904|30
905|11
906|3
907|31
908|46
909|40
910|14
911|26
912|9
913|22
914|21
915|5
916|0
917|3
918|3
919|22
920|34
921|5
922|29
923|27
924|30
925|46
926|1
927|38
928|21
929|43
930|30
931|27
932|9
933|3
934|36
935|21
936|15
937|11
938|18
939|40
940|1
941|14
942|48
943|48
944|37
945|0
946|49
947|44
948|31
949|33
950|44
951|41
952|16
953|39
954|14
955|31
956|8
957|12
958|1
959|12
960|39
961|4
962|11
963|36
964|38
965|4
966|1
967|9
968|33
969|41
970|44
971|4
972|11
973|45
974|32
975|13
976|0
977|34
978|16
979|36
980|13
981|41
982|48
983|3
984|43
985|14
986|15
987|31
988|32
989|28
990|1
991|14
992|13
993|47
994|25
995|45
996|42
997|17
998|0
999|40
1000|46
1001|6
1002|36
1003|42
1004|13
1005|12
1006|23
1007|47
1008|12
1009|7
1010|37
1011|8
1012|22
1013|2
1014|1
1015|3
1016|2
1017|35
1018|35
1019|34
1020|37
1021|44
1022|17
1023|48
1024|22
1025|14
1026|3
1027|1
1028|15
1029|6
1030|33
1031|44
1032|17
1033|5
1034|32
1035|31
1036|15
1037|24
1038|24
1039|29
1040|48
1041|8
1042|3
1043|48
1044|43
1045|28
1046|21
1047|33
1048|43
1049|49
1050|17
1051|6
1052|21
1053|33
1054|27
1055|1
1056|30
1057|15
1058|36
1059|30
1060|22
1061|13
1062|44
1063|37
1064|1
1065|4
1066|17
1067|5
1068|41
1069|7
1070|5
1071|28
1072|17
1073|39
1074|11
1075|15
1076|47
1077|49
1078|11
1079|14
1080|18
1081|44
1082|18
1083|32
1084|12
1085|27
1086|14
1087|12
1088|42
1089|2
1090|44
1091|12
1092|30
1093|22
1094|35
1095|12
1096|2
1097|14
1098|23
1099|30
1100|44
1101|29
1102|12
1103|30
1104|45
1105|21
1106|4
1107|29
1108|6
1109|2
1110|48
1111|2
1112|17
1113|42
1114|27
1115|17
1116|30
1117|34
1118|3
1119|8
1120|39
1121|44
1122|6
1123|3
1124|1
1125|28
1126|42
1127|3
1128|33
1129|4
1130|43
1131|25
1132|31
1133|2
1134|11
1135|23
1136|21
1137|9
1138|33
1139|36
1140|48
1141|45
1142|47
1143|32
1144|45
1145|19
1146|9
1147|19
1148|21
1149|7
1150|10
1151|42
1152|31
1153|6
1154|28
1155|25
1156|29
1157|8
1158|3
1159|19
1160|45
1161|26
1162|5
1163|49
1164|48
1165|36
1166|11
1167|7
1168|13
1169|39
1170|5
1171|5
1172|11
1173|28
1174|45
1175|25
1176|24
1177|39
1178|21
1179|49
1180|13
1181|44
1182|14
1183|1
1184|0
1185|1
1186|26
1187|32
1188|1
1189|27
1190|40
1191|34
1192|8
1193|47
1194|36
1195|24
1196|21
1197|5
1198|23
1199|45
1200|0
1201|48
1202|20
1203|8
1204|42
1205|30
1206|38
1207|37
1208|44
1209|2
1210|32
1211|42
1212|0
1213|17
1214|32
1215|20
1216|15
1217|43
1218|35
1219|45
1220|6
1221|37
1222|29
1223|7
1224|48
1225|18
1226|0
1227|5
1228|32
1229|19
1230|3
1231|46
1232|12
1233|16
1234|2
1235|32
1236|32
1237|15
1238|34
1239|39
1240|15
1241|42
1242|28
1243|48
1244|46
1245|9
1246|8
1247|39
1248|21
1249|29
1250|40
1251|36
1252|43
1253|34
1254|40
1255|9
1256|14
1257|49
1258|18
1259|8
1260|30
1261|1
1262|22
1263|28
1264|3
1265|28
1266|2
1267|2
1268|5
1269|3
1270|39
1271|16
1272|20
1273|19
1274|18
1275|41
1276|29
1277|26
1278|13
1279|17
1280|24
1281|12
1282|30
1283|49
1284|49
1285|48
1286|9
1287|20
1288|21
1289|5
1290|21
1291|46
1292|26
1293|31
1294|30
1295|43
1296|11
1297|31
1298|46
1299|16
1300|41
1301|42
1302|20
1303|49
1304|48
1305|37
1306|20
1307|2
1308|45
1309|36
1310|23
1311|43
1312|29
1313|48
1314|36
1315|42
1316|29
1317|17
1318|21
1319|43
1320|35
1321|23
1322|26
1323|19
1324|38
1325|48
1326|33
1327|24
1328|23
1329|30
1330|13
1331|42
1332|6
1333|25
1334|23
1335|27
1336|2
1337|5
1338|7
1339|12
1340|28
1341|28
1342|22
1343|20
1344|24
1345|12
1346|21
1347|13
1348|33
1349|32
1350|0
1351|27
1352|3
1353|35
1354|0
1355|20
1356|4
1357|48
1358|35
1359|29
1360|11
1361|2
1362|11
1363|29
1364|11
1365|36
1366|23
1367|45
1368|20
1369|13
1370|21
1371|27
1372|35
1373|30
1374|6
1375|2
1376|46
1377|49
1378|24
1379|43
1380|5
1381|8
1382|41
1383|27
1384|35
1385|34
1386|46
1387|32
1388|5
1389|9
1390|25
1391|15
1392|31
1393|39
1394|27
1395|39
1396|25
1397|47
1398|14
1399|11
1400|26
1401|43
1402|7
1403|16
1404|10
1405|16
1406|41
1407|48
1408|2
1409|27
1410|38
1411|24
1412|28
1413|43
1414|47
1415|2
1416|17
1417|29
1418|25
1419|5
1420|15
1421|11
1422|33
1423|29
1424|41
1425|7
1426|13
1427|24
1428|30
1429|39
1430|39
1431|12
1432|7
1433|12
1434|18
1435|14
1436|3
1437|27
1438|3
1439|28
1440|48
1441|5
1442|8
1443|46
1444|23
1445|43
1446|24
1447|7
1448|7
1449|44
1450|5
1451|17
1452|26
1453|28
1454|36
1455|35
1456|30
1457|45
1458|22
1459|40
1460|15
1461|34
1462|4
1463|29
1464|44
1465|9
1466|15
1467|11
1468|49
1469|5
1470|20
1471|46
1472|20
1473|14
1474|9
1475|35
1476|23
1477|26
1478|15
1479|25
1480|15
1481|8
1482|36
1483|7
1484|38
1485|12
1486|30
1487|48
1488|17
1489|15
1490|15
1491|7
1492|20
1493|0
1494|47
1495|1
1496|34
1497|32
1498|32
1499|38
1500|32
1501|14
1502|16
1503|22
1504|15
1505|48
1506|32
1507|47
1508|19
1509|16
1510|1
1511|48
1512|27
1513|48
1514|21
1515|18
1516|17
1517|47
1518|3
1519|7
1520|13
1521|9
1522|3
1523|37
1524|27
1525|10
1526|20
1527|7
1528|23
1529|32
1530|47
1531|49
1532|22
1533|21
1534|33
1535|33
1536|30
1537|12
1538|15
1539|46
1540|6
1541|44
1542|40
1543|41
1544|47
1545|11
1546|40
1547|24
1548|43
1549|12
1550|18
1551|3
1552|2
1553|37
1554|49
1555|32
1556|31
1557|22
1558|41
1559|39
1560|21
1561|32
1562|21
1563|39
1564|25
1565|46
1566|19
1567|19
1568|1
1569|1
1570|25
1571|1
1572|46
1573|0
1574|16
1575|43
1576|35
1577|36
1578|31
1579|46
1580|2
1581|48
1582|7
1583|47
1584|36
1585|40
1586|20
1587|33
1588|20
1589|20
1590|6
1591|38
1592|31
1593|19
1594|31
1595|21
1596|35
1597|3
1598|46
1599|31
1600|1
1601|10
1602|44
1603|30
1604|15
1605|34
1606|37
1607|32
1608|33
1609|31
1610|33
1611|47
1612|6
1613|33
1614|15
1615|46
1616|46
1617|25
1618|11
1619|0
1620|35
1621|31
1622|15
1623|27
1624|44
1625|29
1626|22
1627|44
1628|30
1629|28
1630|34
1631|23
1632|25
1633|38
1634|31
1635|35
1636|40
1637|19
1638|41
1639|1
1640|12
1641|14
1642|16
1643|15
1644|21
1645|33
1646|18
1647|19
1648|11
1649|33
1650|27
1651|35
1652|47
1653|41
1654|18
1655|7
1656|24
1657|39
1658|29
1659|36
1660|13
1661|20
1662|11
1663|20
1664|7
1665|25
1666|22
1667|0
1668|48
1669|7
1670|32
1671|6
1672|14
1673|28
1674|39
1675|15
1676|3
1677|25
1678|32
1679|12
1680|16
1681|10
1682|15
1683|31
1684|43
1685|40
1686|15
1687|43
1688|1
1689|26
1690|20
1691|30
1692|26
1693|9
1694|25
1695|21
1696|5
1697|31
1698|28
1699|31
1700|23
1701|42
1702|6
1703|21
1704|30
1705|28
1706|41
1707|30
1708|44
1709|20
1710|37
1711|12
1712|45
1713|27
1714|32
1715|42
1716|40
1717|20
1718|36
1719|18
1720|42
1721|26
1722|47
1723|40
1724|31
1725|43
1726|1
1727|44
1728|28
1729|47
1730|38
1731|5
1732|25
1733|27
1734|33
1735|35
1736|49
1737|27
1738|7
1739|46
1740|1
1741|14
1742|6
1743|14
1744|14
1745|15
1746|45
1747|39
1748|23
1749|2
1750|9
1751|40
1752|40
1753|28
1754|25
1755|24
1756|25
1757|45
1758|43
1759|2
1760|25
1761|40
1762|19
1763|14
1764|43
1765|36
1766|41
1767|23
1768|15
1769|18
1770|16
1771|43
1772|10
1773|22
1774|3
1775|26
1776|8
1777|16
1778|18
1779|12
1780|31
1781|13
1782|30
1783|44
1784|27
1785|21
1786|19
1787|10
1788|28
1789|39
1790|28
1791|10
1792|18
1793|45
1794|4
1795|12
1796|35
1797|41
1798|47
1799|27
1800|36
1801|7
1802|23
1803|49
1804|29
1805|49
1806|23
1807|27
1808|35
1809|21
1810|36
1811|16
1812|43
1813|42
1814|7
1815|47
1816|16
1817|44
1818|10
1819|32
1820|40
1821|13
1822|1
1823|41
1824|4
1825|40
1826|46
1827|17
1828|49
1829|29
1830|36
1831|28
1832|15
1833|22
1834|13
1835|48
1836|45
1837|32
1838|3
1839|23
1840|4
1841|25
1842|21
1843|30
1844|48
1845|45
1846|47
1847|26
1848|46
1849|29
1850|10
1851|11
1852|30
1853|22
1854|12
1855|0
1856|32
1857|40
1858|2
1859|49
1860|22
1861|32
1862|22
1863|43
1864|35
1865|32
1866|39
1867|43
1868|37
1869|39
1870|27
1871|2
1872|4
1873|14
1874|18
1875|44
1876|20
1877|40
1878|46
1879|28
1880|27
1881|28
1882|18
1883|25
1884|3
1885|0
1886|48
1887|47
1888|28
1889|18
1890|41
1891|41
1892|9
1893|46
1894|2
1895|29
1896|40
1897|43
1898|42
1899|34
1900|49
1901|26
1902|16
1903|35
1904|11
1905|7
1906|37
1907|43
1908|24
1909|31
1910|49
1911|49
1912|25
1913|14
1914|19
1915|21
1916|29
1917|11
1918|18
1919|49
1920|12
1921|20
1922|16
1923|41
1924|2
1925|24
1926|34
1927|27
1928|9
1929|3
1930|1
1931|43
1932|43
1933|3
1934|37
1935|23
1936|10
1937|7
1938|11
1939|10
1940|29
1941|37
1942|9
1943|6
1944|5
1945|15
1946|20
1947|34
1948|12
1949|46
1950|12
1951|17
1952|45
1953|47
1954|20
1955|47
1956|17
1957|40
1958|0
1959|42
1960|1
1961|36
1962|1
1963|2
1964|37
1965|9
1966|48
1967|44
1968|25
1969|38
1970|12
1971|1
1972|10
1973|49
1974|30
1975|24
1976|8
1977|33
1978|45
1979|39
1980|25
1981|17
1982|46
1983|36
1984|42
1985|4
1986|12
1987|33
1988|27
1989|0
1990|22
1991|13
1992|36
1993|27
1994|5
1995|1
1996|28
1997|44
1998|5
1999|0
2000|25
2001|33
2002|34
2003|24
2004|32
2005|40
2006|15
2007|14
2008|32
2009|30
2010|0
2011|10
2012|27
2013|2
2014|48
2015|11
2016|27
2017|2
2018|18
2019|37
2020|18
2021|3
2022|38
2023|38
2024|26
2025|47
2026|26
2027|35
2028|29
2029|14
2030|48
2031|9
2032|27
2033|35
2034|24
2035|28
2036|10
2037|44
2038|29
2039|27
2040|14
2041|15
2042|40
2043|2
2044|42
2045|25
2046|48
2047|33
2048|10
2049|33
2050|45
2051|16
2052|26
2053|1
2054|25
2055|26
2056|16
2057|33
2058|8
2059|16
2060|44
2061|26
2062|25
2063|46
2064|3
2065|29
2066|43
2067|23
2068|13
2069|1
2070|20
2071|27
2072|47
2073|47
2074|38
2075|5
2076|36
2077|1
2078|10
2079|35
2080|36
2081|46
2082|39
2083|14
2084|8
2085|26
2086|23
2087|44
2088|33
2089|31
2090|12
2091|40
2092|37
2093|8
2094|7
2095|24
2096|1
2097|37
2098|14
2099|37
2100|22
2101|25
2102|18
2103|9
2104|11
2105|17
2106|29
2107|19
2108|40
2109|48
2110|48
2111|25
2112|34
2113|43
2114|1
2115|7
2116|45
2117|4
2118|7
2119|12
2120|3
2121|22
2122|0
2123|5
2124|39
2125|16
2126|15
2127|49
2128|28
2129|1
2130|10
2131|14
2132|24
2133|10
2134|35
2135|40
2136|32
2137|27
2138|16
2139|44
2140|30
2141|38
2142|23
2143|30
2144|13
2145|33
2146|29
2147|11
2148|27
2149|34
2150|29
2151|36
2152|11
2153|5
2154|41
2155|49
2156|33
2157|23
2158|13
2159|29
2160|21
2161|35
2162|25
2163|8
2164|47
2165|43
2166|45
2167|19
2168|9
2169|26
2170|42
2171|1
2172|2
2173|44
2174|24
2175|33
2176|11
2177|47
2178|38
2179|0
2180|14
2181|0
2182|28
2183|21
2184|46
2185|8
2186|43
2187|31
2188|43
2189|43
2190|42
2191|24
2192|46
2193|46
2194|27
2195|47
2196|4
2197|36
2198|46
2199|35
2200|15
2201|1
2202|34
2203|44
2204|43
2205|24
2206|27
2207|42
2208|14
2209|19
2210|2
2211|6
2212|35
2213|20
2214|30
2215|5
2216|20
2217|0
2218|27
2219|33
2220|41
2221|36
2222|29
2223|23
2224|8
2225|40
2226|9
2227|49
2228|5
2229|19
2230|40
2231|30
2232|10
2233|32
2234|20
2235|34
2236|22
2237|32
2238|7
2239|4
2240|7
2241|23
2242|15
2243|37
2244|11
2245|5
2246|18
2247|48
2248|41
2249|40
2250|18
2251|5
2252|15
2253|7
2254|42
2255|15
2256|26
2257|37
2258|14
2259|31
2260|48
2261|47
2262|14
2263|25
2264|7
2265|32
2266|38
2267|49
2268|1
2269|33
2270|34
2271|37
2272|33
2273|35
2274|34
2275|26
2276|24
2277|5
2278|30
2279|46
2280|48
2281|36
2282|21
2283|29
2284|44
2285|20
2286|10
2287|18
2288|30
2289|34
2290|5
2291|43
2292|16
2293|32
2294|39
2295|36
2296|17
2297|22
2298|3
2299|27
2300|26
2301|1
2302|37
2303|15
2304|25
2305|31
2306|35
2307|17
2308|48
2309|42
2310|38
2311|4
2312|0
2313|19
2314|37
2315|37
2316|3
2317|17
2318|3
2319|8
2320|18
2321|14
2322|8
2323|41
2324|48
2325|29
2326|3
2327|47
2328|46
2329|28
2330|3
2331|27
2332|41
2333|32
2334|36
2335|31
2336|7
2337|27
2338|10
2339|2
2340|27
2341|49
2342|38
2343|36
2344|39
2345|44
2346|31
2347|31
2348|2
2349|4
2350|7
2351|26
2352|33
2353|4
2354|12
2355|23
2356|40
2357|36
2358|19
2359|6
2360|8
2361|19
2362|33
2363|11
2364|29
2365|41
2366|42
2367|38
2368|35
2369|17
2370|10
2371|2
2372|22
2373|2
2374|39
2375|29
2376|32
2377|47
2378|20
2379|12
2380|21
2381|32
2382|24
2383|14
2384|48
2385|45
2386|33
2387|9
2388|42
2389|29
2390|32
2391|41
2392|6
2393|18
2394|39
2395|41
2396|29
2397|10
2398|39
2399|42
2400|12
2401|7
2402|48
2403|31
2404|6
2405|29
2406|15
2407|4
2408|17
2409|33
2410|47
2411|30
2412|27
2413|1
2414|19
2415|19
2416|27
2417|33
2418|38
2419|10
2420|43
2421|25
2422|30
2423|11
2424|33
2425|46
2426|46
2427|5
2428|23
2429|21
2430|17
2431|14
2432|16
2433|49
2434|36
2435|5
2436|19
2437|39
2438|33
2439|32
2440|20
2441|19
2442|29
2443|17
2444|30
2445|13
2446|24
2447|18
2448|47
2449|2
2450|23
2451|40
2452|23
2453|2
2454|12
2455|46
2456|7
2457|47
2458|16
2459|3
2460|5
2461|17
2462|0
2463|47
2464|46
2465|3
2466|27
2467|16
2468|25
2469|34
2470|16
2471|27
2472|1
2473|12
2474|41
2475|49
2476|28
2477|37
2478|12
2479|15
2480|30
2481|1
2482|9
2483|7
2484|8
2485|6
2486|24
2487|47
2488|8
2489|49
2490|14
2491|5
2492|20
2493|12
2494|20
2495|44
2496|45
2497|21
2498|19
2499|2
2500|36
2501|48
2502|26
2503|38
2504|46
2505|38
2506|20
2507|44
2508|38
2509|39
2510|13
2511|23
2512|12
2513|34
2514|9
2515|49
2516|15
2517|29
2518|18
2519|29
2520|13
2521|36
2522|21
2523|33
2524|33
2525|38
2526|31
2527|0
2528|1
2529|49
2530|25
2531|9
2532|23
2533|13
2534|26
2535|29
2536|43
2537|0
2538|18
2539|45
2540|17
2541|7
2542|3
2543|3
2544|39
2545|45
2546|32
2547|8
2548|9
2549|5
2550|6
2551|34
2552|25
2553|33
2554|14
2555|10
2556|12
2557|20
2558|35
2559|48
2560|31
2561|38
2562|30
2563|15
2564|13
2565|4
2566|25
2567|48
2568|38
2569|49
2570|0
2571|36
2572|13
2573|46
2574|35
2575|30
2576|25
2577|34
2578|19
2579|41
2580|16
2581|31
2582|8
2583|41
2584|5
2585|36
2586|18
2587|32
2588|11
2589|48
2590|20
2591|16
2592|29
2593|14
2594|21
2595|3
2596|10
2597|1
2598|25
2599|6
2600|21
2601|25
2602|30
2603|21
2604|18
2605|30
2606|49
2607|45
2608|40
2609|0
2610|31
2611|20
2612|24
2613|24
2614|28
2615|26
2616|37
2617|7
2618|28
2619|47
2620|44
2621|48
2622|40
2623|13
2624|22
2625|5
2626|20
2627|37
2628|43
2629|2
2630|40
2631|10
2632|8
2633|17
2634|9
2635|18
2636|49
2637|7
2638|16
2639|9
2640|32
2641|18
2642|3
2643|19
2644|39
2645|22
2646|26
2647|25
2648|11
2649|17
2650|37
2651|23
2652|8
2653|4
2654|47
2655|26
2656|15
2657|0
2658|22
2659|23
2660|14
2661|34
2662|40
2663|38
2664|6
2665|41
2666|21
2667|7
2668|9
2669|26
2670|10
2671|45
2672|7
2673|21
2674|46
2675|46
2676|20
2677|43
2678|30
2679|19
2680|36
2681|49
2682|0
2683|18
2684|30
2685|9
2686|2
2687|42
2688|8
2689|42
2690|28
2691|47
2692|11
2693|19
2694|15
2695|5
2696|45
2697|32
2698|47
2699|27
2700|8
2701|49
2702|25
2703|45
2704|31
2705|23
2706|37
2707|1
2708|28
2709|47
2710|36
2711|47
2712|3
2713|4
2714|44
2715|39
2716|36
2717|35
2718|41
2719|18
2720|41
2721|8
2722|29
2723|39
2724|3
2725|48
2726|33
2727|8
2728|24
2729|15
2730|6
2731|40
2732|0
2733|2
2734|11
2735|10
2736|43
2737|3
2738|33
2739|33
2740|37
2741|24
2742|48
2743|47
2744|7
2745|21
2746|14
2747|44
2748|26
2749|40
2750|3
2751|23
2752|19
2753|38
2754|31
2755|10
2756|28
2757|39
2758|6
2759|42
2760|10
2761|27
2762|29
2763|2
2764|18
2765|9
2766|5
2767|43
2768|37
2769|28
2770|35
2771|40
2772|32
2773|49
2774|4
2775|28
2776|48
2777|38
2778|21
2779|43
2780|13
2781|9
2782|18
2783|23
2784|27
2785|16
2786|40
2787|18
2788|3
2789|28
2790|49
2791|20
2792|5
2793|25
2794|26
2795|33
2796|0
2797|3
2798|29
2799|46
2800|0
2801|34
2802|33
2803|36
2804|7
2805|38
2806|40
2807|17
2808|44
2809|19
2810|21
2811|0
2812|6
2813|10
2814|23
2815|47
2816|41
2817|44
2818|31
2819|5
2820|14
2821|31
2822|41
2823|25
2824|11
2825|49
2826|1
2827|47
2828|34
2829|27
2830|48
2831|0
2832|37
2833|0
2834|28
2835|29
2836|46
2837|43
2838|9
2839|1
2840|33
2841|35
2842|49
2843|1
2844|29
2845|41
2846|4
2847|44
2848|12
2849|49
2850|40
2851|25
2852|47
2853|32
2854|6
2855|5
2856|13
2857|10
2858|29
2859|7
2860|21
2861|16
2862|29
2863|7
2864|40
2865|27
2866|10
2867|27
2868|8
2869|31
2870|9
2871|21
2872|24
2873|1
2874|35
2875|19
2876|12
2877|9
2878|46
2879|14
2880|36
2881|11
2882|25
2883|20
2884|41
2885|6
2886|19
2887|17
2888|24
2889|46
2890|3
2891|3
2892|1
2893|20
2894|10
2895|26
2896|33
2897|11
2898|0
2899|40
2900|5
2901|10
2902|39
2903|18
2904|45
2905|18
2906|18
2907|10
2908|13
2909|34
2910|16
2911|49
2912|37
2913|3
2914|40
2915|1
2916|25
2917|12
2918|30
2919|8
2920|26
2921|40
2922|43
2923|13
2924|24
2925|0
2926|32
2927|1
2928|33
2929|15
2930|46
2931|45
2932|14
2933|41
2934|5
2935|48
2936|40
2937|15
2938|48
2939|14
2940|9
2941|16
2942|0
2943|16
2944|45
2945|3
2946|15
2947|38
2948|43
2949|16
2950|37
2951|31
2952|42
2953|21
2954|15
2955|19
2956|4
2957|11
2958|16
2959|44
2960|25
2961|48
2962|39
2963|42
2964|49
2965|38
2966|48
2967|32
2968|13
2969|10
2970|34
2971|3
2972|23
2973|26
2974|42
2975|29
2976|35
2977|38
2978|25
2979|31
2980|49
2981|1
2982|15
2983|17
2984|37
2985|7
2986|10
2987|23
2988|39
2989|21
2990|22
2991|18
2992|49
2993|40
2994|38
2995|29
2996|12
2997|21
2998|34
2999|27
3000|11
