0|28
1|19
2|1
3|11
4|13
5|29
6|3
7|45
8|26
9|0
10|7
11|29
12|40
13|44
14|45
15|5
16|28
17|2
18|40
19|30
20|1
21|14
22|37
23|28
24|30
25|21
26|47
27|46
28|45
29|28
30|28
31|15
32|20
33|32
34|25
35|2
36|27
37|20
38|27
39|0
40|1
41|19
42|4
43|17
44|4
45|47
46|11
47|6
48|26
49|32
50|39
51|12
52|34
53|22
54|21
55|14
56|19
57|37
58|30
59|21
60|1
61|4
62|3
63|11
64|12
65|23
66|24
67|40
68|47
69|29
70|22
71|34
72|29
73|38
74|24
75|12
76|2
77|26
78|11
79|13
80|24
81|7
82|18
83|24
84|10
85|13
86|0
87|31
88|32
89|45
90|17
91|22
92|44
93|48
94|12
95|29
96|33
97|40
98|3
99|47
100|8
101|3
102|28
103|12
104|21
105|7
106|43
107|40
108|8
109|49
110|1
111|49
112|39
113|7
114|22
115|46
116|45
117|42
118|27
119|34
120|46
121|1
122|34
123|46
124|14
125|44
126|32
127|21
128|1
129|3
130|21
131|48
132|10
133|19
134|5
135|19
136|28
137|10
138|44
139|9
140|28
141|35
142|22
143|15
144|20
145|16
146|36
147|35
148|32
149|28
150|6
151|2
152|6
153|9
154|1
155|41
156|37
157|27
158|31
159|22
160|43
161|5
162|48
163|1
164|31
165|31
166|35
167|29
168|25
169|49
170|34
171|43
172|0
173|29
174|13
175|44
176|46
177|19
178|0
179|39
180|3
181|26
182|5
183|2
184|9
185|23
186|39
187|38
188|25
189|34
190|8
191|15
192|40
193|32
194|18
195|40
196|23
197|14
198|35
199|49
200|37
201|29
202|43
203|4
204|28
205|31
206|21
207|15
208|30
209|34
210|6
211|2
212|47
213|7
214|15
215|36
216|33
217|46
218|46
219|9
220|0
221|4
222|46
223|11
224|49
225|12
226|0
227|3
228|33
229|11
230|35
231|34
232|37
233|18
234|20
235|47
236|12
237|32
238|16
239|18
240|9
241|25
242|7
243|7
244|18
245|9
246|9
247|8
248|14
249|36
250|11
251|8
252|47
253|12
254|17
255|3
256|6
257|11
258|34
259|5
260|7
261|22
262|34
263|24
264|5
265|12
266|43
267|40
268|22
269|1
270|46
271|37
272|37
273|30
274|22
275|38
276|29
277|41
278|33
279|0
280|25
281|3
282|10
283|21
284|29
285|9
286|13
287|29
288|23
289|3
290|24
291|33
292|0
293|44
294|47
295|10
296|44
297|21
298|32
299|39
300|49
301|27
302|45
303|21
304|47
305|25
306|43
307|13
308|12
309|46
310|4
311|37
312|4
313|23
314|23
315|30
316|18
317|31
318|21
319|10
320|29
321|13
322|49
323|30
324|25
325|3
326|44
327|19
328|4
329|5
330|8
331|35
332|41
333|17
334|26
335|27
336|37
337|29
338|34
339|33
340|4
341|32
342|2
343|3
344|31
345|30
346|1
347|8
348|45
349|35
350|14
351|8
352|41
353|9
354|35
355|14
356|34
357|44
358|41
359|35
360|34
361|44
362|43
363|20
364|13
365|40
366|39
367|12
368|24
369|14
370|1
371|10
372|46
373|9
374|49
375|43
376|42
377|37
378|1
379|34
380|32
381|24
382|0
383|42
384|15
385|19
386|32
387|24
388|38
389|15
390|7
391|23
392|20
393|5
394|0
395|1
396|49
397|44
398|8
399|19
400|4
401|38
402|25
403|10
404|0
405|28
406|37
407|17
408|13
409|30
410|47
411|48
412|13
413|25
414|38
415|37
416|13
417|27
418|26
419|11
420|2
421|42
422|47
423|8
424|5
425|28
426|31
427|2
428|30
429|6
430|27
431|0
432|36
433|11
434|1
435|30
436|4
437|47
438|11
439|0
440|27
441|35
442|45
443|23
444|5
445|3
446|47
447|25
448|40
449|1
450|31
451|49
452|28
453|6
454|25
455|44
456|10
457|23
458|46
459|15
460|24
461|43
462|5
463|0
464|1
465|15
466|11
467|16
468|26
469|47
470|18
471|29
472|36
473|22
474|4
475|30
476|38
477|12
478|43
479|27
480|41
481|13
482|27
483|46
484|16
485|31
486|46
487|34
488|20
489|38
490|4
491|20
492|42
493|36
494|42
495|46
496|18
497|41
498|7
499|48
500|4
501|5
502|49
503|22
504|40
505|17
506|6
507|2
508|29
509|3
510|22
511|44
512|15
513|29
514|33
515|22
516|22
517|37
518|7
519|17
520|25
521|31
522|17
523|23
524|11
525|44
526|21
527|46
528|26
529|19
530|47
531|46
532|46
533|39
534|23
535|42
536|2
537|11
538|46
539|9
540|12
541|45
542|17
543|27
544|22
545|42
546|9
547|35
548|24
549|39
550|46
551|21
552|35
553|9
554|32
555|9
556|45
557|37
558|32
559|31
560|44
561|39
562|22
563|47
564|12
565|4
566|2
567|4
568|4
569|31
570|22
571|27
572|19
573|21
574|39
575|2
576|43
577|24
578|23
579|30
580|49
581|38
582|49
583|47
584|35
585|38
586|26
587|49
588|12
589|18
590|9
591|24
592|43
593|13
594|43
595|5
596|49
597|3
598|35
599|1
600|23
601|33
602|20
603|26
604|14
605|38
606|12
607|22
608|20
609|29
610|10
611|28
612|2
613|14
614|11
615|32
616|36
617|48
618|11
619|41
620|26
621|9
622|0
623|37
624|32
625|47
626|22
627|6
628|16
629|1
630|16
631|31
632|35
633|43
634|27
635|37
636|29
637|8
638|37
639|40
640|6
641|6
642|20
643|45
644|25
645|17
646|27
647|29
648|36
649|25
650|31
651|2
652|37
653|36
654|32
655|3
656|10
657|31
658|2
659|19
660|23
661|7
662|46
663|9
664|37
665|47
666|37
667|40
668|48
669|28
670|31
671|34
672|17
673|13
674|15
675|5
676|23
677|4
678|45
679|15
680|45
681|47
682|4
683|27
684|14
685|31
686|41
687|33
688|48
689|9
690|47
691|44
692|25
693|26
694|40
695|20
696|41
697|28
698|11
699|47
700|43
701|2
702|30
703|21
704|2
705|3
706|17
707|16
708|45
709|33
710|36
711|18
712|40
713|41
714|3
715|17
716|2
717|12
718|35
719|19
720|27
721|6
722|15
723|11
724|13
725|35
726|0
727|38
728|48
729|8
730|8
731|39
732|20
733|8
734|32
735|24
736|48
737|48
738|8
739|8
740|29
741|26
742|15
743|32
744|30
745|13
746|35
747|24
748|41
749|40
750|2
751|38
752|46
753|32
754|1
755|23
756|7
757|20
758|33
759|14
760|47
761|46
762|2
763|2
764|6
765|46
766|22
767|19
768|10
769|34
770|36
771|24
772|48
773|32
774|4
775|34
776|8
777|16
778|8
779|48
780|49
781|31
782|33
783|21
784|44
785|11
786|13
787|42
788|28
789|30
790|17
791|21
792|21
793|28
794|25
795|28
796|39
797|42
798|43
799|33
800|21
801|11
802|38
803|16
804|22
805|27
806|45
807|5
808|30
809|9
810|12
811|18
812|22
813|48
814|9
815|28
816|1
817|12
818|12
819|28
820|26
821|14
822|38
823|9
824|5
825|10
826|3
827|44
828|28
829|29
830|27
831|35
832|46
833|46
834|40
835|25
836|21
837|8
838|21
839|44
840|31
841|17
842|4
843|18
844|41
845|26
846|25
847|12
848|38
849|19
850|42
851|16
852|9
853|15
854|10
855|25
856|38
857|21
858|3
859|22
860|29
861|37
862|43
863|12
864|38
865|29
866|34
867|27
868|6
869|11
870|19
871|30
872|41
873|3
874|38
875|4
876|0
877|27
878|29
879|18
880|9
881|12
882|13
883|44
884|1
885|20
886|15
887|0
888|11
889|2
890|42
891|28
892|11
893|49
894|49
895|8
896|2
897|9
898|16
899|40
900|45
901|43
902|21
903|49
904|17
905|7
906|38
907|48
908|44
909|28
910|31
911|10
912|32
913|17
914|42
915|32
916|15
917|23
918|31
919|36
920|27
921|9
922|44
923|15
924|48
925|28
926|5
927|27
928|29
929|2
930|41
931|30
932|13
933|41
934|8
935|45
936|27
937|42
938|12
939|42
940|31
941|22
942|36
943|13
944|8
945|22
946|28
947|49
948|5
949|47
950|31
951|6
952|39
953|5
954|3
955|35
956|23
957|14
958|41
959|5
960|42
961|40
962|22
963|35
964|26
965|49
966|31
967|41
968|4
969|20
970|20
971|31
972|42
973|18
974|49
975|22
976|7
977|31
978|47
979|25
980|24
981|29
982|20
983|41
984|0
985|19
986|8
987|40
988|33
989|26
990|43
991|15
992|8
993|4
994|21
995|8
996|12
997|34
998|34
999|4
1000|17
1001|21
1002|17
1003|24
1004|19
1005|3
1006|3
1007|46
1008|3
1009|8
1010|25
1011|26
1012|22
1013|16
1014|29
1015|33
1016|17
1017|43
1018|27
1019|3
1020|40
1021|40
1022|47
1023|9
1024|45
1025|26
1026|29
1027|26
1028|13
1029|49
1030|27
1031|9
1032|29
1033|34
1034|8
1035|27
1036|8
1037|48
1038|8
1039|31
1040|49
1041|24
1042|37
1043|1
1044|40
1045|9
1046|20
1047|45
1048|40
1049|26
1050|40
1051|14
1052|37
1053|28
1054|35
1055|21
1056|32
1057|40
1058|18
1059|25
1060|13
1061|41
1062|31
1063|45
1064|47
1065|25
1066|42
1067|32
1068|25
1069|40
1070|24
1071|11
1072|4
1073|41
1074|29
1075|40
1076|4
1077|44
1078|35
1079|10
1080|0
1081|38
1082|30
1083|9
1084|49
1085|24
1086|43
1087|34
1088|35
1089|6
1090|2
1091|25
1092|5
1093|23
1094|25
1095|30
1096|6
1097|36
1098|42
1099|21
1100|30
1101|21
1102|4
1103|42
1104|33
1105|49
1106|10
1107|31
1108|9
1109|0
1110|4
1111|37
1112|17
1113|22
1114|30
1115|28
1116|0
1117|40
1118|43
1119|25
1120|21
1121|16
1122|20
1123|20
1124|1
1125|16
1126|31
1127|27
1128|39
1129|39
1130|44
1131|44
1132|15
1133|0
1134|5
1135|27
1136|31
1137|38
1138|42
1139|6
1140|3
1141|44
1142|2
1143|0
1144|23
1145|36
1146|34
1147|37
1148|20
1149|9
1150|8
1151|31
1152|2
1153|34
1154|18
1155|30
1156|46
1157|23
1158|47
1159|1
1160|29
1161|10
1162|8
1163|44
1164|14
1165|42
1166|31
1167|42
1168|41
1169|18
1170|17
1171|28
1172|12
1173|27
1174|16
1175|15
1176|15
1177|28
1178|6
1179|10
1180|16
1181|5
1182|14
1183|8
1184|1
1185|22
1186|5
1187|6
1188|8
1189|12
1190|4
1191|20
1192|5
1193|5
1194|1
1195|26
1196|11
1197|39
1198|44
1199|39
1200|26
1201|46
1202|46
1203|45
1204|14
1205|34
1206|7
1207|0
1208|35
1209|25
1210|49
1211|29
1212|33
1213|47
1214|30
1215|39
1216|8
1217|35
1218|12
1219|0
1220|3
1221|44
1222|33
1223|37
1224|20
1225|26
1226|1
1227|4
1228|38
1229|14
1230|37
1231|25
1232|24
1233|24
1234|0
1235|15
1236|10
1237|49
1238|26
1239|34
1240|11
1241|5
1242|23
1243|45
1244|23
1245|14
1246|31
1247|47
1248|3
1249|21
1250|32
1251|41
1252|44
1253|42
1254|8
1255|23
1256|11
1257|6
1258|0
1259|45
1260|3
1261|29
1262|47
1263|25
1264|38
1265|18
1266|39
1267|45
1268|28
1269|45
1270|45
1271|27
1272|38
1273|42
1274|35
1275|27
1276|18
1277|29
1278|11
1279|16
1280|25
1281|30
1282|36
1283|15
1284|39
1285|16
1286|46
1287|48
1288|6
1289|9
1290|11
1291|20
1292|23
1293|19
1294|28
1295|24
1296|40
1297|44
1298|9
1299|15
1300|47
1301|3
1302|30
1303|11
1304|21
1305|26
1306|29
1307|16
1308|48
1309|5
1310|20
1311|5
1312|12
1313|19
1314|5
1315|10
1316|15
1317|39
1318|22
1319|19
1320|0
1321|1
1322|6
1323|0
1324|28
1325|8
1326|45
1327|49
1328|47
1329|28
1330|13
1331|17
1332|41
1333|26
1334|17
1335|39
1336|45
1337|17
1338|11
1339|45
1340|18
1341|20
1342|39
1343|1
1344|20
1345|35
1346|17
1347|23
1348|15
1349|1
1350|2
1351|7
1352|39
1353|8
1354|9
1355|43
1356|15
1357|36
1358|3
1359|14
1360|3
1361|33
1362|13
1363|10
1364|33
1365|27
1366|47
1367|42
1368|21
1369|13
1370|24
1371|41
1372|22
1373|39
1374|41
1375|17
1376|19
1377|26
1378|48
1379|14
1380|43
1381|41
1382|5
1383|34
1384|28
1385|31
1386|22
1387|43
1388|2
1389|44
1390|28
1391|6
1392|37
1393|7
1394|14
1395|48
1396|41
1397|20
1398|3
1399|1
1400|46
1401|2
1402|37
1403|1
1404|41
1405|25
1406|30
1407|35
1408|25
1409|49
1410|42
1411|27
1412|38
1413|47
1414|49
1415|45
1416|13
1417|26
1418|11
1419|20
1420|36
1421|10
1422|36
1423|12
1424|37
1425|0
1426|42
1427|41
1428|19
1429|28
1430|46
1431|35
1432|5
1433|39
1434|18
1435|42
1436|49
1437|37
1438|23
1439|35
1440|21
1441|40
1442|33
1443|20
1444|19
1445|29
1446|4
1447|1
1448|25
1449|38
1450|6
1451|5
1452|33
1453|26
1454|28
1455|4
1456|44
1457|48
1458|45
1459|26
1460|43
1461|35
1462|10
1463|38
1464|31
1465|46
1466|45
1467|45
1468|11
1469|40
1470|15
1471|36
1472|33
1473|29
1474|47
1475|8
1476|38
1477|22
1478|22
1479|0
1480|43
1481|20
1482|40
1483|20
1484|30
1485|19
1486|33
1487|20
1488|2
1489|31
1490|22
1491|3
1492|47
1493|27
1494|49
1495|49
1496|37
1497|39
1498|45
1499|8
1500|47
1501|24
1502|18
1503|46
1504|3
1505|41
1506|40
1507|45
1508|31
1509|44
1510|9
1511|7
1512|48
1513|37
1514|35
1515|37
1516|30
1517|22
1518|45
1519|21
1520|42
1521|2
1522|13
1523|14
1524|43
1525|8
1526|30
1527|10
1528|37
1529|39
1530|12
1531|33
1532|39
1533|46
1534|4
1535|5
1536|0
1537|12
1538|27
1539|39
1540|40
1541|49
1542|49
1543|33
1544|9
1545|12
1546|17
1547|35
1548|45
1549|41
1550|33
1551|35
1552|19
1553|33
1554|37
1555|19
1556|9
1557|14
1558|48
1559|6
1560|28
1561|39
1562|7
1563|39
1564|41
1565|41
1566|14
1567|3
1568|33
1569|5
1570|4
1571|15
1572|43
1573|40
1574|7
1575|24
1576|13
1577|9
1578|49
1579|44
1580|25
1581|10
1582|0
1583|18
1584|30
1585|22
1586|33
1587|15
1588|39
1589|46
1590|16
1591|0
1592|2
1593|21
1594|46
1595|18
1596|39
1597|40
1598|13
1599|24
1600|25
1601|1
1602|47
1603|35
1604|21
1605|2
1606|32
1607|13
1608|23
1609|5
1610|37
1611|30
1612|14
1613|46
1614|46
1615|16
1616|30
1617|41
1618|0
1619|2
1620|21
1621|8
1622|36
1623|2
1624|18
1625|32
1626|11
1627|39
1628|27
1629|16
1630|23
1631|2
1632|40
1633|17
1634|1
1635|25
1636|11
1637|21
1638|30
1639|29
1640|28
1641|2
1642|47
1643|24
1644|18
1645|17
1646|23
1647|27
1648|36
1649|32
1650|25
1651|0
1652|48
1653|11
1654|4
1655|16
1656|28
1657|46
1658|45
1659|4
1660|49
1661|41
1662|43
1663|35
1664|13
1665|22
1666|22
1667|28
1668|1
1669|17
1670|21
1671|43
1672|29
1673|24
1674|41
1675|22
1676|41
1677|14
1678|34
1679|37
1680|39
1681|33
1682|37
1683|10
1684|9
1685|32
1686|33
1687|44
1688|33
1689|42
1690|33
1691|21
1692|47
1693|4
1694|10
1695|42
1696|47
1697|10
1698|24
1699|32
1700|32
1701|39
1702|35
1703|23
1704|1
1705|0
1706|49
1707|12
1708|25
1709|16
1710|44
1711|36
1712|32
1713|27
1714|30
1715|12
1716|8
1717|39
1718|18
1719|2
1720|12
1721|22
1722|9
1723|12
1724|49
1725|6
1726|30
1727|8
1728|35
1729|36
1730|10
1731|5
1732|19
1733|17
1734|34
1735|26
1736|11
1737|6
1738|27
1739|1
1740|20
1741|25
1742|13
1743|10
1744|2
1745|6
1746|24
1747|30
1748|48
1749|13
1750|7
1751|41
1752|28
1753|31
1754|43
1755|37
1756|21
1757|24
1758|5
1759|34
1760|27
1761|4
1762|35
1763|32
1764|22
1765|39
1766|12
1767|9
1768|46
1769|3
1770|27
1771|3
1772|48
1773|42
1774|8
1775|39
1776|7
1777|48
1778|29
1779|21
1780|27
1781|4
1782|26
1783|2
1784|41
1785|40
1786|18
1787|5
1788|11
1789|17
1790|0
1791|3
1792|17
1793|12
1794|14
1795|11
1796|24
1797|0
1798|44
1799|22
1800|9
1801|16
1802|36
1803|26
1804|2
1805|2
1806|20
1807|25
1808|44
1809|27
1810|3
1811|21
1812|26
1813|20
1814|20
1815|4
1816|29
1817|17
1818|30
1819|9
1820|2
1821|34
1822|20
1823|29
1824|10
1825|14
1826|24
1827|26
1828|13
1829|34
1830|7
1831|0
1832|16
1833|9
1834|35
1835|18
1836|41
1837|18
1838|33
1839|12
1840|11
1841|35
1842|40
1843|40
1844|45
1845|4
1846|14
1847|19
1848|37
1849|46
1850|25
1851|39
1852|6
1853|5
1854|1
1855|12
1856|25
1857|19
1858|11
1859|1
1860|47
1861|42
1862|17
1863|24
1864|6
1865|16
1866|35
1867|38
1868|21
1869|15
1870|27
1871|36
1872|15
1873|27
1874|2
1875|1
1876|21
1877|41
1878|19
1879|28
1880|0
1881|20
1882|8
1883|23
1884|26
1885|35
1886|16
1887|10
1888|13
1889|27
1890|35
1891|33
1892|37
1893|32
1894|40
1895|12
1896|29
1897|18
1898|11
1899|42
1900|13
1901|37
1902|47
1903|40
1904|10
1905|31
1906|14
1907|14
1908|18
1909|7
1910|9
1911|40
1912|33
1913|0
1914|4
1915|47
1916|8
1917|21
1918|27
1919|41
1920|33
1921|33
1922|10
1923|20
1924|25
1925|45
1926|0
1927|11
1928|16
1929|45
1930|34
1931|24
1932|5
1933|47
1934|44
1935|39
1936|47
1937|29
1938|8
1939|23
1940|28
1941|3
1942|18
1943|9
1944|9
1945|12
1946|19
1947|45
1948|49
1949|28
1950|10
1951|34
1952|19
1953|30
1954|2
1955|22
1956|0
1957|34
1958|17
1959|0
1960|37
1961|13
1962|40
1963|33
1964|15
1965|27
1966|36
1967|1
1968|45
1969|15
1970|6
1971|15
1972|5
1973|14
1974|33
1975|18
1976|46
1977|9
1978|17
1979|32
1980|45
1981|43
1982|27
1983|30
1984|17
1985|35
1986|10
1987|40
1988|18
1989|29
1990|9
1991|33
1992|49
1993|22
1994|49
1995|47
1996|14
1997|39
1998|5
1999|27
2000|25
2001|17
2002|21
2003|6
2004|9
2005|17
2006|49
2007|40
2008|22
2009|19
2010|3
2011|40
2012|19
2013|40
2014|18
2015|5
2016|26
2017|3
2018|42
2019|0
2020|5
2021|29
2022|13
2023|35
2024|25
2025|16
2026|26
2027|22
2028|16
2029|43
2030|44
2031|33
2032|13
2033|27
2034|38
2035|46
2036|22
2037|17
2038|14
2039|34
2040|20
2041|17
2042|47
2043|16
2044|20
2045|6
2046|49
2047|10
2048|21
2049|6
2050|3
2051|2
2052|33
2053|6
2054|3
2055|41
2056|24
2057|1
2058|36
2059|43
2060|28
2061|15
2062|46
2063|40
2064|15
2065|32
2066|11
2067|8
2068|0
2069|23
2070|36
2071|26
2072|37
2073|11
2074|39
2075|6
2076|40
2077|46
2078|22
2079|43
2080|19
2081|29
2082|17
2083|27
2084|36
2085|26
2086|8
2087|48
2088|41
2089|41
2090|35
2091|2
2092|24
2093|12
2094|48
2095|35
2096|2
2097|28
2098|4
2099|16
2100|11
2101|49
2102|47
2103|37
2104|30
2105|22
2106|30
2107|8
2108|29
2109|45
2110|31
2111|7
2112|12
2113|4
2114|30
2115|39
2116|19
2117|27
2118|1
2119|4
2120|3
2121|47
2122|29
2123|29
2124|18
2125|6
2126|14
2127|5
2128|21
2129|33
2130|33
2131|40
2132|37
2133|12
2134|11
2135|38
2136|11
2137|27
2138|37
2139|19
2140|17
2141|44
2142|2
2143|27
2144|37
2145|15
2146|11
2147|16
2148|16
2149|21
2150|2
2151|46
2152|35
2153|49
2154|39
2155|3
2156|22
2157|10
2158|30
2159|14
2160|5
2161|47
2162|5
2163|18
2164|10
2165|16
2166|36
2167|47
2168|1
2169|34
2170|12
2171|33
2172|26
2173|0
2174|18
2175|0
2176|18
2177|15
2178|26
2179|31
2180|28
2181|9
2182|12
2183|5
2184|36
2185|15
2186|1
2187|16
2188|48
2189|13
2190|19
2191|47
2192|33
2193|2
2194|13
2195|32
2196|41
2197|1
2198|7
2199|7
2200|19
2201|31
2202|49
2203|48
2204|42
2205|31
2206|25
2207|41
2208|7
2209|28
2210|16
2211|36
2212|5
2213|45
2214|21
2215|29
2216|13
2217|2
2218|29
2219|4
2220|30
2221|18
2222|36
2223|7
2224|21
2225|19
2226|27
2227|31
2228|4
2229|11
2230|37
2231|14
2232|32
2233|11
2234|17
2235|20
2236|45
2237|22
2238|24
2239|22
2240|21
2241|31
2242|49
2243|13
2244|35
2245|42
2246|47
2247|43
2248|21
2249|0
2250|34
2251|46
2252|26
2253|38
2254|28
2255|14
2256|5
2257|36
2258|41
2259|0
2260|8
2261|18
2262|12
2263|9
2264|44
2265|22
2266|36
2267|25
2268|24
2269|2
2270|0
2271|49
2272|48
2273|29
2274|21
2275|30
2276|43
2277|25
2278|16
2279|22
2280|39
2281|6
2282|39
2283|32
2284|9
2285|31
2286|19
2287|5
2288|38
2289|7
2290|6
2291|25
2292|17
2293|40
2294|10
2295|39
2296|41
2297|48
2298|17
2299|12
2300|6
2301|21
2302|33
2303|41
2304|4
2305|4
2306|39
2307|8
2308|9
2309|37
2310|26
2311|46
2312|19
2313|46
2314|38
2315|34
2316|39
2317|24
2318|25
2319|11
2320|37
2321|28
2322|34
2323|46
2324|22
2325|8
2326|37
2327|21
2328|26
2329|9
2330|7
2331|28
2332|35
2333|20
2334|43
2335|3
2336|34
2337|44
2338|36
2339|43
2340|24
2341|42
2342|27
2343|24
2344|28
2345|35
2346|39
2347|5
2348|41
2349|40
2350|17
2351|5
2352|27
2353|17
2354|29
2355|27
2356|41
2357|45
2358|3
2359|22
2360|18
2361|43
2362|33
2363|23
2364|6
2365|41
2366|23
2367|24
2368|35
2369|6
2370|38
2371|43
2372|20
2373|19
2374|48
2375|47
2376|36
2377|18
2378|13
2379|27
2380|13
2381|26
2382|43
2383|47
2384|20
2385|29
2386|43
2387|46
2388|33
2389|3
2390|30
2391|46
2392|24
2393|4
2394|14
2395|27
2396|32
2397|27
2398|4
2399|47
2400|16
2401|22
2402|1
2403|17
2404|2
2405|16
2406|20
2407|17
2408|20
2409|1
2410|30
2411|48
2412|19
2413|9
2414|30
2415|45
2416|41
2417|34
2418|14
2419|12
2420|1
2421|12
2422|23
2423|47
2424|41
2425|2
2426|25
2427|18
2428|43
2429|16
2430|4
2431|4
2432|32
2433|16
2434|10
2435|27
2436|36
2437|41
2438|30
2439|35
2440|22
2441|33
2442|39
2443|14
2444|30
2445|15
2446|49
2447|2
2448|45
2449|12
2450|4
2451|34
2452|31
2453|41
2454|32
2455|36
2456|29
2457|8
2458|13
2459|0
2460|14
2461|30
2462|12
2463|14
2464|5
2465|28
2466|35
2467|46
2468|2
2469|2
2470|24
2471|38
2472|35
2473|5
2474|2
2475|17
2476|48
2477|37
2478|16
2479|44
2480|25
2481|25
2482|5
2483|44
2484|3
2485|16
2486|38
2487|6
2488|4
2489|34
2490|21
2491|16
2492|1
2493|44
2494|11
2495|12
2496|15
2497|42
2498|49
2499|28
2500|44
2501|4
2502|2
2503|40
2504|26
2505|13
2506|3
2507|20
2508|24
2509|16
2510|44
2511|37
2512|21
2513|3
2514|19
2515|8
2516|3
2517|4
2518|16
2519|34
2520|13
2521|40
2522|28
2523|47
2524|26
2525|8
2526|23
2527|34
2528|29
2529|32
2530|23
2531|37
2532|44
2533|39
2534|41
2535|10
2536|40
2537|25
2538|19
2539|42
2540|11
2541|17
2542|45
2543|11
2544|3
2545|49
2546|14
2547|34
2548|35
2549|2
2550|30
2551|15
2552|15
2553|30
2554|32
2555|26
2556|29
2557|9
2558|12
2559|26
2560|7
2561|45
2562|16
2563|29
2564|34
2565|8
2566|25
2567|13
2568|10
2569|34
2570|25
2571|45
2572|7
2573|9
2574|28
2575|45
2576|18
2577|19
2578|14
2579|34
2580|31
2581|32
2582|7
2583|41
2584|17
2585|0
2586|46
2587|31
2588|42
2589|15
2590|43
2591|15
2592|37
2593|19
2594|35
2595|0
2596|34
2597|21
2598|9
2599|41
2600|21
2601|0
2602|47
2603|11
2604|42
2605|10
2606|27
2607|2
2608|10
2609|21
2610|41
2611|15
2612|39
2613|15
2614|28
2615|9
2616|43
2617|33
2618|0
2619|22
2620|5
2621|25
2622|45
2623|17
2624|2
2625|28
2626|13
2627|39
2628|38
2629|24
2630|16
2631|45
2632|44
2633|13
2634|5
2635|12
2636|44
2637|23
2638|19
2639|33
2640|3
2641|29
2642|16
2643|41
2644|27
2645|29
2646|11
2647|24
2648|14
2649|11
2650|4
2651|23
2652|36
2653|48
2654|0
2655|32
2656|30
2657|8
2658|43
2659|37
2660|12
2661|30
2662|38
2663|28
2664|22
2665|35
2666|6
2667|8
2668|13
2669|33
2670|31
2671|10
2672|1
2673|17
2674|49
2675|16
2676|23
2677|48
2678|20
2679|34
2680|28
2681|0
2682|3
2683|21
2684|1
2685|36
2686|31
2687|36
2688|6
2689|33
2690|18
2691|12
2692|45
2693|37
2694|22
2695|13
2696|34
2697|28
2698|26
2699|4
2700|7
2701|13
2702|49
2703|46
2704|6
2705|19
2706|34
2707|37
2708|6
2709|36
2710|48
2711|0
2712|30
2713|18
2714|4
2715|9
2716|48
2717|42
2718|43
2719|25
2720|43
2721|36
2722|7
2723|38
2724|12
2725|22
2726|44
2727|36
2728|47
2729|20
2730|38
2731|17
2732|48
2733|16
2734|36
2735|48
2736|9
2737|0
2738|48
2739|18
2740|23
2741|47
2742|25
2743|13
2744|32
2745|30
2746|9
2747|26
2748|17
2749|39
2750|36
2751|35
2752|10
2753|13
2754|18
2755|35
2756|5
2757|45
2758|33
2759|27
2760|46
2761|19
2762|30
2763|24
2764|33
2765|42
2766|16
2767|32
2768|34
2769|14
2770|46
2771|37
2772|38
2773|34
2774|12
2775|29
2776|35
2777|4
2778|34
2779|14
2780|30
2781|12
2782|30
2783|16
2784|47
2785|2
2786|32
2787|15
2788|45
2789|38
2790|15
2791|28
2792|20
2793|0
2794|22
2795|18
2796|21
2797|4
2798|41
2799|5
2800|23
2801|49
2802|4
2803|3
2804|38
2805|31
2806|26
2807|18
2808|4
2809|15
2810|16
2811|19
2812|13
2813|8
2814|30
2815|6
2816|14
2817|5
2818|15
2819|33
2820|30
2821|11
2822|32
2823|46
2824|12
2825|1
2826|33
2827|12
2828|32
2829|27
2830|32
2831|32
2832|11
2833|31
2834|18
2835|48
2836|13
2837|33
2838|29
2839|19
2840|34
2841|6
2842|49
2843|39
2844|34
2845|11
2846|17
2847|33
2848|8
2849|26
2850|17
2851|15
2852|24
2853|23
2854|18
2855|11
2856|18
2857|28
2858|19
2859|35
2860|45
2861|42
2862|28
2863|23
2864|38
2865|18
2866|49
2867|34
2868|7
2869|35
2870|12
2871|10
2872|8
2873|40
2874|36
2875|40
2876|23
2877|34
2878|49
2879|9
2880|33
2881|15
2882|1
2883|20
2884|14
2885|2
2886|32
2887|17
2888|19
2889|35
2890|37
2891|29
2892|33
2893|40
2894|16
2895|23
2896|21
2897|29
2898|17
2899|32
2900|48
2901|44
2902|39
2903|45
2904|27
2905|12
2906|15
2907|9
2908|27
2909|13
2910|17
2911|44
2912|19
2913|15
2914|30
2915|26
2916|22
2917|49
2918|36
2919|43
2920|1
2921|4
2922|18
2923|9
2924|2
2925|12
2926|42
2927|7
2928|44
2929|34
2930|4
2931|28
2932|29
2933|43
2934|43
2935|37
2936|18
2937|4
2938|2
2939|11
2940|22
2941|34
2942|47
2943|17
2944|42
2945|24
2946|22
2947|29
2948|17
2949|9
2950|48
2951|43
2952|3
2953|4
2954|22
2955|42
2956|31
2957|29
2958|24
2959|30
2960|18
2961|25
2962|43
2963|0
2964|36
2965|6
2966|29
2967|29
2968|42
2969|5
2970|32
2971|19
2972|19
2973|27
2974|47
2975|20
2976|22
2977|4
2978|5
2979|25
2980|41
2981|15
2982|6
2983|9
2984|17
2985|47
2986|49
2987|0
2988|2
2989|25
2990|49
2991|34
2992|1
2993|40
2994|21
2995|7
2996|14
2997|4
2998|13
2999|45
3000|12
