0|13
1|8
2|34
3|47
4|33
5|41
6|35
7|7
8|42
9|7
10|20
11|48
12|12
13|15
14|37
15|4
16|36
17|18
18|11
19|1
20|0
21|2
22|17
23|11
24|2
25|30
26|46
27|11
28|47
29|41
30|43
31|3
32|10
33|18
34|14
35|7
36|33
37|12
38|41
39|17
40|32
41|26
42|7
43|26
44|32
45|7
46|39
47|38
48|46
49|25
50|43
51|35
52|43
53|24
54|28
55|13
56|29
57|20
58|41
59|7
60|37
61|12
62|42
63|33
64|5
65|7
66|23
67|21
68|23
69|26
70|32
71|22
72|44
73|22
74|22
75|29
76|29
77|41
78|49
79|27
80|20
81|2
82|49
83|1
84|5
85|25
86|32
87|11
88|5
89|11
90|15
91|1
92|32
93|26
94|40
95|5
96|28
97|4
98|24
99|23
100|19
101|46
102|29
103|9
104|24
105|33
106|35
107|5
108|43
109|14
110|32
111|21
112|13
113|27
114|30
115|25
116|5
117|11
118|29
119|4
120|14
121|39
122|13
123|38
124|6
125|30
126|31
127|34
128|24
129|5
130|7
131|40
132|36
133|43
134|4
135|7
136|32
137|21
138|21
139|11
140|35
141|0
142|8
143|20
144|45
145|25
146|39
147|35
148|0
149|29
150|43
151|33
152|29
153|34
154|34
155|31
156|36
157|47
158|19
159|37
160|39
161|0
162|28
163|7
164|37
165|14
166|28
167|28
168|9
169|14
170|31
171|0
172|10
173|17
174|7
175|40
176|24
177|24
178|43
179|43
180|44
181|3
182|9
183|26
184|36
185|34
186|28
187|30
188|10
189|35
190|10
191|24
192|46
193|47
194|33
195|41
196|39
197|38
198|21
199|0
200|42
201|20
202|42
203|21
204|42
205|10
206|21
207|40
208|44
209|10
210|40
211|35
212|30
213|11
214|30
215|18
216|42
217|37
218|42
219|33
220|42
221|8
222|40
223|3
224|7
225|28
226|2
227|38
228|17
229|38
230|44
231|4
232|12
233|9
234|9
235|16
236|14
237|46
238|3
239|21
240|4
241|29
242|17
243|25
244|34
245|26
246|12
247|13
248|39
249|45
250|45
251|47
252|38
253|27
254|38
255|19
256|24
257|1
258|34
259|44
260|31
261|15
262|36
263|6
264|17
265|15
266|32
267|27
268|23
269|18
270|27
271|5
272|18
273|1
274|35
275|9
276|49
277|12
278|8
279|43
280|2
281|12
282|24
283|25
284|47
285|45
286|44
287|43
288|45
289|34
290|47
291|8
292|37
293|42
294|49
295|43
296|7
297|12
298|30
299|47
300|44
301|22
302|27
303|43
304|36
305|32
306|26
307|47
308|14
309|24
310|8
311|49
312|16
313|12
314|12
315|7
316|38
317|5
318|46
319|3
320|34
321|39
322|18
323|31
324|26
325|42
326|21
327|15
328|42
329|4
330|20
331|32
332|8
333|11
334|15
335|11
336|9
337|26
338|23
339|30
340|36
341|4
342|35
343|11
344|30
345|3
346|15
347|43
348|48
349|26
350|10
351|1
352|2
353|34
354|0
355|19
356|43
357|8
358|3
359|10
360|33
361|2
362|23
363|14
364|37
365|30
366|33
367|33
368|21
369|45
370|22
371|30
372|0
373|1
374|29
375|12
376|16
377|16
378|6
379|16
380|47
381|12
382|10
383|40
384|19
385|49
386|14
387|36
388|39
389|21
390|21
391|49
392|33
393|40
394|14
395|17
396|47
397|48
398|6
399|38
400|47
401|33
402|1
403|38
404|32
405|27
406|29
407|42
408|38
409|31
410|28
411|47
412|48
413|9
414|33
415|34
416|26
417|26
418|23
419|33
420|12
421|0
422|39
423|17
424|25
425|47
426|33
427|20
428|13
429|3
430|5
431|44
432|47
433|24
434|22
435|31
436|44
437|25
438|26
439|25
440|21
441|21
442|44
443|37
444|14
445|48
446|27
447|7
448|11
449|43
450|39
451|7
452|1
453|8
454|13
455|4
456|3
457|17
458|25
459|37
460|36
461|41
462|44
463|30
464|37
465|26
466|31
467|37
468|31
469|46
470|28
471|17
472|39
473|18
474|39
475|24
476|19
477|8
478|42
479|0
480|16
481|4
482|47
483|24
484|1
485|41
486|43
487|40
488|1
489|7
490|15
491|48
492|35
493|33
494|8
495|34
496|27
497|26
498|33
499|12
500|10
501|27
502|9
503|6
504|12
505|7
506|0
507|44
508|2
509|48
510|0
511|15
512|44
513|35
514|26
515|23
516|14
517|10
518|23
519|26
520|25
521|1
522|8
523|11
524|0
525|26
526|48
527|38
528|49
529|25
530|36
531|29
532|42
533|21
534|44
535|15
536|1
537|48
538|31
539|20
540|32
541|30
542|19
543|48
544|33
545|49
546|27
547|21
548|29
549|17
550|21
551|32
552|13
553|8
554|49
555|15
556|32
557|11
558|0
559|21
560|0
561|11
562|11
563|21
564|14
565|39
566|29
567|47
568|24
569|8
570|25
571|9
572|1
573|25
574|1
575|23
576|3
577|30
578|3
579|24
580|37
581|29
582|22
583|24
584|20
585|3
586|45
587|45
588|44
589|15
590|43
591|16
592|29
593|29
594|5
595|44
596|0
597|36
598|16
599|15
600|21
601|48
602|17
603|21
604|44
605|11
606|37
607|24
608|8
609|17
610|6
611|27
612|5
613|34
614|4
615|9
616|15
617|26
618|27
619|40
620|22
621|16
622|16
623|29
624|32
625|23
626|1
627|35
628|23
629|21
630|7
631|2
632|38
633|48
634|6
635|46
636|36
637|8
638|25
639|49
640|15
641|22
642|7
643|8
644|23
645|37
646|15
647|16
648|3
649|17
650|11
651|20
652|25
653|32
654|31
655|46
656|44
657|49
658|4
659|41
660|6
661|43
662|10
663|16
664|13
665|30
666|5
667|6
668|3
669|33
670|49
671|41
672|32
673|46
674|9
675|33
676|32
677|29
678|38
679|43
680|30
681|38
682|30
683|1
684|2
685|40
686|34
687|24
688|42
689|23
690|36
691|6
692|23
693|14
694|31
695|33
696|15
697|44
698|8
699|13
700|18
701|16
702|27
703|34
704|21
705|19
706|33
707|40
708|29
709|45
710|10
711|30
712|38
713|23
714|49
715|21
716|6
717|3
718|35
719|11
720|37
721|46
722|10
723|12
724|26
725|13
726|5
727|22
728|7
729|6
730|36
731|3
732|12
733|35
734|7
735|10
736|1
737|37
738|28
739|29
740|10
741|19
742|23
743|18
744|5
745|24
746|36
747|10
748|21
749|44
750|4
751|38
752|37
753|40
754|49
755|34
756|40
757|6
758|6
759|17
760|7
761|4
762|48
763|29
764|24
765|37
766|6
767|40
768|42
769|2
770|20
771|10
772|30
773|45
774|34
775|17
776|8
777|7
778|42
779|36
780|13
781|11
782|10
783|27
784|42
785|42
786|0
787|7
788|31
789|14
790|32
791|14
792|9
793|42
794|37
795|20
796|8
797|5
798|24
799|30
800|10
801|24
802|32
803|22
804|21
805|42
806|11
807|9
808|48
809|45
810|36
811|24
812|29
813|11
814|27
815|22
816|10
817|30
818|36
819|43
820|29
821|47
822|37
823|23
824|13
825|27
826|28
827|9
828|24
829|2
830|13
831|46
832|25
833|33
834|37
835|27
836|46
837|15
838|23
839|24
840|4
841|39
842|19
843|4
844|19
845|10
846|11
847|12
848|14
849|28
850|4
851|19
852|34
853|28
854|25
855|35
856|23
857|12
858|29
859|24
860|0
861|11
862|19
863|49
864|42
865|27
866|36
867|34
868|42
869|8
870|30
871|48
872|2
873|23
874|14
875|43
876|15
877|19
878|14
879|42
880|0
881|44
882|4
883|20
884|28
885|41
886|1
887|49
888|34
889|11
890|19
891|49
892|29
893|48
894|20
895|8
896|38
897|46
898|26
899|14
900|35
901|33
902|19
903|39
904|12
905|10
906|8
907|4
908|19
909|2
910|16
911|38
912|14
913|9
914|25
915|34
916|15
917|9
918|31
919|23
920|47
921|9
922|49
923|44
924|21
925|23
926|1
927|24
928|29
929|6
930|31
931|41
932|27
933|25
934|17
935|39
936|12
937|41
938|24
939|17
940|7
941|38
942|42
943|24
944|11
945|25
946|6
947|23
948|19
949|0
950|49
951|14
952|29
953|36
954|24
955|38
956|48
957|27
958|30
959|36
960|31
961|10
962|28
963|48
964|47
965|1
966|30
967|40
968|27
969|34
970|12
971|12
972|45
973|38
974|34
975|19
976|23
977|25
978|11
979|36
980|16
981|23
982|39
983|20
984|0
985|41
986|45
987|32
988|49
989|20
990|42
991|18
992|8
993|37
994|36
995|0
996|31
997|40
998|48
999|46
1000|29
1001|4
1002|7
1003|48
1004|17
1005|9
1006|30
1007|17
1008|47
1009|1
1010|12
1011|44
1012|8
1013|45
1014|7
1015|29
1016|6
1017|40
1018|42
1019|23
1020|21
1021|34
1022|42
1023|32
1024|18
1025|9
1026|48
1027|1
1028|43
1029|42
1030|8
1031|1
1032|26
1033|19
1034|36
1035|32
1036|7
1037|12
1038|44
1039|40
1040|49
1041|25
1042|4
1043|31
1044|49
1045|31
1046|21
1047|40
1048|11
1049|10
1050|14
1051|37
1052|25
1053|32
1054|33
1055|24
1056|30
1057|41
1058|41
1059|11
1060|14
1061|26
1062|5
1063|29
1064|49
1065|9
1066|47
1067|27
1068|13
1069|18
1070|34
1071|43
1072|12
1073|42
1074|23
1075|42
1076|7
1077|38
1078|0
1079|4
1080|8
1081|35
1082|0
1083|38
1084|26
1085|40
1086|36
1087|40
1088|12
1089|34
1090|0
1091|3
1092|23
1093|40
1094|29
1095|29
1096|40
1097|46
1098|37
1099|17
1100|43
1101|28
1102|31
1103|19
1104|3
1105|28
1106|40
1107|35
1108|17
1109|9
1110|28
1111|49
1112|22
1113|27
1114|21
1115|40
1116|0
1117|25
1118|37
1119|31
1120|18
1121|24
1122|42
1123|14
1124|48
1125|41
1126|31
1127|15
1128|31
1129|21
1130|0
1131|18
1132|3
1133|15
1134|29
1135|18
1136|19
1137|40
1138|12
1139|20
1140|39
1141|19
1142|39
1143|1
1144|26
1145|48
1146|48
1147|49
1148|15
1149|0
1150|43
1151|3
1152|19
1153|32
1154|1
1155|48
1156|12
1157|23
1158|43
1159|1
1160|12
1161|0
1162|33
1163|17
1164|29
1165|40
1166|4
1167|18
1168|4
1169|43
1170|11
1171|17
1172|43
1173|42
1174|9
1175|47
1176|32
1177|30
1178|26
1179|5
1180|38
1181|18
1182|16
1183|46
1184|9
1185|48
1186|8
1187|32
1188|44
1189|3
1190|22
1191|0
1192|24
1193|38
1194|38
1195|17
1196|27
1197|49
1198|44
1199|10
1200|8
1201|45
1202|14
1203|4
1204|2
1205|49
1206|8
1207|21
1208|8
1209|17
1210|8
1211|7
1212|30
1213|9
1214|31
1215|41
1216|12
1217|14
1218|40
1219|0
1220|26
1221|24
1222|32
1223|8
1224|0
1225|35
1226|17
1227|44
1228|1
1229|29
1230|43
1231|24
1232|14
1233|27
1234|5
1235|9
1236|17
1237|36
1238|39
1239|41
1240|42
1241|13
1242|8
1243|37
1244|28
1245|45
1246|6
1247|17
1248|37
1249|36
1250|41
1251|44
1252|33
1253|23
1254|10
1255|3
1256|9
1257|36
1258|41
1259|6
1260|8
1261|12
1262|18
1263|32
1264|38
1265|4
1266|48
1267|32
1268|46
1269|30
1270|24
1271|20
1272|36
1273|20
1274|45
1275|16
1276|9
1277|37
1278|34
1279|42
1280|46
1281|42
1282|0
1283|4
1284|26
1285|27
1286|43
1287|25
1288|43
1289|31
1290|6
1291|41
1292|0
1293|15
1294|9
1295|35
1296|20
1297|32
1298|33
1299|35
1300|6
1301|30
1302|49
1303|39
1304|25
1305|18
1306|28
1307|11
1308|13
1309|40
1310|32
1311|30
1312|1
1313|20
1314|21
1315|2
1316|14
1317|47
1318|25
1319|36
1320|48
1321|43
1322|25
1323|39
1324|23
1325|4
1326|49
1327|30
1328|27
1329|35
1330|28
1331|48
1332|4
1333|21
1334|14
1335|28
1336|36
1337|17
1338|49
1339|16
1340|45
1341|7
1342|12
1343|6
1344|5
1345|10
1346|2
1347|26
1348|6
1349|20
1350|16
1351|40
1352|2
1353|24
1354|16
1355|4
1356|16
1357|24
1358|9
1359|15
1360|0
1361|17
1362|48
1363|32
1364|17
1365|29
1366|39
1367|1
1368|37
1369|47
1370|29
1371|2
1372|24
1373|29
1374|42
1375|14
1376|28
1377|22
1378|27
1379|19
1380|24
1381|23
1382|49
1383|40
1384|46
1385|28
1386|7
1387|25
1388|38
1389|7
1390|34
1391|4
1392|14
1393|42
1394|3
1395|41
1396|6
1397|35
1398|35
1399|35
1400|12
1401|29
1402|31
1403|21
1404|8
1405|6
1406|10
1407|12
1408|42
1409|2
1410|46
1411|46
1412|32
1413|11
1414|26
1415|30
1416|49
1417|1
1418|41
1419|45
1420|47
1421|10
1422|29
1423|10
1424|24
1425|40
1426|46
1427|14
1428|37
1429|46
1430|28
1431|16
1432|15
1433|29
1434|22
1435|39
1436|48
1437|46
1438|4
1439|11
1440|7
1441|24
1442|24
1443|26
1444|49
1445|14
1446|11
1447|28
1448|34
1449|48
1450|6
1451|38
1452|46
1453|13
1454|46
1455|17
1456|35
1457|1
1458|4
1459|48
1460|28
1461|23
1462|33
1463|44
1464|24
1465|0
1466|21
1467|26
1468|21
1469|34
1470|47
1471|30
1472|48
1473|48
1474|31
1475|7
1476|42
1477|2
1478|14
1479|27
1480|33
1481|1
1482|7
1483|40
1484|32
1485|7
1486|26
1487|24
1488|0
1489|40
1490|8
1491|19
1492|18
1493|7
1494|45
1495|12
1496|16
1497|46
1498|9
1499|14
1500|25
1501|39
1502|15
1503|7
1504|26
1505|32
1506|2
1507|29
1508|8
1509|34
1510|23
1511|37
1512|4
1513|47
1514|30
1515|25
1516|22
1517|33
1518|41
1519|37
1520|0
1521|18
1522|5
1523|17
1524|31
1525|5
1526|37
1527|25
1528|23
1529|38
1530|35
1531|27
1532|15
1533|0
1534|44
1535|34
1536|32
1537|13
1538|30
1539|45
1540|18
1541|34
1542|36
1543|24
1544|39
1545|28
1546|18
1547|47
1548|27
1549|24
1550|33
1551|14
1552|45
1553|43
1554|29
1555|39
1556|45
1557|22
1558|9
1559|19
1560|37
1561|36
1562|47
1563|11
1564|40
1565|15
1566|26
1567|22
1568|40
1569|7
1570|38
1571|33
1572|16
1573|44
1574|29
1575|7
1576|12
1577|49
1578|8
1579|30
1580|45
1581|43
1582|7
1583|27
1584|49
1585|26
1586|43
1587|40
1588|40
1589|23
1590|46
1591|46
1592|31
1593|19
1594|12
1595|0
1596|34
1597|43
1598|38
1599|21
1600|44
1601|21
1602|27
1603|12
1604|17
1605|32
1606|19
1607|49
1608|34
1609|32
1610|42
1611|1
1612|15
1613|15
1614|31
1615|30
1616|6
1617|37
1618|36
1619|48
1620|49
1621|13
1622|36
1623|11
1624|29
1625|38
1626|43
1627|32
1628|2
1629|23
1630|22
1631|18
1632|30
1633|17
1634|9
1635|41
1636|29
1637|17
1638|28
1639|8
1640|42
1641|15
1642|7
1643|46
1644|31
1645|19
1646|18
1647|18
1648|4
1649|20
1650|5
1651|40
1652|49
1653|1
1654|42
1655|48
1656|1
1657|47
1658|7
1659|38
1660|7
1661|40
1662|39
1663|47
1664|41
1665|18
1666|15
1667|30
1668|5
1669|25
1670|44
1671|14
1672|49
1673|46
1674|28
1675|48
1676|16
1677|11
1678|29
1679|2
1680|10
1681|42
1682|39
1683|11
1684|43
1685|6
1686|41
1687|28
1688|44
1689|24
1690|47
1691|0
1692|5
1693|18
1694|20
1695|20
1696|40
1697|42
1698|32
1699|40
1700|26
1701|46
1702|6
1703|36
1704|29
1705|15
1706|24
1707|4
1708|17
1709|13
1710|28
1711|7
1712|42
1713|29
1714|26
1715|27
1716|37
1717|23
1718|49
1719|3
1720|42
1721|23
1722|37
1723|17
1724|31
1725|16
1726|8
1727|38
1728|44
1729|34
1730|17
1731|35
1732|18
1733|23
1734|16
1735|3
1736|2
1737|46
1738|22
1739|10
1740|2
1741|0
1742|9
1743|45
1744|10
1745|8
1746|23
1747|24
1748|12
1749|39
1750|31
1751|47
1752|23
1753|16
1754|16
1755|31
1756|38
1757|34
1758|32
1759|44
1760|19
1761|39
1762|1
1763|24
1764|39
1765|43
1766|21
1767|21
1768|10
1769|21
1770|37
1771|41
1772|24
1773|12
1774|13
1775|17
1776|39
1777|39
1778|49
1779|15
1780|39
1781|10
1782|38
1783|21
1784|36
1785|45
1786|13
1787|1
1788|22
1789|31
1790|12
1791|32
1792|3
1793|3
1794|2
1795|5
1796|23
1797|7
1798|41
1799|46
1800|4
1801|10
1802|2
1803|0
1804|44
1805|47
1806|22
1807|15
1808|9
1809|18
1810|31
1811|9
1812|28
1813|31
1814|34
1815|40
1816|15
1817|42
1818|37
1819|42
1820|16
1821|8
1822|29
1823|40
1824|26
1825|34
1826|45
1827|15
1828|6
1829|18
1830|10
1831|49
1832|9
1833|37
1834|21
1835|37
1836|21
1837|32
1838|6
1839|25
1840|3
1841|25
1842|42
1843|46
1844|39
1845|32
1846|45
1847|20
1848|38
1849|48
1850|5
1851|34
1852|13
1853|48
1854|5
1855|33
1856|6
1857|14
1858|31
1859|43
1860|1
1861|29
1862|44
1863|42
1864|4
1865|49
1866|21
1867|14
1868|9
1869|49
1870|25
1871|0
1872|31
1873|8
1874|20
1875|33
1876|11
1877|6
1878|0
1879|7
1880|48
1881|36
1882|19
1883|48
1884|14
1885|26
1886|34
1887|49
1888|6
1889|9
1890|5
1891|49
1892|25
1893|7
1894|10
1895|39
1896|19
1897|29
1898|25
1899|36
1900|13
1901|9
1902|37
1903|27
1904|41
1905|45
1906|40
1907|41
1908|14
1909|7
1910|2
1911|14
1912|33
1913|16
1914|46
1915|26
1916|38
1917|6
1918|5
1919|11
1920|8
1921|49
1922|2
1923|14
1924|37
1925|29
1926|40
1927|41
1928|24
1929|49
1930|19
1931|18
1932|20
1933|21
1934|44
1935|0
1936|9
1937|38
1938|25
1939|12
1940|14
1941|46
1942|23
1943|17
1944|17
1945|9
1946|33
1947|3
1948|29
1949|35
1950|10
1951|19
1952|10
1953|16
1954|7
1955|36
1956|35
1957|28
1958|35
1959|41
1960|13
1961|26
1962|10
1963|16
1964|28
1965|20
1966|3
1967|13
1968|35
1969|17
1970|44
1971|36
1972|6
1973|42
1974|38
1975|15
1976|49
1977|21
1978|35
1979|7
1980|11
1981|15
1982|28
1983|41
1984|11
1985|7
1986|14
1987|3
1988|32
1989|14
1990|25
1991|9
1992|29
1993|20
1994|48
1995|10
1996|36
1997|28
1998|30
1999|41
2000|1
2001|47
2002|48
2003|18
2004|23
2005|34
2006|3
2007|12
2008|23
2009|29
2010|31
2011|21
2012|39
2013|7
2014|26
2015|44
2016|49
2017|45
2018|4
2019|12
2020|39
2021|18
2022|12
2023|47
2024|46
2025|26
2026|7
2027|41
2028|19
2029|35
2030|49
2031|46
2032|21
2033|24
2034|20
2035|19
2036|47
2037|45
2038|31
2039|38
2040|35
2041|37
2042|47
2043|2
2044|16
2045|42
2046|16
2047|30
2048|23
2049|28
2050|48
2051|42
2052|1
2053|42
2054|13
2055|31
2056|36
2057|18
2058|41
2059|44
2060|29
2061|48
2062|8
2063|22
2064|44
2065|47
2066|35
2067|3
2068|9
2069|38
2070|48
2071|20
2072|3
2073|14
2074|12
2075|38
2076|29
2077|29
2078|28
2079|46
2080|45
2081|7
2082|49
2083|20
2084|20
2085|35
2086|48
2087|6
2088|46
2089|21
2090|26
2091|45
2092|41
2093|30
2094|37
2095|10
2096|31
2097|14
2098|33
2099|43
2100|39
2101|6
2102|35
2103|23
2104|8
2105|14
2106|27
2107|0
2108|23
2109|0
2110|47
2111|19
2112|9
2113|28
2114|2
2115|34
2116|22
2117|33
2118|18
2119|37
2120|2
2121|15
2122|27
2123|7
2124|40
2125|39
2126|1
2127|13
2128|40
2129|48
2130|35
2131|35
2132|48
2133|28
2134|25
2135|45
2136|34
2137|43
2138|23
2139|14
2140|36
2141|36
2142|17
2143|41
2144|8
2145|30
2146|45
2147|46
2148|35
2149|11
2150|35
2151|6
2152|36
2153|30
2154|30
2155|21
2156|30
2157|11
2158|16
2159|19
2160|17
2161|37
2162|30
2163|23
2164|15
2165|23
2166|48
2167|30
2168|11
2169|27
2170|23
2171|6
2172|14
2173|40
2174|0
2175|48
2176|36
2177|9
2178|33
2179|48
2180|16
2181|21
2182|45
2183|1
2184|22
2185|46
2186|24
2187|17
2188|44
2189|7
2190|6
2191|28
2192|43
2193|26
2194|24
2195|41
2196|6
2197|20
2198|16
2199|47
2200|32
2201|14
2202|40
2203|13
2204|48
2205|29
2206|6
2207|48
2208|49
2209|12
2210|39
2211|20
2212|45
2213|23
2214|38
2215|23
2216|9
2217|41
2218|38
2219|15
2220|39
2221|38
2222|19
2223|41
2224|14
2225|16
2226|26
2227|43
2228|46
2229|10
2230|30
2231|26
2232|19
2233|2
2234|41
2235|46
2236|1
2237|27
2238|31
2239|28
2240|35
2241|17
2242|36
2243|30
2244|6
2245|0
2246|13
2247|29
2248|38
2249|13
2250|15
2251|34
2252|19
2253|11
2254|39
2255|48
2256|9
2257|37
2258|21
2259|21
2260|30
2261|41
2262|46
2263|5
2264|46
2265|43
2266|44
2267|34
2268|22
2269|38
2270|19
2271|28
2272|48
2273|2
2274|13
2275|33
2276|0
2277|32
2278|32
2279|29
2280|16
2281|32
2282|10
2283|5
2284|3
2285|40
2286|0
2287|29
2288|20
2289|12
2290|32
2291|13
2292|23
2293|12
2294|39
2295|1
2296|30
2297|5
2298|20
2299|25
2300|38
2301|1
2302|16
2303|29
2304|27
2305|17
2306|9
2307|17
2308|32
2309|45
2310|18
2311|33
2312|43
2313|46
2314|35
2315|28
2316|32
2317|6
2318|45
2319|9
2320|21
2321|44
2322|38
2323|19
2324|11
2325|39
2326|27
2327|29
2328|19
2329|40
2330|36
2331|13
2332|11
2333|3
2334|17
2335|22
2336|45
2337|22
2338|40
2339|1
2340|38
2341|22
2342|6
2343|5
2344|17
2345|29
2346|27
2347|12
2348|49
2349|9
2350|8
2351|19
2352|7
2353|21
2354|16
2355|3
2356|37
2357|13
2358|12
2359|43
2360|1
2361|48
2362|4
2363|17
2364|22
2365|33
2366|2
2367|32
2368|12
2369|37
2370|45
2371|20
2372|29
2373|28
2374|27
2375|0
2376|46
2377|29
2378|13
2379|14
2380|44
2381|18
2382|11
2383|9
2384|12
2385|9
2386|35
2387|10
2388|46
2389|16
2390|8
2391|39
2392|13
2393|23
2394|31
2395|34
2396|46
2397|28
2398|39
2399|14
2400|10
2401|14
2402|7
2403|18
2404|38
2405|15
2406|39
2407|29
2408|49
2409|5
2410|8
2411|0
2412|39
2413|31
2414|2
2415|35
2416|12
2417|9
2418|39
2419|36
2420|42
2421|41
2422|48
2423|16
2424|9
2425|40
2426|44
2427|7
2428|17
2429|6
2430|19
2431|33
2432|19
2433|17
2434|26
2435|25
2436|20
2437|25
2438|17
2439|36
2440|31
2441|5
2442|33
2443|44
2444|16
2445|17
2446|3
2447|24
2448|1
2449|4
2450|25
2451|38
2452|26
2453|21
2454|35
2455|10
2456|43
2457|43
2458|46
2459|8
2460|4
2461|25
2462|32
2463|39
2464|31
2465|10
2466|39
2467|46
2468|6
2469|35
2470|15
2471|21
2472|1
2473|10
2474|0
2475|29
2476|40
2477|23
2478|49
2479|20
2480|30
2481|34
2482|4
2483|41
2484|3
2485|7
2486|1
2487|21
2488|10
2489|19
2490|44
2491|39
2492|34
2493|46
2494|21
2495|30
2496|13
2497|25
2498|0
2499|36
2500|22
2501|47
2502|45
2503|15
2504|45
2505|6
2506|0
2507|20
2508|41
2509|12
2510|0
2511|28
2512|7
2513|19
2514|17
2515|37
2516|33
2517|3
2518|32
2519|26
2520|32
2521|2
2522|33
2523|43
2524|11
2525|48
2526|32
2527|23
2528|1
2529|33
2530|5
2531|29
2532|49
2533|3
2534|31
2535|1
2536|1
2537|0
2538|45
2539|11
2540|11
2541|23
2542|12
2543|9
2544|34
2545|7
2546|21
2547|14
2548|37
2549|15
2550|38
2551|42
2552|25
2553|43
2554|32
2555|39
2556|34
2557|34
2558|7
2559|49
2560|31
2561|32
2562|39
2563|8
2564|7
2565|28
2566|19
2567|43
2568|1
2569|42
2570|31
2571|11
2572|23
2573|1
2574|13
2575|43
2576|8
2577|3
2578|46
2579|3
2580|36
2581|34
2582|37
2583|45
2584|10
2585|4
2586|17
2587|15
2588|24
2589|10
2590|12
2591|18
2592|30
2593|45
2594|11
2595|26
2596|27
2597|20
2598|34
2599|3
2600|15
2601|39
2602|18
2603|43
2604|46
2605|7
2606|25
2607|34
2608|23
2609|3
2610|17
2611|49
2612|42
2613|47
2614|2
2615|25
2616|33
2617|32
2618|45
2619|45
2620|33
2621|7
2622|44
2623|0
2624|14
2625|48
2626|45
2627|21
2628|42
2629|28
2630|26
2631|33
2632|20
2633|16
2634|46
2635|39
2636|29
2637|44
2638|41
2639|38
2640|19
2641|38
2642|33
2643|18
2644|28
2645|36
2646|3
2647|27
2648|2
2649|18
2650|29
2651|10
2652|20
2653|40
2654|41
2655|21
2656|12
2657|38
2658|33
2659|36
2660|18
2661|32
2662|5
2663|18
2664|29
2665|3
2666|30
2667|45
2668|11
2669|9
2670|3
2671|28
2672|38
2673|20
2674|33
2675|33
2676|5
2677|41
2678|10
2679|23
2680|23
2681|38
2682|18
2683|1
2684|18
2685|48
2686|16
2687|38
2688|2
2689|33
2690|35
2691|23
2692|14
2693|2
2694|41
2695|43
2696|17
2697|14
2698|22
2699|24
2700|8
2701|33
2702|17
2703|40
2704|37
2705|24
2706|4
2707|7
2708|38
2709|25
2710|15
2711|32
2712|4
2713|30
2714|11
2715|16
2716|49
2717|31
2718|5
2719|24
2720|6
2721|36
2722|40
2723|10
2724|27
2725|7
2726|28
2727|28
2728|46
2729|9
2730|5
2731|13
2732|47
2733|9
2734|47
2735|0
2736|37
2737|36
2738|20
2739|46
2740|7
2741|41
2742|38
2743|26
2744|10
2745|8
2746|34
2747|4
2748|42
2749|7
2750|14
2751|33
2752|6
2753|2
2754|17
2755|47
2756|2
2757|17
2758|31
2759|35
2760|24
2761|14
2762|28
2763|40
2764|2
2765|40
2766|33
2767|23
2768|41
2769|6
2770|4
2771|46
2772|45
2773|14
2774|14
2775|15
2776|34
2777|42
2778|6
2779|40
2780|0
2781|17
2782|42
2783|15
2784|28
2785|27
2786|42
2787|12
2788|41
2789|4
2790|38
2791|17
2792|9
2793|35
2794|31
2795|34
2796|18
2797|23
2798|26
2799|14
2800|9
2801|38
2802|41
2803|26
2804|3
2805|12
2806|25
2807|34
2808|20
2809|40
2810|4
2811|36
2812|13
2813|17
2814|17
2815|19
2816|31
2817|3
2818|5
2819|13
2820|31
2821|7
2822|35
2823|26
2824|40
2825|4
2826|43
2827|43
2828|42
2829|26
2830|12
2831|30
2832|11
2833|44
2834|10
2835|35
2836|23
2837|36
2838|39
2839|2
2840|48
2841|4
2842|21
2843|20
2844|26
2845|49
2846|41
2847|4
2848|14
2849|34
2850|45
2851|35
2852|9
2853|33
2854|16
2855|0
2856|22
2857|43
2858|29
2859|9
2860|22
2861|26
2862|3
2863|40
2864|1
2865|46
2866|0
2867|1
2868|20
2869|10
2870|6
2871|33
2872|28
2873|19
2874|38
2875|27
2876|0
2877|47
2878|2
2879|26
2880|5
2881|12
2882|14
2883|26
2884|7
2885|7
2886|37
2887|26
2888|38
2889|48
2890|12
2891|42
2892|48
2893|39
2894|15
2895|48
2896|48
2897|24
2898|15
2899|25
2900|13
2901|21
2902|22
2903|17
2904|6
2905|24
2906|19
2907|36
2908|34
2909|43
2910|42
2911|39
2912|31
2913|17
2914|20
2915|1
2916|16
2917|6
2918|18
2919|37
2920|38
2921|2
2922|33
2923|46
2924|38
2925|9
2926|2
2927|14
2928|3
2929|30
2930|26
2931|28
2932|38
2933|25
2934|30
2935|15
2936|17
2937|29
2938|37
2939|11
2940|18
2941|42
2942|7
2943|13
2944|41
2945|25
2946|6
2947|15
2948|5
2949|40
2950|33
2951|17
2952|40
2953|38
2954|49
2955|5
2956|40
2957|15
2958|36
2959|2
2960|29
2961|36
2962|8
2963|26
2964|8
2965|41
2966|6
2967|17
2968|15
2969|41
2970|7
2971|27
2972|47
2973|40
2974|29
2975|25
2976|14
2977|32
2978|40
2979|8
2980|44
2981|14
2982|49
2983|0
2984|18
2985|0
2986|19
2987|12
2988|5
2989|27
2990|2
2991|6
2992|32
2993|0
2994|22
2995|45
2996|22
2997|24
2998|20
2999|44
3000|42
