0|20
1|29
2|1
3|17
4|36
5|12
6|48
7|48
8|46
9|48
10|45
11|29
12|39
13|48
14|1
15|35
16|42
17|39
18|19
19|44
20|15
21|7
22|35
23|26
24|2
25|31
26|15
27|18
28|16
29|9
30|12
31|22
32|11
33|29
34|15
35|35
36|39
37|8
38|6
39|16
40|27
41|28
42|5
43|33
44|40
45|29
46|33
47|41
48|24
49|46
50|19
51|49
52|37
53|2
54|6
55|32
56|46
57|25
58|1
59|24
60|31
61|8
62|28
63|48
64|41
65|0
66|43
67|26
68|43
69|11
70|38
71|4
72|34
73|2
74|15
75|3
76|34
77|29
78|33
79|29
80|12
81|49
82|49
83|12
84|3
85|37
86|31
87|13
88|21
89|43
90|23
91|5
92|49
93|6
94|9
95|40
96|39
97|21
98|29
99|49
100|16
101|39
102|9
103|25
104|10
105|48
106|41
107|20
108|16
109|20
110|2
111|26
112|42
113|1
114|7
115|21
116|12
117|32
118|29
119|27
120|32
121|15
122|8
123|47
124|24
125|25
126|5
127|34
128|8
129|20
130|37
131|23
132|4
133|30
134|3
135|47
136|39
137|35
138|40
139|8
140|28
141|34
142|46
143|3
144|10
145|29
146|33
147|2
148|5
149|3
150|28
151|30
152|28
153|8
154|6
155|11
156|24
157|30
158|30
159|48
160|4
161|46
162|2
163|42
164|47
165|0
166|33
167|3
168|20
169|17
170|14
171|9
172|16
173|42
174|33
175|40
176|14
177|46
178|2
179|26
180|31
181|34
182|43
183|29
184|37
185|33
186|12
187|16
188|0
189|31
190|42
191|43
192|46
193|48
194|13
195|30
196|35
197|40
198|18
199|6
200|24
201|1
202|20
203|16
204|29
205|20
206|31
207|47
208|44
209|13
210|20
211|36
212|15
213|7
214|0
215|45
216|46
217|21
218|36
219|5
220|7
221|35
222|15
223|30
224|27
225|39
226|20
227|13
228|35
229|33
230|29
231|46
232|9
233|4
234|39
235|45
236|11
237|11
238|36
239|5
240|40
241|18
242|35
243|6
244|29
245|16
246|14
247|9
248|6
249|8
250|20
251|29
252|24
253|42
254|18
255|35
256|28
257|24
258|26
259|44
260|0
261|9
262|49
263|7
264|8
265|11
266|8
267|18
268|16
269|3
270|5
271|21
272|30
273|48
274|9
275|0
276|13
277|8
278|39
279|1
280|23
281|5
282|33
283|13
284|8
285|45
286|44
287|15
288|12
289|22
290|30
291|32
292|4
293|7
294|6
295|44
296|38
297|7
298|40
299|26
300|8
301|3
302|44
303|43
304|24
305|15
306|22
307|11
308|18
309|29
310|39
311|17
312|10
313|10
314|41
315|37
316|12
317|0
318|7
319|31
320|27
321|28
322|44
323|35
324|9
325|26
326|23
327|8
328|14
329|45
330|29
331|39
332|47
333|31
334|24
335|11
336|6
337|34
338|48
339|31
340|2
341|4
342|5
343|38
344|6
345|12
346|37
347|0
348|45
349|30
350|47
351|13
352|46
353|33
354|19
355|47
356|39
357|14
358|11
359|49
360|48
361|28
362|40
363|33
364|11
365|7
366|26
367|2
368|42
369|13
370|2
371|7
372|9
373|1
374|25
375|39
376|40
377|1
378|0
379|12
380|9
381|46
382|45
383|1
384|15
385|46
386|12
387|3
388|22
389|8
390|23
391|24
392|9
393|45
394|19
395|36
396|2
397|23
398|39
399|47
400|4
401|23
402|46
403|1
404|48
405|47
406|18
407|2
408|46
409|42
410|14
411|3
412|12
413|10
414|3
415|8
416|5
417|48
418|33
419|40
420|13
421|22
422|24
423|42
424|47
425|13
426|43
427|22
428|21
429|37
430|10
431|20
432|20
433|1
434|42
435|41
436|46
437|8
438|10
439|29
440|43
441|17
442|19
443|6
444|5
445|24
446|24
447|21
448|39
449|18
450|48
451|2
452|30
453|0
454|26
455|5
456|33
457|20
458|12
459|39
460|5
461|9
462|39
463|40
464|26
465|36
466|8
467|18
468|4
469|45
470|23
471|44
472|33
473|8
474|16
475|35
476|24
477|36
478|17
479|20
480|25
481|28
482|31
483|17
484|49
485|2
486|48
487|23
488|42
489|16
490|45
491|24
492|21
493|17
494|19
495|30
496|35
497|6
498|34
499|23
500|44
501|27
502|16
503|37
504|7
505|46
506|7
507|1
508|30
509|46
510|44
511|32
512|42
513|23
514|26
515|21
516|37
517|14
518|23
519|27
520|12
521|40
522|49
523|11
524|7
525|11
526|29
527|6
528|0
529|35
530|19
531|30
532|29
533|0
534|21
535|34
536|28
537|42
538|48
539|47
540|39
541|23
542|0
543|19
544|5
545|15
546|40
547|39
548|42
549|36
550|48
551|48
552|11
553|8
554|28
555|20
556|47
557|33
558|18
559|24
560|43
561|39
562|19
563|25
564|1
565|38
566|1
567|22
568|0
569|23
570|21
571|27
572|5
573|48
574|27
575|25
576|23
577|47
578|13
579|30
580|49
581|44
582|26
583|40
584|49
585|34
586|6
587|30
588|23
589|47
590|3
591|47
592|39
593|14
594|2
595|21
596|29
597|37
598|44
599|8
600|41
601|40
602|18
603|15
604|45
605|21
606|17
607|22
608|40
609|3
610|17
611|26
612|18
613|36
614|49
615|2
616|14
617|6
618|13
619|11
620|9
621|27
622|34
623|12
624|22
625|15
626|30
627|30
628|19
629|1
630|29
631|44
632|37
633|43
634|21
635|3
636|7
637|43
638|46
639|20
640|15
641|6
642|18
643|45
644|45
645|42
646|18
647|1
648|30
649|5
650|15
651|11
652|42
653|42
654|42
655|41
656|1
657|47
658|35
659|15
660|5
661|8
662|21
663|42
664|12
665|20
666|17
667|12
668|47
669|11
670|48
671|19
672|39
673|20
674|35
675|30
676|49
677|24
678|14
679|11
680|27
681|31
682|21
683|14
684|26
685|22
686|14
687|45
688|23
689|31
690|28
691|2
692|30
693|26
694|4
695|23
696|0
697|22
698|14
699|25
700|39
701|1
702|14
703|27
704|36
705|21
706|2
707|40
708|42
709|48
710|46
711|20
712|33
713|44
714|19
715|14
716|35
717|0
718|19
719|3
720|35
721|8
722|17
723|13
724|16
725|12
726|33
727|30
728|25
729|16
730|46
731|16
732|37
733|48
734|48
735|2
736|3
737|16
738|26
739|2
740|32
741|24
742|13
743|35
744|34
745|45
746|1
747|25
748|26
749|2
750|32
751|47
752|41
753|29
754|21
755|19
756|37
757|45
758|17
759|36
760|29
761|1
762|33
763|23
764|30
765|20
766|33
767|2
768|41
769|30
770|6
771|45
772|33
773|44
774|28
775|47
776|4
777|33
778|21
779|0
780|1
781|49
782|13
783|39
784|20
785|38
786|23
787|18
788|5
789|15
790|39
791|37
792|20
793|1
794|27
795|28
796|5
797|40
798|46
799|20
800|10
801|16
802|38
803|38
804|27
805|16
806|16
807|6
808|45
809|35
810|22
811|17
812|5
813|9
814|19
815|26
816|33
817|24
818|24
819|17
820|31
821|31
822|42
823|7
824|13
825|17
826|1
827|36
828|34
829|46
830|14
831|36
832|37
833|37
834|38
835|27
836|33
837|11
838|25
839|25
840|1
841|26
842|14
843|10
844|44
845|30
846|40
847|45
848|30
849|37
850|1
851|45
852|40
853|41
854|12
855|37
856|28
857|49
858|47
859|46
860|31
861|15
862|30
863|21
864|7
865|36
866|1
867|32
868|20
869|49
870|0
871|2
872|1
873|27
874|19
875|37
876|2
877|44
878|40
879|18
880|12
881|2
882|4
883|40
884|3
885|8
886|18
887|34
888|5
889|32
890|45
891|40
892|36
893|3
894|46
895|32
896|22
897|44
898|21
899|6
900|35
901|3
902|32
903|0
904|39
905|29
906|7
907|39
908|34
909|19
910|49
911|36
912|46
913|15
914|36
915|30
916|2
917|22
918|0
919|6
920|5
921|48
922|3
923|2
924|15
925|18
926|7
927|39
928|33
929|17
930|10
931|40
932|20
933|32
934|11
935|48
936|15
937|46
938|8
939|37
940|38
941|36
942|5
943|33
944|5
945|27
946|23
947|15
948|26
949|4
950|22
951|0
952|39
953|44
954|21
955|47
956|37
957|44
958|2
959|12
960|19
961|29
962|10
963|33
964|41
965|38
966|18
967|20
968|4
969|4
970|15
971|1
972|24
973|0
974|29
975|4
976|49
977|11
978|28
979|48
980|18
981|24
982|25
983|32
984|39
985|27
986|12
987|8
988|6
989|11
990|28
991|14
992|38
993|11
994|19
995|8
996|14
997|12
998|0
999|22
1000|19
1001|10
1002|15
1003|34
1004|8
1005|32
1006|17
1007|14
1008|10
1009|14
1010|45
1011|32
1012|2
1013|14
1014|20
1015|26
1016|26
1017|22
1018|12
1019|9
1020|42
1021|7
1022|18
1023|38
1024|37
1025|44
1026|6
1027|8
1028|38
1029|39
1030|44
1031|43
1032|32
1033|34
1034|38
1035|22
1036|36
1037|1
1038|16
1039|39
1040|15
1041|5
1042|35
1043|9
1044|16
1045|2
1046|15
1047|30
1048|17
1049|46
1050|38
1051|38
1052|4
1053|40
1054|18
1055|8
1056|19
1057|39
1058|43
1059|11
1060|28
1061|43
1062|3
1063|40
1064|14
1065|2
1066|13
1067|27
1068|3
1069|29
1070|11
1071|11
1072|26
1073|49
1074|9
1075|33
1076|12
1077|44
1078|17
1079|2
1080|41
1081|0
1082|31
1083|37
1084|12
1085|42
1086|29
1087|27
1088|37
1089|32
1090|11
1091|43
1092|1
1093|0
1094|32
1095|27
1096|44
1097|35
1098|47
1099|22
1100|44
1101|40
1102|36
1103|3
1104|17
1105|21
1106|29
1107|4
1108|22
1109|4
1110|1
1111|24
1112|5
1113|43
1114|20
1115|27
1116|7
1117|14
1118|20
1119|32
1120|25
1121|6
1122|35
1123|9
1124|9
1125|42
1126|6
1127|25
1128|43
1129|49
1130|26
1131|19
1132|18
1133|36
1134|22
1135|30
1136|48
1137|2
1138|17
1139|23
1140|43
1141|2
1142|34
1143|23
1144|37
1145|46
1146|40
1147|39
1148|23
1149|38
1150|34
1151|47
1152|15
1153|40
1154|6
1155|14
1156|44
1157|9
1158|43
1159|14
1160|4
1161|7
1162|5
1163|5
1164|29
1165|1
1166|43
1167|30
1168|4
1169|19
1170|49
1171|17
1172|19
1173|26
1174|49
1175|42
1176|43
1177|12
1178|33
1179|37
1180|44
1181|45
1182|14
1183|48
1184|7
1185|25
1186|7
1187|12
1188|14
1189|24
1190|2
1191|13
1192|23
1193|22
1194|39
1195|17
1196|7
1197|47
1198|11
1199|10
1200|14
1201|15
1202|25
1203|34
1204|17
1205|6
1206|31
1207|46
1208|22
1209|20
1210|22
1211|9
1212|3
1213|29
1214|38
1215|20
1216|46
1217|9
1218|36
1219|31
1220|4
1221|32
1222|38
1223|37
1224|22
1225|23
1226|32
1227|48
1228|6
1229|41
1230|23
1231|28
1232|33
1233|9
1234|44
1235|0
1236|39
1237|10
1238|40
1239|29
1240|37
1241|19
1242|37
1243|38
1244|43
1245|1
1246|19
1247|28
1248|12
1249|18
1250|34
1251|0
1252|14
1253|41
1254|30
1255|8
1256|46
1257|25
1258|24
1259|35
1260|11
1261|13
1262|44
1263|49
1264|19
1265|39
1266|4
1267|10
1268|29
1269|48
1270|11
1271|35
1272|39
1273|15
1274|32
1275|39
1276|11
1277|45
1278|6
1279|34
1280|33
1281|29
1282|15
1283|25
1284|18
1285|12
1286|25
1287|28
1288|38
1289|45
1290|25
1291|13
1292|45
1293|42
1294|10
1295|46
1296|9
1297|36
1298|3
1299|11
1300|6
1301|39
1302|35
1303|1
1304|43
1305|43
1306|2
1307|35
1308|0
1309|18
1310|0
1311|23
1312|48
1313|11
1314|47
1315|26
1316|11
1317|42
1318|3
1319|12
1320|23
1321|34
1322|39
1323|10
1324|41
1325|41
1326|48
1327|31
1328|48
1329|0
1330|15
1331|45
1332|12
1333|41
1334|19
1335|9
1336|17
1337|49
1338|43
1339|39
1340|43
1341|41
1342|30
1343|24
1344|34
1345|35
1346|29
1347|40
1348|21
1349|29
1350|43
1351|15
1352|8
1353|1
1354|29
1355|28
1356|19
1357|4
1358|23
1359|1
1360|6
1361|0
1362|15
1363|12
1364|17
1365|9
1366|22
1367|40
1368|29
1369|36
1370|2
1371|34
1372|5
1373|36
1374|42
1375|43
1376|48
1377|8
1378|19
1379|10
1380|14
1381|40
1382|26
1383|1
1384|15
1385|11
1386|11
1387|25
1388|31
1389|5
1390|16
1391|46
1392|14
1393|10
1394|39
1395|48
1396|49
1397|0
1398|18
1399|17
1400|30
1401|32
1402|26
1403|10
1404|0
1405|22
1406|47
1407|2
1408|35
1409|40
1410|24
1411|0
1412|9
1413|31
1414|38
1415|41
1416|9
1417|15
1418|17
1419|13
1420|1
1421|10
1422|4
1423|26
1424|27
1425|29
1426|30
1427|32
1428|39
1429|48
1430|4
1431|40
1432|26
1433|28
1434|4
1435|36
1436|44
1437|36
1438|25
1439|10
1440|31
1441|15
1442|27
1443|4
1444|34
1445|30
1446|1
1447|32
1448|13
1449|4
1450|19
1451|14
1452|40
1453|0
1454|36
1455|7
1456|8
1457|4
1458|27
1459|3
1460|13
1461|8
1462|13
1463|38
1464|21
1465|25
1466|13
1467|4
1468|10
1469|6
1470|40
1471|20
1472|1
1473|16
1474|26
1475|21
1476|3
1477|6
1478|14
1479|32
1480|39
1481|9
1482|41
1483|34
1484|46
1485|48
1486|20
1487|23
1488|43
1489|20
1490|35
1491|45
1492|31
1493|11
1494|28
1495|47
1496|37
1497|10
1498|35
1499|44
1500|10
1501|36
1502|30
1503|8
1504|19
1505|32
1506|11
1507|27
1508|29
1509|49
1510|11
1511|39
1512|29
1513|5
1514|6
1515|2
1516|43
1517|45
1518|29
1519|48
1520|20
1521|34
1522|3
1523|0
1524|2
1525|35
1526|4
1527|0
1528|37
1529|34
1530|1
1531|22
1532|15
1533|12
1534|33
1535|28
1536|24
1537|40
1538|11
1539|6
1540|46
1541|44
1542|43
1543|4
1544|14
1545|22
1546|24
1547|12
1548|4
1549|4
1550|40
1551|33
1552|39
1553|37
1554|5
1555|45
1556|8
1557|28
1558|47
1559|47
1560|42
1561|24
1562|1
1563|11
1564|13
1565|22
1566|40
1567|11
1568|29
1569|8
1570|20
1571|45
1572|32
1573|15
1574|13
1575|22
1576|6
1577|13
1578|31
1579|36
1580|43
1581|3
1582|44
1583|9
1584|5
1585|26
1586|48
1587|35
1588|1
1589|18
1590|36
1591|1
1592|23
1593|1
1594|5
1595|32
1596|30
1597|5
1598|7
1599|8
1600|48
1601|15
1602|46
1603|29
1604|39
1605|42
1606|42
1607|5
1608|39
1609|22
1610|1
1611|45
1612|20
1613|6
1614|12
1615|10
1616|24
1617|30
1618|40
1619|16
1620|42
1621|21
1622|14
1623|37
1624|30
1625|16
1626|23
1627|31
1628|25
1629|12
1630|21
1631|10
1632|23
1633|9
1634|41
1635|36
1636|17
1637|9
1638|36
1639|16
1640|39
1641|12
1642|6
1643|1
1644|48
1645|9
1646|18
1647|10
1648|40
1649|46
1650|19
1651|12
1652|47
1653|11
1654|22
1655|45
1656|40
1657|12
1658|17
1659|11
1660|2
1661|7
1662|29
1663|49
1664|40
1665|25
1666|41
1667|6
1668|5
1669|26
1670|44
1671|42
1672|12
1673|49
1674|35
1675|44
1676|47
1677|41
1678|47
1679|23
1680|46
1681|47
1682|44
1683|27
1684|48
1685|22
1686|37
1687|22
1688|0
1689|44
1690|40
1691|22
1692|13
1693|3
1694|33
1695|15
1696|19
1697|43
1698|16
1699|44
1700|2
1701|37
1702|1
1703|1
1704|2
1705|26
1706|20
1707|19
1708|47
1709|23
1710|6
1711|13
1712|11
1713|42
1714|9
1715|10
1716|14
1717|40
1718|25
1719|4
1720|34
1721|21
1722|46
1723|34
1724|42
1725|11
1726|40
1727|17
1728|49
1729|38
1730|1
1731|5
1732|14
1733|41
1734|14
1735|39
1736|1
1737|18
1738|21
1739|33
1740|47
1741|29
1742|38
1743|46
1744|36
1745|46
1746|1
1747|8
1748|3
1749|31
1750|33
1751|21
1752|5
1753|17
1754|17
1755|26
1756|11
1757|23
1758|14
1759|10
1760|13
1761|3
1762|48
1763|11
1764|37
1765|42
1766|0
1767|1
1768|1
1769|12
1770|14
1771|5
1772|27
1773|18
1774|16
1775|19
1776|37
1777|22
1778|47
1779|13
1780|7
1781|22
1782|49
1783|14
1784|20
1785|35
1786|7
1787|26
1788|7
1789|40
1790|8
1791|7
1792|44
1793|41
1794|13
1795|42
1796|9
1797|43
1798|45
1799|6
1800|0
1801|23
1802|43
1803|8
1804|35
1805|8
1806|17
1807|45
1808|45
1809|20
1810|5
1811|49
1812|28
1813|44
1814|7
1815|38
1816|19
1817|21
1818|16
1819|27
1820|29
1821|2
1822|44
1823|20
1824|22
1825|25
1826|4
1827|22
1828|41
1829|42
1830|36
1831|18
1832|25
1833|32
1834|18
1835|30
1836|15
1837|25
1838|5
1839|8
1840|43
1841|33
1842|25
1843|11
1844|15
1845|1
1846|1
1847|16
1848|31
1849|4
1850|17
1851|43
1852|7
1853|5
1854|44
1855|23
1856|46
1857|2
1858|25
1859|18
1860|17
1861|21
1862|41
1863|14
1864|33
1865|16
1866|38
1867|7
1868|12
1869|39
1870|43
1871|42
1872|11
1873|27
1874|26
1875|41
1876|16
1877|40
1878|45
1879|40
1880|23
1881|38
1882|30
1883|22
1884|43
1885|35
1886|49
1887|0
1888|23
1889|47
1890|25
1891|47
1892|5
1893|7
1894|26
1895|8
1896|18
1897|38
1898|1
1899|49
1900|14
1901|34
1902|38
1903|12
1904|6
1905|5
1906|30
1907|49
1908|35
1909|43
1910|6
1911|28
1912|28
1913|34
1914|27
1915|49
1916|17
1917|6
1918|23
1919|20
1920|3
1921|3
1922|48
1923|33
1924|44
1925|8
1926|37
1927|39
1928|47
1929|41
1930|35
1931|4
1932|27
1933|11
1934|38
1935|19
1936|21
1937|9
1938|19
1939|34
1940|33
1941|31
1942|8
1943|8
1944|44
1945|42
1946|44
1947|13
1948|33
1949|42
1950|22
1951|33
1952|31
1953|45
1954|24
1955|22
1956|8
1957|33
1958|24
1959|28
1960|10
1961|8
1962|38
1963|1
1964|36
1965|20
1966|25
1967|22
1968|1
1969|10
1970|41
1971|41
1972|0
1973|38
1974|38
1975|16
1976|26
1977|9
1978|39
1979|10
1980|8
1981|15
1982|35
1983|7
1984|28
1985|13
1986|25
1987|8
1988|7
1989|27
1990|16
1991|17
1992|30
1993|42
1994|4
1995|48
1996|41
1997|26
1998|2
1999|15
2000|4
2001|37
2002|2
2003|20
2004|36
2005|35
2006|1
2007|34
2008|3
2009|45
2010|31
2011|8
2012|2
2013|7
2014|21
2015|28
2016|5
2017|20
2018|11
2019|8
2020|49
2021|42
2022|35
2023|2
2024|12
2025|5
2026|36
2027|2
2028|46
2029|17
2030|41
2031|42
2032|20
2033|31
2034|42
2035|17
2036|20
2037|32
2038|25
2039|33
2040|25
2041|23
2042|2
2043|0
2044|27
2045|46
2046|22
2047|1
2048|16
2049|40
2050|42
2051|9
2052|9
2053|34
2054|2
2055|0
2056|31
2057|8
2058|46
2059|31
2060|6
2061|30
2062|17
2063|46
2064|22
2065|49
2066|1
2067|21
2068|48
2069|41
2070|41
2071|49
2072|41
2073|22
2074|31
2075|30
2076|40
2077|4
2078|20
2079|0
2080|49
2081|4
2082|13
2083|47
2084|29
2085|27
2086|24
2087|40
2088|25
2089|47
2090|22
2091|19
2092|31
2093|19
2094|37
2095|22
2096|44
2097|44
2098|32
2099|0
2100|48
2101|0
2102|39
2103|19
2104|11
2105|23
2106|21
2107|31
2108|11
2109|23
2110|11
2111|22
2112|4
2113|44
2114|28
2115|13
2116|1
2117|27
2118|42
2119|0
2120|8
2121|13
2122|38
2123|3
2124|9
2125|9
2126|37
2127|40
2128|28
2129|31
2130|43
2131|29
2132|41
2133|9
2134|3
2135|2
2136|42
2137|25
2138|37
2139|5
2140|7
2141|11
2142|48
2143|49
2144|6
2145|27
2146|37
2147|7
2148|22
2149|28
2150|6
2151|21
2152|6
2153|36
2154|44
2155|1
2156|19
2157|26
2158|48
2159|34
2160|44
2161|7
2162|26
2163|19
2164|39
2165|42
2166|27
2167|16
2168|13
2169|26
2170|17
2171|20
2172|42
2173|10
2174|26
2175|14
2176|7
2177|5
2178|2
2179|49
2180|28
2181|30
2182|41
2183|15
2184|18
2185|49
2186|41
2187|18
2188|27
2189|12
2190|34
2191|19
2192|45
2193|25
2194|34
2195|26
2196|36
2197|9
2198|17
2199|49
2200|23
2201|34
2202|46
2203|37
2204|22
2205|18
2206|47
2207|8
2208|21
2209|41
2210|49
2211|48
2212|11
2213|5
2214|21
2215|45
2216|10
2217|47
2218|35
2219|14
2220|15
2221|25
2222|13
2223|36
2224|24
2225|32
2226|39
2227|26
2228|37
2229|44
2230|46
2231|36
2232|31
2233|30
2234|12
2235|49
2236|26
2237|16
2238|31
2239|11
2240|3
2241|11
2242|29
2243|26
2244|6
2245|15
2246|4
2247|44
2248|40
2249|15
2250|16
2251|23
2252|45
2253|22
2254|42
2255|16
2256|36
2257|31
2258|30
2259|9
2260|24
2261|0
2262|28
2263|20
2264|1
2265|2
2266|16
2267|18
2268|41
2269|20
2270|47
2271|0
2272|12
2273|20
2274|22
2275|0
2276|5
2277|35
2278|2
2279|34
2280|23
2281|39
2282|40
2283|48
2284|2
2285|17
2286|20
2287|13
2288|41
2289|36
2290|1
2291|34
2292|19
2293|5
2294|40
2295|16
2296|17
2297|4
2298|17
2299|12
2300|38
2301|49
2302|41
2303|41
2304|49
2305|7
2306|2
2307|22
2308|6
2309|12
2310|0
2311|47
2312|43
2313|45
2314|19
2315|18
2316|33
2317|37
2318|31
2319|35
2320|16
2321|48
2322|24
2323|21
2324|33
2325|44
2326|33
2327|26
2328|40
2329|27
2330|37
2331|38
2332|6
2333|30
2334|43
2335|6
2336|11
2337|7
2338|41
2339|10
2340|40
2341|10
2342|38
2343|18
2344|20
2345|20
2346|8
2347|41
2348|49
2349|3
2350|46
2351|19
2352|24
2353|37
2354|21
2355|44
2356|47
2357|1
2358|20
2359|42
2360|24
2361|37
2362|39
2363|38
2364|12
2365|41
2366|23
2367|14
2368|44
2369|1
2370|27
2371|19
2372|7
2373|12
2374|32
2375|26
2376|34
2377|17
2378|25
2379|43
2380|38
2381|31
2382|44
2383|36
2384|3
2385|48
2386|9
2387|5
2388|16
2389|2
2390|2
2391|1
2392|45
2393|23
2394|24
2395|12
2396|39
2397|13
2398|0
2399|6
2400|16
2401|30
2402|21
2403|28
2404|17
2405|16
2406|45
2407|5
2408|44
2409|31
2410|38
2411|47
2412|38
2413|48
2414|26
2415|3
2416|32
2417|45
2418|40
2419|18
2420|47
2421|0
2422|13
2423|42
2424|19
2425|35
2426|48
2427|25
2428|21
2429|27
2430|34
2431|1
2432|4
2433|39
2434|23
2435|23
2436|43
2437|45
2438|26
2439|14
2440|49
2441|5
2442|7
2443|43
2444|1
2445|7
2446|27
2447|20
2448|34
2449|37
2450|33
2451|19
2452|5
2453|35
2454|44
2455|41
2456|49
2457|14
2458|9
2459|20
2460|36
2461|31
2462|2
2463|17
2464|43
2465|39
2466|35
2467|46
2468|43
2469|49
2470|17
2471|44
2472|34
2473|33
2474|42
2475|36
2476|48
2477|4
2478|22
2479|11
2480|37
2481|11
2482|2
2483|39
2484|25
2485|8
2486|6
2487|30
2488|2
2489|6
2490|5
2491|33
2492|37
2493|49
2494|7
2495|40
2496|20
2497|43
2498|33
2499|34
2500|35
2501|15
2502|28
2503|27
2504|23
2505|13
2506|43
2507|35
2508|4
2509|29
2510|39
2511|44
2512|12
2513|14
2514|39
2515|4
2516|26
2517|16
2518|14
2519|15
2520|15
2521|32
2522|6
2523|8
2524|24
2525|33
2526|30
2527|4
2528|10
2529|39
2530|15
2531|1
2532|28
2533|21
2534|28
2535|15
2536|15
2537|18
2538|30
2539|43
2540|8
2541|32
2542|11
2543|0
2544|48
2545|9
2546|33
2547|44
2548|26
2549|45
2550|41
2551|30
2552|42
2553|35
2554|5
2555|48
2556|34
2557|11
2558|3
2559|3
2560|49
2561|6
2562|48
2563|22
2564|28
2565|49
2566|5
2567|41
2568|15
2569|0
2570|6
2571|5
2572|17
2573|3
2574|27
2575|30
2576|36
2577|43
2578|40
2579|26
2580|19
2581|3
2582|31
2583|23
2584|10
2585|40
2586|30
2587|49
2588|37
2589|33
2590|41
2591|49
2592|24
2593|44
2594|2
2595|35
2596|1
2597|1
2598|35
2599|24
2600|11
2601|24
2602|41
2603|36
2604|48
2605|49
2606|36
2607|7
2608|42
2609|11
2610|6
2611|10
2612|29
2613|24
2614|9
2615|37
2616|30
2617|30
2618|33
2619|39
2620|31
2621|1
2622|26
2623|23
2624|40
2625|46
2626|49
2627|34
2628|25
2629|7
2630|29
2631|2
2632|42
2633|40
2634|49
2635|39
2636|34
2637|33
2638|47
2639|4
2640|31
2641|0
2642|33
2643|20
2644|22
2645|38
2646|34
2647|45
2648|22
2649|44
2650|38
2651|18
2652|35
2653|28
2654|14
2655|41
2656|23
2657|6
2658|15
2659|36
2660|1
2661|41
2662|35
2663|16
2664|11
2665|17
2666|45
2667|3
2668|34
2669|35
2670|16
2671|37
2672|48
2673|33
2674|25
2675|27
2676|27
2677|1
2678|35
2679|19
2680|31
2681|37
2682|26
2683|2
2684|11
2685|31
2686|45
2687|24
2688|12
2689|43
2690|6
2691|43
2692|11
2693|3
2694|12
2695|39
2696|40
2697|27
2698|32
2699|5
2700|23
2701|34
2702|8
2703|26
2704|45
2705|21
2706|18
2707|14
2708|35
2709|43
2710|19
2711|17
2712|12
2713|9
2714|23
2715|44
2716|13
2717|0
2718|15
2719|13
2720|43
2721|24
2722|34
2723|8
2724|49
2725|9
2726|22
2727|39
2728|10
2729|35
2730|14
2731|31
2732|49
2733|1
2734|20
2735|13
2736|1
2737|39
2738|20
2739|49
2740|49
2741|30
2742|3
2743|2
2744|13
2745|4
2746|12
2747|49
2748|47
2749|26
2750|49
2751|40
2752|1
2753|12
2754|32
2755|26
2756|18
2757|45
2758|40
2759|44
2760|14
2761|6
2762|14
2763|4
2764|2
2765|48
2766|37
2767|7
2768|4
2769|8
2770|10
2771|38
2772|17
2773|32
2774|0
2775|5
2776|15
2777|29
2778|24
2779|42
2780|7
2781|11
2782|9
2783|6
2784|41
2785|49
2786|42
2787|49
2788|18
2789|17
2790|21
2791|47
2792|36
2793|41
2794|40
2795|22
2796|41
2797|24
2798|4
2799|37
2800|11
2801|21
2802|8
2803|34
2804|9
2805|28
2806|48
2807|1
2808|33
2809|20
2810|40
2811|18
2812|40
2813|36
2814|30
2815|11
2816|9
2817|5
2818|22
2819|49
2820|7
2821|38
2822|49
2823|7
2824|27
2825|47
2826|15
2827|25
2828|18
2829|43
2830|32
2831|26
2832|43
2833|14
2834|46
2835|24
2836|25
2837|41
2838|47
2839|12
2840|9
2841|17
2842|9
2843|35
2844|13
2845|15
2846|47
2847|35
2848|31
2849|41
2850|38
2851|42
2852|38
2853|40
2854|31
2855|22
2856|26
2857|41
2858|23
2859|0
2860|36
2861|35
2862|9
2863|18
2864|35
2865|16
2866|18
2867|34
2868|10
2869|21
2870|15
2871|30
2872|28
2873|7
2874|45
2875|45
2876|22
2877|9
2878|11
2879|26
2880|25
2881|22
2882|28
2883|9
2884|25
2885|28
2886|38
2887|39
2888|29
2889|16
2890|39
2891|22
2892|33
2893|4
2894|4
2895|49
2896|26
2897|29
2898|30
2899|48
2900|41
2901|17
2902|17
2903|12
2904|33
2905|24
2906|43
2907|39
2908|13
2909|2
2910|17
2911|32
2912|43
2913|22
2914|41
2915|49
2916|30
2917|28
2918|27
2919|8
2920|35
2921|15
2922|36
2923|47
2924|11
2925|31
2926|24
2927|49
2928|18
2929|11
2930|21
2931|3
2932|15
2933|27
2934|31
2935|47
2936|36
2937|33
2938|9
2939|41
2940|18
2941|26
2942|13
2943|1
2944|13
2945|31
2946|11
2947|48
2948|0
2949|47
2950|9
2951|6
2952|13
2953|7
2954|48
2955|7
2956|37
2957|2
2958|11
2959|34
2960|8
2961|27
2962|47
2963|47
2964|28
2965|13
2966|48
2967|47
2968|48
2969|25
2970|5
2971|39
2972|31
2973|23
2974|44
2975|26
2976|16
2977|14
2978|36
2979|42
2980|43
2981|33
2982|19
2983|12
2984|25
2985|13
2986|23
2987|43
2988|30
2989|36
2990|9
2991|8
2992|0
2993|49
2994|26
2995|16
2996|28
2997|21
2998|33
2999|7
3000|6
