0|34
1|4
2|30
3|25
4|6
5|35
6|34
7|48
8|19
9|37
10|42
11|10
12|28
13|36
14|22
15|37
16|8
17|29
18|35
19|9
20|39
21|33
22|25
23|41
24|12
25|21
26|27
27|42
28|6
29|38
30|47
31|12
32|30
33|35
34|9
35|1
36|39
37|36
38|32
39|29
40|40
41|36
42|25
43|46
44|2
45|6
46|21
47|11
48|9
49|24
50|17
51|34
52|2
53|22
54|20
55|8
56|2
57|31
58|27
59|19
60|32
61|41
62|4
63|23
64|7
65|37
66|27
67|46
68|3
69|43
70|19
71|2
72|41
73|26
74|4
75|46
76|26
77|44
78|20
79|3
80|43
81|19
82|4
83|22
84|12
85|46
86|2
87|29
88|32
89|41
90|40
91|48
92|3
93|33
94|43
95|29
96|9
97|34
98|8
99|47
100|46
101|2
102|11
103|17
104|12
105|6
106|2
107|42
108|7
109|45
110|31
111|35
112|16
113|11
114|30
115|5
116|42
117|16
118|48
119|46
120|43
121|45
122|1
123|34
124|5
125|11
126|41
127|24
128|38
129|35
130|42
131|44
132|0
133|16
134|29
135|23
136|34
137|16
138|19
139|18
140|26
141|17
142|32
143|1
144|28
145|46
146|35
147|43
148|11
149|42
150|47
151|46
152|28
153|1
154|10
155|17
156|13
157|23
158|29
159|48
160|38
161|26
162|23
163|8
164|41
165|22
166|25
167|23
168|28
169|8
170|47
171|30
172|20
173|11
174|24
175|23
176|8
177|8
178|33
179|2
180|16
181|0
182|22
183|46
184|46
185|8
186|19
187|8
188|5
189|44
190|14
191|15
192|25
193|30
194|23
195|26
196|3
197|0
198|40
199|33
200|22
201|3
202|26
203|45
204|43
205|46
206|27
207|45
208|39
209|24
210|34
211|35
212|2
213|30
214|36
215|39
216|4
217|40
218|32
219|44
220|2
221|9
222|5
223|31
224|24
225|41
226|22
227|41
228|35
229|31
230|32
231|31
232|44
233|29
234|12
235|5
236|31
237|16
238|42
239|5
240|25
241|6
242|14
243|20
244|45
245|3
246|30
247|2
248|19
249|45
250|29
251|5
252|17
253|1
254|26
255|21
256|13
257|21
258|35
259|14
260|22
261|33
262|19
263|12
264|1
265|32
266|47
267|49
268|29
269|6
270|14
271|30
272|38
273|36
274|12
275|18
276|42
277|38
278|6
279|13
280|43
281|21
282|49
283|16
284|8
285|49
286|23
287|29
288|46
289|28
290|26
291|37
292|48
293|29
294|16
295|10
296|5
297|19
298|21
299|6
300|7
301|33
302|4
303|42
304|17
305|36
306|12
307|18
308|27
309|46
310|39
311|49
312|2
313|41
314|28
315|13
316|10
317|25
318|11
319|33
320|3
321|18
322|24
323|9
324|23
325|20
326|21
327|39
328|49
329|18
330|43
331|1
332|30
333|1
334|5
335|5
336|34
337|45
338|7
339|45
340|47
341|1
342|29
343|22
344|9
345|44
346|27
347|17
348|21
349|49
350|21
351|37
352|17
353|48
354|29
355|23
356|13
357|27
358|42
359|9
360|48
361|31
362|16
363|33
364|37
365|25
366|30
367|45
368|13
369|20
370|3
371|35
372|1
373|36
374|31
375|6
376|1
377|11
378|40
379|48
380|6
381|10
382|28
383|19
384|15
385|25
386|24
387|20
388|6
389|27
390|40
391|44
392|28
393|49
394|12
395|10
396|16
397|22
398|32
399|16
400|39
401|36
402|39
403|5
404|11
405|18
406|37
407|3
408|32
409|30
410|45
411|20
412|2
413|14
414|28
415|26
416|5
417|15
418|15
419|31
420|12
421|28
422|2
423|28
424|37
425|10
426|32
427|13
428|22
429|30
430|8
431|29
432|39
433|45
434|5
435|19
436|27
437|31
438|30
439|36
440|44
441|45
442|3
443|6
444|23
445|31
446|8
447|8
448|10
449|16
450|38
451|16
452|30
453|28
454|27
455|33
456|33
457|22
458|6
459|17
460|9
461|20
462|25
463|48
464|15
465|2
466|49
467|41
468|44
469|4
470|28
471|3
472|13
473|6
474|30
475|32
476|15
477|49
478|11
479|35
480|12
481|20
482|41
483|22
484|6
485|2
486|48
487|22
488|21
489|12
490|2
491|37
492|16
493|15
494|34
495|13
496|7
497|34
498|39
499|17
500|31
501|2
502|14
503|49
504|40
505|0
506|27
507|11
508|3
509|33
510|24
511|45
512|35
513|29
514|29
515|39
516|13
517|7
518|17
519|19
520|3
521|26
522|17
523|24
524|30
525|30
526|8
527|4
528|1
529|31
530|37
531|14
532|29
533|40
534|12
535|33
536|44
537|32
538|25
539|45
540|36
541|42
542|49
543|34
544|30
545|6
546|41
547|29
548|0
549|26
550|25
551|20
552|15
553|18
554|3
555|6
556|27
557|35
558|8
559|46
560|10
561|47
562|45
563|42
564|10
565|28
566|23
567|38
568|47
569|25
570|48
571|20
572|30
573|43
574|15
575|47
576|16
577|33
578|28
579|8
580|41
581|48
582|24
583|10
584|6
585|5
586|9
587|16
588|13
589|23
590|47
591|21
592|19
593|47
594|31
595|48
596|16
597|36
598|34
599|19
600|41
601|43
602|45
603|7
604|12
605|44
606|26
607|16
608|29
609|7
610|27
611|2
612|43
613|43
614|13
615|38
616|25
617|19
618|5
619|1
620|31
621|13
622|3
623|36
624|34
625|24
626|37
627|28
628|46
629|34
630|30
631|24
632|19
633|20
634|17
635|16
636|49
637|20
638|25
639|31
640|35
641|38
642|36
643|26
644|39
645|10
646|42
647|20
648|21
649|16
650|33
651|2
652|24
653|9
654|33
655|10
656|1
657|26
658|33
659|22
660|15
661|9
662|12
663|30
664|32
665|6
666|28
667|12
668|39
669|14
670|17
671|16
672|47
673|46
674|17
675|32
676|11
677|32
678|48
679|27
680|47
681|24
682|31
683|38
684|6
685|28
686|23
687|1
688|33
689|27
690|37
691|15
692|39
693|3
694|41
695|45
696|4
697|35
698|24
699|27
700|36
701|6
702|14
703|43
704|41
705|38
706|20
707|5
708|47
709|37
710|11
711|37
712|3
713|14
714|37
715|19
716|48
717|9
718|46
719|9
720|6
721|23
722|31
723|35
724|16
725|26
726|22
727|11
728|21
729|42
730|13
731|26
732|43
733|37
734|48
735|10
736|9
737|4
738|20
739|22
740|4
741|34
742|34
743|20
744|25
745|4
746|25
747|16
748|18
749|18
750|12
751|13
752|12
753|32
754|48
755|45
756|0
757|47
758|32
759|36
760|1
761|19
762|15
763|36
764|11
765|46
766|6
767|17
768|46
769|44
770|38
771|31
772|29
773|4
774|49
775|49
776|37
777|36
778|49
779|4
780|37
781|42
782|6
783|45
784|19
785|48
786|8
787|33
788|1
789|3
790|14
791|25
792|1
793|6
794|15
795|19
796|40
797|45
798|20
799|5
800|31
801|46
802|22
803|27
804|34
805|1
806|35
807|38
808|33
809|27
810|45
811|14
812|32
813|36
814|37
815|41
816|21
817|9
818|22
819|10
820|5
821|41
822|26
823|44
824|36
825|30
826|44
827|0
828|27
829|11
830|36
831|22
832|28
833|6
834|1
835|46
836|17
837|12
838|39
839|49
840|18
841|7
842|22
843|13
844|15
845|6
846|32
847|19
848|6
849|26
850|34
851|39
852|47
853|23
854|23
855|19
856|28
857|28
858|26
859|6
860|42
861|43
862|43
863|32
864|19
865|7
866|13
867|12
868|49
869|44
870|22
871|28
872|40
873|34
874|12
875|42
876|13
877|35
878|2
879|5
880|29
881|3
882|1
883|28
884|13
885|18
886|9
887|32
888|5
889|12
890|12
891|10
892|46
893|3
894|25
895|42
896|42
897|26
898|40
899|14
900|47
901|5
902|37
903|27
904|44
905|13
906|28
907|20
908|4
909|0
910|0
911|28
912|24
913|1
914|1
915|6
916|4
917|9
918|5
919|43
920|35
921|23
922|15
923|11
924|38
925|24
926|29
927|44
928|42
929|1
930|41
931|9
932|11
933|10
934|29
935|36
936|22
937|38
938|12
939|23
940|22
941|49
942|33
943|0
944|35
945|16
946|20
947|18
948|49
949|30
950|23
951|19
952|17
953|30
954|37
955|41
956|26
957|33
958|41
959|22
960|48
961|40
962|24
963|27
964|24
965|36
966|41
967|1
968|22
969|15
970|41
971|18
972|12
973|37
974|36
975|34
976|8
977|10
978|32
979|33
980|24
981|22
982|40
983|34
984|10
985|10
986|15
987|23
988|25
989|12
990|0
991|40
992|22
993|23
994|12
995|48
996|31
997|7
998|30
999|15
1000|17
1001|41
1002|31
1003|24
1004|49
1005|49
1006|48
1007|29
1008|4
1009|17
1010|9
1011|44
1012|38
1013|18
1014|12
1015|8
1016|8
1017|25
1018|29
1019|7
1020|9
1021|24
1022|8
1023|44
1024|46
1025|14
1026|11
1027|14
1028|38
1029|18
1030|11
1031|38
1032|25
1033|2
1034|1
1035|33
1036|22
1037|25
1038|44
1039|14
1040|8
1041|25
1042|5
1043|27
1044|26
1045|5
1046|22
1047|7
1048|44
1049|39
1050|33
1051|47
1052|14
1053|44
1054|18
1055|36
1056|17
1057|44
1058|25
1059|46
1060|15
1061|48
1062|19
1063|34
1064|41
1065|46
1066|30
1067|4
1068|15
1069|6
1070|21
1071|46
1072|22
1073|14
1074|34
1075|23
1076|22
1077|49
1078|46
1079|1
1080|18
1081|20
1082|37
1083|6
1084|27
1085|1
1086|41
1087|8
1088|30
1089|11
1090|2
1091|9
1092|1
1093|3
1094|13
1095|3
1096|22
1097|37
1098|18
1099|10
1100|8
1101|13
1102|31
1103|1
1104|45
1105|46
1106|24
1107|2
1108|38
1109|4
1110|41
1111|30
1112|38
1113|42
1114|17
1115|29
1116|39
1117|9
1118|8
1119|15
1120|33
1121|27
1122|40
1123|11
1124|47
1125|8
1126|21
1127|8
1128|31
1129|46
1130|2
1131|24
1132|38
1133|15
1134|37
1135|10
1136|49
1137|26
1138|17
1139|38
1140|17
1141|3
1142|32
1143|0
1144|25
1145|6
1146|30
1147|12
1148|24
1149|23
1150|22
1151|45
1152|4
1153|47
1154|41
1155|34
1156|37
1157|20
1158|36
1159|17
1160|25
1161|33
1162|23
1163|45
1164|8
1165|3
1166|3
1167|7
1168|30
1169|13
1170|25
1171|21
1172|36
1173|43
1174|14
1175|26
1176|7
1177|35
1178|44
1179|28
1180|39
1181|38
1182|6
1183|30
1184|3
1185|3
1186|44
1187|2
1188|46
1189|41
1190|30
1191|30
1192|31
1193|18
1194|33
1195|18
1196|21
1197|37
1198|14
1199|18
1200|3
1201|35
1202|2
1203|23
1204|47
1205|41
1206|14
1207|2
1208|47
1209|19
1210|38
1211|6
1212|41
1213|48
1214|23
1215|6
1216|5
1217|36
1218|17
1219|46
1220|5
1221|18
1222|38
1223|23
1224|35
1225|16
1226|30
1227|44
1228|5
1229|13
1230|14
1231|34
1232|38
1233|30
1234|22
1235|9
1236|18
1237|16
1238|23
1239|22
1240|36
1241|38
1242|13
1243|23
1244|36
1245|14
1246|24
1247|17
1248|1
1249|16
1250|37
1251|15
1252|20
1253|14
1254|6
1255|24
1256|17
1257|45
1258|15
1259|31
1260|26
1261|46
1262|44
1263|19
1264|30
1265|27
1266|7
1267|1
1268|44
1269|28
1270|20
1271|23
1272|5
1273|44
1274|7
1275|32
1276|49
1277|29
1278|0
1279|10
1280|37
1281|27
1282|32
1283|41
1284|43
1285|36
1286|37
1287|12
1288|9
1289|30
1290|25
1291|40
1292|25
1293|13
1294|47
1295|38
1296|6
1297|3
1298|32
1299|30
1300|18
1301|34
1302|31
1303|40
1304|49
1305|5
1306|1
1307|8
1308|46
1309|3
1310|14
1311|29
1312|7
1313|13
1314|34
1315|12
1316|5
1317|41
1318|38
1319|1
1320|45
1321|19
1322|46
1323|14
1324|42
1325|41
1326|46
1327|28
1328|16
1329|26
1330|5
1331|45
1332|39
1333|9
1334|25
1335|19
1336|41
1337|26
1338|5
1339|49
1340|17
1341|27
1342|35
1343|2
1344|36
1345|16
1346|20
1347|41
1348|35
1349|25
1350|4
1351|28
1352|37
1353|32
1354|0
1355|18
1356|46
1357|19
1358|23
1359|3
1360|30
1361|37
1362|49
1363|17
1364|3
1365|49
1366|42
1367|5
1368|33
1369|19
1370|37
1371|24
1372|36
1373|32
1374|9
1375|23
1376|45
1377|23
1378|12
1379|30
1380|45
1381|4
1382|12
1383|45
1384|13
1385|39
1386|17
1387|37
1388|2
1389|29
1390|14
1391|23
1392|42
1393|11
1394|2
1395|39
1396|40
1397|5
1398|23
1399|30
1400|13
1401|4
1402|49
1403|22
1404|27
1405|14
1406|21
1407|32
1408|20
1409|25
1410|3
1411|3
1412|22
1413|33
1414|7
1415|12
1416|32
1417|12
1418|16
1419|9
1420|28
1421|49
1422|26
1423|27
1424|43
1425|49
1426|49
1427|27
1428|49
1429|26
1430|44
1431|21
1432|43
1433|4
1434|32
1435|22
1436|44
1437|44
1438|7
1439|22
1440|23
1441|18
1442|0
1443|43
1444|7
1445|7
1446|2
1447|41
1448|34
1449|4
1450|31
1451|7
1452|45
1453|10
1454|8
1455|13
1456|5
1457|13
1458|2
1459|16
1460|11
1461|34
1462|24
1463|28
1464|43
1465|35
1466|8
1467|47
1468|8
1469|11
1470|8
1471|33
1472|22
1473|16
1474|29
1475|38
1476|42
1477|5
1478|42
1479|33
1480|43
1481|18
1482|9
1483|44
1484|37
1485|45
1486|24
1487|29
1488|30
1489|37
1490|39
1491|3
1492|42
1493|30
1494|39
1495|2
1496|41
1497|32
1498|24
1499|35
1500|34
1501|46
1502|48
1503|27
1504|46
1505|21
1506|41
1507|41
1508|21
1509|12
1510|10
1511|29
1512|4
1513|26
1514|22
1515|5
1516|27
1517|27
1518|30
1519|29
1520|6
1521|23
1522|6
1523|44
1524|6
1525|17
1526|48
1527|42
1528|25
1529|7
1530|32
1531|7
1532|23
1533|27
1534|32
1535|28
1536|24
1537|49
1538|1
1539|0
1540|27
1541|42
1542|47
1543|5
1544|49
1545|49
1546|31
1547|23
1548|0
1549|3
1550|15
1551|15
1552|33
1553|22
1554|25
1555|42
1556|5
1557|39
1558|21
1559|16
1560|35
1561|16
1562|43
1563|2
1564|25
1565|47
1566|15
1567|46
1568|30
1569|35
1570|15
1571|20
1572|41
1573|35
1574|40
1575|17
1576|28
1577|42
1578|44
1579|38
1580|8
1581|27
1582|24
1583|15
1584|1
1585|2
1586|48
1587|39
1588|43
1589|21
1590|43
1591|28
1592|6
1593|41
1594|39
1595|39
1596|32
1597|10
1598|28
1599|36
1600|20
1601|43
1602|37
1603|22
1604|49
1605|38
1606|1
1607|45
1608|5
1609|12
1610|35
1611|31
1612|7
1613|20
1614|30
1615|41
1616|47
1617|43
1618|45
1619|40
1620|24
1621|48
1622|23
1623|5
1624|45
1625|44
1626|20
1627|19
1628|22
1629|37
1630|32
1631|36
1632|42
1633|32
1634|26
1635|30
1636|0
1637|43
1638|49
1639|49
1640|46
1641|13
1642|16
1643|43
1644|32
1645|45
1646|47
1647|30
1648|7
1649|20
1650|22
1651|21
1652|47
1653|5
1654|6
1655|9
1656|17
1657|26
1658|26
1659|0
1660|10
1661|23
1662|30
1663|46
1664|13
1665|40
1666|37
1667|43
1668|10
1669|48
1670|28
1671|14
1672|27
1673|29
1674|37
1675|45
1676|48
1677|2
1678|12
1679|16
1680|41
1681|19
1682|17
1683|32
1684|19
1685|4
1686|11
1687|43
1688|49
1689|2
1690|25
1691|45
1692|33
1693|26
1694|5
1695|10
1696|28
1697|7
1698|32
1699|47
1700|41
1701|41
1702|5
1703|4
1704|37
1705|10
1706|32
1707|8
1708|45
1709|36
1710|25
1711|33
1712|24
1713|40
1714|38
1715|6
1716|49
1717|22
1718|21
1719|35
1720|22
1721|48
1722|11
1723|15
1724|34
1725|12
1726|20
1727|48
1728|1
1729|40
1730|5
1731|4
1732|9
1733|5
1734|16
1735|3
1736|46
1737|23
1738|21
1739|32
1740|26
1741|26
1742|31
1743|48
1744|36
1745|26
1746|35
1747|11
1748|31
1749|40
1750|33
1751|27
1752|46
1753|18
1754|16
1755|19
1756|5
1757|19
1758|30
1759|8
1760|1
1761|35
1762|36
1763|40
1764|10
1765|25
1766|18
1767|35
1768|22
1769|30
1770|44
1771|16
1772|43
1773|28
1774|14
1775|47
1776|27
1777|31
1778|39
1779|44
1780|23
1781|4
1782|20
1783|39
1784|42
1785|48
1786|40
1787|20
1788|12
1789|7
1790|36
1791|43
1792|16
1793|40
1794|0
1795|7
1796|44
1797|18
1798|37
1799|47
1800|17
1801|3
1802|29
1803|13
1804|23
1805|37
1806|39
1807|12
1808|41
1809|25
1810|2
1811|45
1812|13
1813|33
1814|11
1815|28
1816|16
1817|14
1818|43
1819|42
1820|29
1821|32
1822|17
1823|13
1824|28
1825|9
1826|23
1827|24
1828|46
1829|2
1830|13
1831|37
1832|38
1833|11
1834|36
1835|34
1836|21
1837|32
1838|23
1839|21
1840|8
1841|25
1842|13
1843|25
1844|34
1845|29
1846|30
1847|27
1848|16
1849|27
1850|49
1851|32
1852|6
1853|18
1854|14
1855|40
1856|22
1857|8
1858|24
1859|33
1860|19
1861|6
1862|47
1863|34
1864|0
1865|26
1866|7
1867|40
1868|7
1869|27
1870|21
1871|14
1872|26
1873|19
1874|46
1875|23
1876|5
1877|19
1878|30
1879|42
1880|3
1881|47
1882|18
1883|26
1884|1
1885|27
1886|18
1887|6
1888|34
1889|20
1890|21
1891|49
1892|14
1893|25
1894|37
1895|23
1896|21
1897|28
1898|29
1899|25
1900|44
1901|29
1902|2
1903|29
1904|41
1905|9
1906|42
1907|43
1908|23
1909|28
1910|15
1911|7
1912|42
1913|29
1914|37
1915|18
1916|43
1917|5
1918|19
1919|41
1920|33
1921|40
1922|3
1923|33
1924|21
1925|35
1926|35
1927|45
1928|10
1929|6
1930|42
1931|44
1932|42
1933|1
1934|9
1935|46
1936|12
1937|11
1938|25
1939|46
1940|46
1941|15
1942|0
1943|16
1944|11
1945|7
1946|2
1947|42
1948|0
1949|11
1950|32
1951|16
1952|35
1953|14
1954|30
1955|24
1956|14
1957|29
1958|17
1959|9
1960|3
1961|26
1962|41
1963|27
1964|13
1965|45
1966|43
1967|39
1968|2
1969|10
1970|1
1971|33
1972|16
1973|43
1974|1
1975|49
1976|30
1977|21
1978|4
1979|38
1980|47
1981|13
1982|41
1983|21
1984|32
1985|44
1986|6
1987|17
1988|42
1989|8
1990|43
1991|39
1992|4
1993|40
1994|48
1995|36
1996|36
1997|46
1998|21
1999|25
2000|22
2001|26
2002|32
2003|41
2004|17
2005|14
2006|15
2007|31
2008|8
2009|39
2010|41
2011|49
2012|23
2013|45
2014|4
2015|38
2016|7
2017|4
2018|3
2019|36
2020|30
2021|44
2022|28
2023|6
2024|24
2025|43
2026|14
2027|25
2028|28
2029|9
2030|32
2031|45
2032|5
2033|49
2034|12
2035|11
2036|31
2037|45
2038|36
2039|44
2040|13
2041|3
2042|16
2043|43
2044|38
2045|6
2046|26
2047|23
2048|17
2049|42
2050|37
2051|16
2052|32
2053|36
2054|44
2055|20
2056|5
2057|5
2058|37
2059|22
2060|36
2061|15
2062|49
2063|18
2064|14
2065|4
2066|5
2067|37
2068|34
2069|40
2070|8
2071|2
2072|49
2073|32
2074|37
2075|19
2076|33
2077|21
2078|3
2079|12
2080|44
2081|47
2082|34
2083|48
2084|32
2085|3
2086|37
2087|3
2088|2
2089|24
2090|36
2091|14
2092|22
2093|14
2094|41
2095|26
2096|1
2097|13
2098|31
2099|26
2100|29
2101|18
2102|2
2103|41
2104|21
2105|9
2106|0
2107|38
2108|29
2109|20
2110|37
2111|31
2112|46
2113|25
2114|42
2115|49
2116|9
2117|10
2118|30
2119|41
2120|28
2121|11
2122|10
2123|27
2124|30
2125|14
2126|12
2127|4
2128|37
2129|34
2130|22
2131|48
2132|20
2133|0
2134|10
2135|31
2136|46
2137|4
2138|7
2139|36
2140|30
2141|42
2142|5
2143|7
2144|4
2145|30
2146|33
2147|2
2148|38
2149|39
2150|38
2151|17
2152|9
2153|6
2154|11
2155|42
2156|35
2157|49
2158|48
2159|34
2160|40
2161|34
2162|26
2163|33
2164|30
2165|14
2166|34
2167|31
2168|12
2169|41
2170|34
2171|12
2172|8
2173|34
2174|8
2175|24
2176|10
2177|23
2178|19
2179|11
2180|21
2181|38
2182|20
2183|5
2184|25
2185|11
2186|17
2187|0
2188|30
2189|16
2190|30
2191|30
2192|44
2193|35
2194|29
2195|25
2196|16
2197|33
2198|49
2199|33
2200|23
2201|10
2202|23
2203|0
2204|16
2205|21
2206|33
2207|46
2208|33
2209|34
2210|36
2211|19
2212|41
2213|7
2214|30
2215|2
2216|32
2217|17
2218|2
2219|2
2220|44
2221|29
2222|48
2223|24
2224|42
2225|25
2226|29
2227|22
2228|48
2229|44
2230|18
2231|49
2232|39
2233|5
2234|30
2235|20
2236|8
2237|4
2238|35
2239|33
2240|47
2241|36
2242|2
2243|17
2244|43
2245|41
2246|27
2247|35
2248|27
2249|35
2250|18
2251|3
2252|47
2253|34
2254|5
2255|0
2256|30
2257|13
2258|14
2259|17
2260|25
2261|28
2262|29
2263|23
2264|15
2265|19
2266|3
2267|49
2268|43
2269|49
2270|25
2271|3
2272|0
2273|35
2274|43
2275|44
2276|1
2277|16
2278|22
2279|33
2280|22
2281|40
2282|13
2283|47
2284|45
2285|2
2286|0
2287|40
2288|31
2289|47
2290|6
2291|2
2292|27
2293|19
2294|32
2295|47
2296|36
2297|11
2298|42
2299|36
2300|10
2301|44
2302|48
2303|25
2304|41
2305|33
2306|46
2307|13
2308|5
2309|22
2310|32
2311|1
2312|21
2313|35
2314|19
2315|37
2316|45
2317|40
2318|1
2319|39
2320|13
2321|3
2322|12
2323|44
2324|10
2325|40
2326|48
2327|4
2328|40
2329|31
2330|19
2331|33
2332|11
2333|4
2334|48
2335|37
2336|37
2337|30
2338|19
2339|28
2340|40
2341|18
2342|27
2343|29
2344|14
2345|23
2346|23
2347|2
2348|21
2349|9
2350|24
2351|3
2352|36
2353|15
2354|22
2355|26
2356|0
2357|20
2358|21
2359|14
2360|22
2361|28
2362|20
2363|17
2364|41
2365|36
2366|34
2367|17
2368|14
2369|10
2370|35
2371|38
2372|19
2373|33
2374|31
2375|22
2376|19
2377|23
2378|10
2379|14
2380|2
2381|24
2382|18
2383|26
2384|48
2385|26
2386|37
2387|35
2388|5
2389|7
2390|9
2391|37
2392|24
2393|37
2394|25
2395|23
2396|20
2397|49
2398|32
2399|43
2400|6
2401|40
2402|44
2403|26
2404|20
2405|10
2406|13
2407|20
2408|24
2409|30
2410|36
2411|20
2412|49
2413|15
2414|11
2415|19
2416|3
2417|37
2418|31
2419|40
2420|7
2421|0
2422|9
2423|17
2424|16
2425|25
2426|46
2427|30
2428|5
2429|44
2430|31
2431|3
2432|2
2433|9
2434|47
2435|21
2436|34
2437|19
2438|36
2439|17
2440|4
2441|2
2442|22
2443|6
2444|22
2445|48
2446|49
2447|35
2448|38
2449|33
2450|37
2451|25
2452|42
2453|14
2454|11
2455|2
2456|7
2457|14
2458|28
2459|5
2460|15
2461|25
2462|21
2463|46
2464|4
2465|3
2466|48
2467|20
2468|5
2469|19
2470|1
2471|38
2472|29
2473|21
2474|37
2475|5
2476|26
2477|38
2478|0
2479|10
2480|12
2481|44
2482|31
2483|19
2484|24
2485|45
2486|2
2487|12
2488|43
2489|44
2490|17
2491|37
2492|0
2493|0
2494|27
2495|34
2496|18
2497|0
2498|26
2499|15
2500|30
2501|11
2502|41
2503|19
2504|31
2505|35
2506|43
2507|41
2508|33
2509|5
2510|10
2511|21
2512|14
2513|43
2514|39
2515|19
2516|23
2517|46
2518|34
2519|40
2520|33
2521|45
2522|42
2523|2
2524|4
2525|8
2526|29
2527|25
2528|11
2529|34
2530|32
2531|41
2532|10
2533|15
2534|3
2535|21
2536|35
2537|24
2538|23
2539|36
2540|18
2541|13
2542|14
2543|30
2544|20
2545|13
2546|25
2547|15
2548|4
2549|38
2550|22
2551|48
2552|49
2553|12
2554|4
2555|47
2556|26
2557|33
2558|28
2559|23
2560|0
2561|29
2562|34
2563|16
2564|5
2565|40
2566|2
2567|17
2568|38
2569|47
2570|45
2571|21
2572|28
2573|18
2574|42
2575|3
2576|31
2577|24
2578|22
2579|14
2580|41
2581|35
2582|8
2583|46
2584|33
2585|9
2586|41
2587|11
2588|25
2589|39
2590|8
2591|42
2592|21
2593|8
2594|22
2595|10
2596|48
2597|7
2598|46
2599|16
2600|48
2601|4
2602|35
2603|36
2604|5
2605|45
2606|2
2607|23
2608|4
2609|18
2610|39
2611|8
2612|37
2613|2
2614|39
2615|8
2616|28
2617|40
2618|2
2619|27
2620|33
2621|38
2622|32
2623|1
2624|10
2625|25
2626|42
2627|19
2628|45
2629|17
2630|29
2631|43
2632|33
2633|11
2634|35
2635|12
2636|19
2637|21
2638|1
2639|26
2640|16
2641|41
2642|49
2643|40
2644|25
2645|28
2646|20
2647|32
2648|41
2649|18
2650|34
2651|44
2652|49
2653|3
2654|37
2655|28
2656|14
2657|5
2658|32
2659|41
2660|2
2661|12
2662|20
2663|14
2664|11
2665|47
2666|1
2667|13
2668|5
2669|37
2670|16
2671|26
2672|22
2673|15
2674|19
2675|22
2676|13
2677|36
2678|36
2679|37
2680|48
2681|15
2682|25
2683|34
2684|44
2685|33
2686|20
2687|39
2688|41
2689|22
2690|5
2691|21
2692|32
2693|13
2694|41
2695|24
2696|25
2697|32
2698|49
2699|11
2700|22
2701|21
2702|42
2703|11
2704|41
2705|19
2706|9
2707|48
2708|19
2709|8
2710|0
2711|43
2712|1
2713|21
2714|41
2715|32
2716|6
2717|31
2718|16
2719|40
2720|11
2721|44
2722|26
2723|1
2724|40
2725|6
2726|1
2727|27
2728|42
2729|1
2730|9
2731|43
2732|2
2733|34
2734|23
2735|39
2736|40
2737|40
2738|23
2739|9
2740|4
2741|34
2742|41
2743|0
2744|15
2745|21
2746|32
2747|45
2748|33
2749|37
2750|12
2751|39
2752|4
2753|38
2754|33
2755|48
2756|37
2757|8
2758|28
2759|11
2760|32
2761|14
2762|27
2763|25
2764|34
2765|25
2766|44
2767|46
2768|46
2769|16
2770|25
2771|39
2772|23
2773|40
2774|22
2775|46
2776|18
2777|31
2778|48
2779|0
2780|26
2781|8
2782|21
2783|38
2784|20
2785|16
2786|9
2787|49
2788|17
2789|16
2790|5
2791|44
2792|47
2793|49
2794|21
2795|0
2796|28
2797|18
2798|44
2799|6
2800|12
2801|9
2802|44
2803|41
2804|4
2805|47
2806|48
2807|3
2808|24
2809|3
2810|31
2811|12
2812|26
2813|19
2814|26
2815|30
2816|13
2817|26
2818|39
2819|27
2820|4
2821|8
2822|36
2823|0
2824|46
2825|6
2826|39
2827|24
2828|25
2829|10
2830|48
2831|6
2832|40
2833|9
2834|21
2835|21
2836|30
2837|31
2838|4
2839|25
2840|22
2841|48
2842|7
2843|46
2844|43
2845|0
2846|32
2847|45
2848|19
2849|48
2850|27
2851|10
2852|19
2853|8
2854|36
2855|48
2856|47
2857|15
2858|13
2859|6
2860|26
2861|26
2862|2
2863|16
2864|33
2865|32
2866|24
2867|12
2868|41
2869|30
2870|6
2871|11
2872|39
2873|20
2874|49
2875|29
2876|48
2877|48
2878|7
2879|27
2880|32
2881|28
2882|38
2883|3
2884|25
2885|18
2886|0
2887|34
2888|10
2889|49
2890|27
2891|23
2892|15
2893|24
2894|18
2895|32
2896|43
2897|43
2898|4
2899|5
2900|2
2901|23
2902|35
2903|39
2904|7
2905|13
2906|6
2907|33
2908|45
2909|32
2910|12
2911|10
2912|22
2913|5
2914|16
2915|40
2916|26
2917|48
2918|29
2919|28
2920|4
2921|19
2922|23
2923|39
2924|13
2925|23
2926|47
2927|6
2928|46
2929|4
2930|45
2931|12
2932|36
2933|21
2934|15
2935|47
2936|26
2937|27
2938|0
2939|46
2940|3
2941|10
2942|23
2943|4
2944|39
2945|48
2946|10
2947|19
2948|49
2949|26
2950|6
2951|2
2952|4
2953|1
2954|15
2955|19
2956|26
2957|44
2958|6
2959|11
2960|13
2961|38
2962|13
2963|2
2964|31
2965|41
2966|41
2967|44
2968|15
2969|3
2970|12
2971|2
2972|17
2973|43
2974|3
2975|46
2976|49
2977|25
2978|32
2979|30
2980|49
2981|10
2982|14
2983|30
2984|22
2985|49
2986|8
2987|10
2988|8
2989|37
2990|6
2991|31
2992|15
2993|33
2994|32
2995|2
2996|40
2997|12
2998|5
2999|35
3000|8
