0|7
1|38
2|32
3|4
4|46
5|15
6|17
7|11
8|21
9|12
10|16
11|43
12|42
13|15
14|43
15|24
16|15
17|10
18|24
19|14
20|7
21|38
22|34
23|30
24|20
25|39
26|3
27|1
28|37
29|7
30|34
31|28
32|20
33|12
34|14
35|16
36|43
37|21
38|9
39|48
40|10
41|14
42|49
43|9
44|0
45|39
46|29
47|28
48|11
49|47
50|37
51|20
52|7
53|10
54|23
55|8
56|33
57|28
58|17
59|40
60|23
61|27
62|22
63|20
64|15
65|29
66|38
67|30
68|8
69|37
70|41
71|8
72|14
73|26
74|38
75|2
76|47
77|6
78|38
79|21
80|10
81|32
82|48
83|5
84|19
85|8
86|34
87|45
88|48
89|26
90|30
91|13
92|23
93|20
94|32
95|20
96|21
97|16
98|9
99|43
100|31
101|36
102|42
103|33
104|35
105|26
106|41
107|30
108|17
109|38
110|41
111|30
112|16
113|2
114|39
115|7
116|48
117|44
118|42
119|42
120|28
121|44
122|10
123|37
124|49
125|38
126|37
127|17
128|19
129|27
130|38
131|14
132|20
133|4
134|37
135|30
136|47
137|43
138|48
139|23
140|24
141|33
142|0
143|23
144|37
145|42
146|23
147|9
148|22
149|4
150|44
151|25
152|20
153|29
154|1
155|16
156|15
157|1
158|8
159|16
160|7
161|47
162|45
163|33
164|10
165|49
166|5
167|18
168|16
169|19
170|17
171|33
172|7
173|4
174|42
175|16
176|36
177|15
178|31
179|37
180|15
181|20
182|23
183|9
184|18
185|12
186|30
187|34
188|20
189|45
190|42
191|49
192|26
193|5
194|2
195|8
196|27
197|5
198|0
199|32
200|7
201|39
202|32
203|18
204|32
205|25
206|31
207|2
208|37
209|18
210|14
211|47
212|45
213|1
214|34
215|13
216|20
217|32
218|25
219|18
220|24
221|14
222|28
223|40
224|19
225|28
226|38
227|44
228|18
229|40
230|13
231|46
232|36
233|20
234|10
235|12
236|49
237|37
238|31
239|24
240|32
241|32
242|6
243|6
244|38
245|47
246|22
247|23
248|37
249|22
250|20
251|45
252|43
253|45
254|30
255|2
256|24
257|0
258|41
259|47
260|3
261|27
262|3
263|2
264|7
265|37
266|31
267|28
268|14
269|10
270|43
271|5
272|25
273|6
274|15
275|9
276|43
277|49
278|17
279|6
280|14
281|17
282|43
283|43
284|12
285|2
286|43
287|28
288|46
289|11
290|49
291|10
292|18
293|45
294|7
295|35
296|3
297|23
298|35
299|16
300|22
301|21
302|48
303|41
304|40
305|26
306|7
307|16
308|34
309|37
310|14
311|10
312|12
313|23
314|26
315|40
316|15
317|4
318|36
319|28
320|40
321|16
322|24
323|35
324|29
325|10
326|4
327|32
328|30
329|17
330|41
331|30
332|33
333|14
334|38
335|14
336|21
337|11
338|10
339|39
340|9
341|3
342|24
343|28
344|20
345|7
346|35
347|37
348|12
349|0
350|22
351|39
352|2
353|28
354|34
355|28
356|14
357|21
358|46
359|31
360|16
361|8
362|6
363|13
364|29
365|12
366|22
367|27
368|38
369|21
370|46
371|23
372|13
373|33
374|8
375|37
376|18
377|5
378|4
379|44
380|36
381|34
382|48
383|18
384|19
385|28
386|23
387|36
388|46
389|4
390|20
391|44
392|47
393|49
394|46
395|2
396|11
397|46
398|33
399|33
400|23
401|17
402|3
403|28
404|24
405|10
406|45
407|11
408|37
409|4
410|18
411|1
412|21
413|15
414|3
415|45
416|38
417|7
418|13
419|8
420|25
421|4
422|5
423|19
424|22
425|13
426|14
427|21
428|15
429|10
430|40
431|8
432|42
433|43
434|43
435|35
436|49
437|14
438|11
439|0
440|39
441|22
442|31
443|27
444|7
445|22
446|45
447|38
448|43
449|11
450|9
451|40
452|16
453|39
454|14
455|36
456|2
457|19
458|38
459|18
460|34
461|27
462|2
463|21
464|19
465|4
466|1
467|32
468|48
469|12
470|21
471|43
472|33
473|26
474|37
475|29
476|39
477|17
478|37
479|14
480|41
481|48
482|9
483|46
484|31
485|44
486|44
487|45
488|12
489|40
490|19
491|45
492|0
493|12
494|18
495|27
496|6
497|23
498|21
499|41
500|7
501|41
502|8
503|29
504|26
505|5
506|35
507|5
508|25
509|36
510|30
511|46
512|25
513|19
514|11
515|25
516|32
517|19
518|43
519|25
520|28
521|39
522|21
523|47
524|21
525|1
526|34
527|11
528|21
529|47
530|35
531|49
532|40
533|13
534|21
535|18
536|48
537|16
538|32
539|5
540|27
541|43
542|26
543|36
544|20
545|21
546|30
547|43
548|20
549|44
550|44
551|41
552|9
553|47
554|41
555|35
556|33
557|44
558|33
559|38
560|43
561|17
562|16
563|27
564|45
565|36
566|15
567|43
568|3
569|48
570|48
571|34
572|9
573|20
574|35
575|41
576|24
577|37
578|1
579|1
580|23
581|17
582|16
583|23
584|26
585|2
586|10
587|3
588|2
589|36
590|46
591|11
592|19
593|4
594|48
595|49
596|31
597|48
598|4
599|15
600|19
601|44
602|8
603|18
604|28
605|7
606|48
607|31
608|35
609|19
610|40
611|49
612|11
613|22
614|34
615|45
616|25
617|31
618|38
619|9
620|1
621|20
622|30
623|5
624|45
625|43
626|45
627|37
628|11
629|8
630|21
631|30
632|2
633|3
634|42
635|47
636|12
637|30
638|29
639|42
640|4
641|38
642|18
643|3
644|32
645|31
646|13
647|17
648|47
649|6
650|13
651|30
652|17
653|6
654|20
655|3
656|30
657|47
658|3
659|28
660|5
661|27
662|17
663|16
664|3
665|48
666|17
667|44
668|3
669|38
670|1
671|36
672|45
673|14
674|11
675|24
676|29
677|18
678|5
679|33
680|31
681|38
682|17
683|17
684|2
685|28
686|22
687|15
688|26
689|17
690|44
691|12
692|16
693|14
694|27
695|32
696|25
697|44
698|15
699|18
700|26
701|12
702|3
703|41
704|16
705|10
706|29
707|47
708|36
709|15
710|27
711|43
712|5
713|43
714|0
715|28
716|8
717|26
718|43
719|11
720|30
721|16
722|48
723|20
724|13
725|42
726|38
727|11
728|13
729|8
730|17
731|27
732|21
733|8
734|14
735|47
736|35
737|4
738|17
739|34
740|45
741|32
742|28
743|16
744|40
745|32
746|41
747|49
748|33
749|19
750|32
751|45
752|25
753|15
754|17
755|20
756|25
757|39
758|8
759|3
760|16
761|25
762|8
763|25
764|12
765|47
766|11
767|40
768|46
769|37
770|35
771|5
772|15
773|11
774|9
775|17
776|27
777|48
778|8
779|10
780|45
781|7
782|12
783|34
784|26
785|31
786|40
787|24
788|22
789|17
790|44
791|5
792|38
793|25
794|18
795|33
796|24
797|49
798|20
799|40
800|19
801|38
802|19
803|1
804|32
805|8
806|23
807|2
808|6
809|24
810|13
811|28
812|39
813|17
814|10
815|13
816|20
817|45
818|35
819|33
820|32
821|44
822|24
823|9
824|7
825|33
826|1
827|41
828|45
829|16
830|10
831|17
832|18
833|2
834|3
835|38
836|36
837|49
838|25
839|23
840|38
841|13
842|44
843|4
844|13
845|5
846|47
847|43
848|11
849|19
850|38
851|35
852|48
853|3
854|36
855|28
856|45
857|47
858|20
859|16
860|39
861|5
862|40
863|24
864|41
865|26
866|31
867|26
868|28
869|3
870|9
871|21
872|22
873|12
874|0
875|34
876|18
877|30
878|45
879|2
880|9
881|26
882|23
883|23
884|30
885|36
886|16
887|19
888|0
889|14
890|18
891|15
892|5
893|14
894|38
895|13
896|12
897|35
898|43
899|42
900|4
901|6
902|34
903|13
904|48
905|6
906|13
907|32
908|36
909|20
910|29
911|20
912|21
913|0
914|10
915|46
916|42
917|46
918|30
919|24
920|16
921|40
922|39
923|40
924|21
925|24
926|23
927|39
928|27
929|10
930|27
931|1
932|16
933|35
934|1
935|4
936|47
937|48
938|3
939|25
940|3
941|3
942|24
943|5
944|44
945|30
946|28
947|10
948|28
949|11
950|29
951|28
952|37
953|48
954|42
955|3
956|1
957|45
958|39
959|15
960|38
961|6
962|12
963|5
964|15
965|30
966|16
967|34
968|46
969|13
970|34
971|45
972|49
973|1
974|45
975|1
976|3
977|38
978|39
979|15
980|38
981|8
982|45
983|43
984|34
985|34
986|6
987|26
988|40
989|39
990|8
991|39
992|29
993|36
994|28
995|20
996|13
997|28
998|37
999|27
1000|37
1001|36
1002|12
1003|42
1004|44
1005|26
1006|1
1007|10
1008|41
1009|43
1010|29
1011|43
1012|31
1013|17
1014|45
1015|19
1016|21
1017|9
1018|47
1019|10
1020|46
1021|10
1022|41
1023|3
1024|48
1025|38
1026|35
1027|37
1028|32
1029|31
1030|27
1031|42
1032|25
1033|30
1034|6
1035|17
1036|5
1037|32
1038|28
1039|23
1040|6
1041|10
1042|10
1043|33
1044|24
1045|18
1046|34
1047|3
1048|44
1049|23
1050|38
1051|39
1052|43
1053|22
1054|49
1055|14
1056|21
1057|49
1058|46
1059|12
1060|27
1061|49
1062|42
1063|38
1064|37
1065|37
1066|27
1067|49
1068|9
1069|31
1070|39
1071|24
1072|39
1073|36
1074|37
1075|17
1076|33
1077|25
1078|26
1079|16
1080|4
1081|5
1082|39
1083|45
1084|40
1085|21
1086|24
1087|25
1088|19
1089|23
1090|13
1091|43
1092|26
1093|20
1094|3
1095|7
1096|0
1097|38
1098|49
1099|8
1100|12
1101|11
1102|43
1103|4
1104|16
1105|24
1106|46
1107|17
1108|2
1109|8
1110|48
1111|48
1112|12
1113|30
1114|47
1115|14
1116|25
1117|3
1118|38
1119|0
1120|24
1121|47
1122|41
1123|23
1124|21
1125|8
1126|29
1127|7
1128|44
1129|33
1130|7
1131|12
1132|40
1133|22
1134|7
1135|44
1136|28
1137|41
1138|28
1139|25
1140|23
1141|9
1142|22
1143|22
1144|28
1145|23
1146|10
1147|0
1148|28
1149|20
1150|27
1151|14
1152|38
1153|19
1154|29
1155|23
1156|10
1157|27
1158|37
1159|5
1160|2
1161|9
1162|32
1163|44
1164|21
1165|4
1166|8
1167|14
1168|26
1169|14
1170|10
1171|1
1172|42
1173|42
1174|24
1175|41
1176|13
1177|27
1178|32
1179|31
1180|9
1181|46
1182|14
1183|18
1184|8
1185|48
1186|37
1187|25
1188|39
1189|39
1190|4
1191|30
1192|17
1193|18
1194|14
1195|15
1196|33
1197|41
1198|42
1199|37
1200|46
1201|2
1202|10
1203|17
1204|12
1205|41
1206|35
1207|43
1208|40
1209|35
1210|8
1211|25
1212|12
1213|18
1214|22
1215|40
1216|21
1217|30
1218|31
1219|43
1220|6
1221|26
1222|8
1223|47
1224|21
1225|11
1226|4
1227|37
1228|27
1229|6
1230|34
1231|21
1232|2
1233|32
1234|26
1235|8
1236|24
1237|28
1238|46
1239|47
1240|12
1241|42
1242|30
1243|45
1244|46
1245|44
1246|11
1247|14
1248|3
1249|12
1250|2
1251|32
1252|1
1253|10
1254|24
1255|14
1256|21
1257|31
1258|34
1259|16
1260|23
1261|31
1262|26
1263|47
1264|20
1265|27
1266|33
1267|8
1268|0
1269|1
1270|13
1271|49
1272|18
1273|20
1274|12
1275|22
1276|32
1277|35
1278|11
1279|43
1280|19
1281|42
1282|8
1283|32
1284|17
1285|13
1286|39
1287|35
1288|26
1289|47
1290|39
1291|1
1292|0
1293|19
1294|40
1295|44
1296|18
1297|22
1298|49
1299|23
1300|47
1301|26
1302|41
1303|3
1304|28
1305|42
1306|26
1307|1
1308|20
1309|11
1310|35
1311|26
1312|20
1313|43
1314|48
1315|24
1316|3
1317|33
1318|33
1319|39
1320|14
1321|11
1322|44
1323|46
1324|24
1325|22
1326|14
1327|49
1328|45
1329|13
1330|0
1331|18
1332|32
1333|47
1334|31
1335|29
1336|3
1337|0
1338|24
1339|11
1340|44
1341|17
1342|25
1343|21
1344|9
1345|16
1346|5
1347|41
1348|16
1349|13
1350|41
1351|39
1352|42
1353|13
1354|46
1355|45
1356|1
1357|35
1358|11
1359|21
1360|2
1361|39
1362|14
1363|22
1364|16
1365|24
1366|24
1367|27
1368|47
1369|15
1370|20
1371|29
1372|20
1373|13
1374|42
1375|45
1376|1
1377|40
1378|26
1379|40
1380|33
1381|10
1382|5
1383|37
1384|5
1385|26
1386|13
1387|19
1388|8
1389|22
1390|43
1391|32
1392|44
1393|20
1394|25
1395|7
1396|3
1397|0
1398|7
1399|27
1400|41
1401|35
1402|32
1403|39
1404|38
1405|0
1406|33
1407|36
1408|26
1409|46
1410|14
1411|22
1412|27
1413|32
1414|8
1415|7
1416|33
1417|37
1418|36
1419|14
1420|29
1421|37
1422|34
1423|48
1424|44
1425|41
1426|35
1427|31
1428|15
1429|31
1430|21
1431|2
1432|48
1433|29
1434|19
1435|42
1436|19
1437|37
1438|38
1439|7
1440|6
1441|5
1442|7
1443|26
1444|7
1445|2
1446|34
1447|19
1448|27
1449|43
1450|41
1451|22
1452|6
1453|20
1454|36
1455|23
1456|30
1457|26
1458|33
1459|44
1460|20
1461|30
1462|16
1463|15
1464|6
1465|29
1466|15
1467|22
1468|40
1469|4
1470|32
1471|15
1472|34
1473|44
1474|26
1475|1
1476|6
1477|44
1478|25
1479|27
1480|6
1481|49
1482|4
1483|5
1484|31
1485|16
1486|39
1487|4
1488|18
1489|36
1490|13
1491|31
1492|23
1493|24
1494|25
1495|23
1496|48
1497|46
1498|38
1499|7
1500|27
1501|27
1502|42
1503|32
1504|26
1505|34
1506|7
1507|10
1508|45
1509|6
1510|18
1511|25
1512|17
1513|25
1514|29
1515|47
1516|17
1517|10
1518|34
1519|49
1520|38
1521|24
1522|47
1523|9
1524|40
1525|27
1526|25
1527|10
1528|9
1529|8
1530|29
1531|34
1532|40
1533|20
1534|23
1535|3
1536|22
1537|10
1538|42
1539|32
1540|0
1541|8
1542|41
1543|8
1544|26
1545|45
1546|28
1547|38
1548|12
1549|44
1550|9
1551|21
1552|18
1553|47
1554|31
1555|42
1556|13
1557|18
1558|15
1559|0
1560|6
1561|0
1562|0
1563|8
1564|43
1565|49
1566|44
1567|34
1568|12
1569|2
1570|27
1571|17
1572|37
1573|3
1574|27
1575|35
1576|10
1577|30
1578|8
1579|5
1580|38
1581|22
1582|21
1583|37
1584|4
1585|48
1586|47
1587|36
1588|13
1589|10
1590|36
1591|23
1592|49
1593|43
1594|4
1595|17
1596|36
1597|26
1598|26
1599|15
1600|11
1601|45
1602|44
1603|2
1604|33
1605|35
1606|8
1607|14
1608|38
1609|36
1610|23
1611|42
1612|18
1613|5
1614|35
1615|45
1616|48
1617|40
1618|26
1619|46
1620|36
1621|39
1622|16
1623|28
1624|39
1625|28
1626|21
1627|49
1628|26
1629|1
1630|3
1631|47
1632|12
1633|15
1634|16
1635|22
1636|8
1637|9
1638|48
1639|39
1640|2
1641|44
1642|23
1643|41
1644|36
1645|16
1646|38
1647|49
1648|33
1649|6
1650|46
1651|3
1652|36
1653|19
1654|44
1655|40
1656|47
1657|8
1658|33
1659|49
1660|37
1661|7
1662|32
1663|31
1664|24
1665|43
1666|39
1667|8
1668|7
1669|41
1670|21
1671|38
1672|15
1673|28
1674|16
1675|1
1676|30
1677|5
1678|15
1679|22
1680|43
1681|9
1682|9
1683|3
1684|4
1685|12
1686|10
1687|22
1688|5
1689|34
1690|38
1691|41
1692|33
1693|39
1694|28
1695|2
1696|15
1697|33
1698|37
1699|46
1700|34
1701|41
1702|34
1703|27
1704|6
1705|47
1706|36
1707|0
1708|18
1709|32
1710|28
1711|9
1712|48
1713|16
1714|25
1715|36
1716|24
1717|4
1718|4
1719|16
1720|10
1721|29
1722|9
1723|31
1724|19
1725|39
1726|42
1727|20
1728|12
1729|30
1730|4
1731|30
1732|3
1733|16
1734|39
1735|38
1736|43
1737|15
1738|20
1739|20
1740|17
1741|31
1742|28
1743|30
1744|23
1745|26
1746|18
1747|2
1748|44
1749|11
1750|12
1751|8
1752|33
1753|1
1754|10
1755|32
1756|7
1757|22
1758|3
1759|21
1760|20
1761|43
1762|47
1763|14
1764|2
1765|0
1766|29
1767|30
1768|3
1769|13
1770|40
1771|37
1772|22
1773|15
1774|25
1775|6
1776|33
1777|22
1778|25
1779|28
1780|45
1781|33
1782|16
1783|16
1784|12
1785|10
1786|38
1787|25
1788|9
1789|39
1790|43
1791|2
1792|49
1793|45
1794|48
1795|48
1796|15
1797|18
1798|43
1799|42
1800|49
1801|18
1802|42
1803|37
1804|3
1805|20
1806|1
1807|43
1808|45
1809|13
1810|46
1811|37
1812|5
1813|35
1814|1
1815|32
1816|40
1817|15
1818|29
1819|18
1820|44
1821|8
1822|43
1823|36
1824|4
1825|2
1826|44
1827|3
1828|45
1829|12
1830|40
1831|28
1832|23
1833|15
1834|40
1835|14
1836|6
1837|49
1838|30
1839|2
1840|11
1841|12
1842|9
1843|27
1844|0
1845|22
1846|17
1847|26
1848|18
1849|18
1850|39
1851|17
1852|22
1853|16
1854|28
1855|9
1856|40
1857|28
1858|42
1859|23
1860|31
1861|16
1862|36
1863|20
1864|18
1865|49
1866|26
1867|25
1868|1
1869|4
1870|28
1871|0
1872|36
1873|7
1874|44
1875|46
1876|40
1877|16
1878|39
1879|23
1880|46
1881|5
1882|41
1883|42
1884|3
1885|31
1886|39
1887|46
1888|15
1889|46
1890|13
1891|9
1892|25
1893|30
1894|26
1895|35
1896|7
1897|39
1898|30
1899|14
1900|14
1901|42
1902|20
1903|15
1904|5
1905|49
1906|35
1907|12
1908|2
1909|0
1910|40
1911|43
1912|41
1913|21
1914|49
1915|36
1916|14
1917|3
1918|43
1919|8
1920|34
1921|47
1922|2
1923|45
1924|21
1925|5
1926|31
1927|10
1928|40
1929|40
1930|35
1931|27
1932|45
1933|11
1934|40
1935|24
1936|6
1937|2
1938|11
1939|14
1940|42
1941|23
1942|10
1943|35
1944|42
1945|48
1946|42
1947|34
1948|1
1949|18
1950|41
1951|12
1952|16
1953|1
1954|13
1955|23
1956|43
1957|9
1958|12
1959|22
1960|24
1961|19
1962|7
1963|24
1964|7
1965|37
1966|44
1967|41
1968|44
1969|10
1970|35
1971|21
1972|22
1973|23
1974|32
1975|2
1976|43
1977|11
1978|36
1979|34
1980|44
1981|36
1982|29
1983|47
1984|11
1985|4
1986|37
1987|46
1988|9
1989|25
1990|14
1991|49
1992|2
1993|25
1994|28
1995|22
1996|13
1997|20
1998|8
1999|28
2000|22
2001|4
2002|13
2003|29
2004|41
2005|9
2006|17
2007|30
2008|45
2009|37
2010|5
2011|48
2012|46
2013|38
2014|34
2015|47
2016|0
2017|5
2018|38
2019|22
2020|44
2021|26
2022|46
2023|13
2024|12
2025|29
2026|32
2027|24
2028|37
2029|34
2030|19
2031|20
2032|5
2033|0
2034|18
2035|1
2036|39
2037|19
2038|34
2039|22
2040|17
2041|7
2042|29
2043|33
2044|49
2045|2
2046|49
2047|6
2048|24
2049|31
2050|20
2051|16
2052|40
2053|6
2054|11
2055|45
2056|9
2057|46
2058|5
2059|42
2060|23
2061|43
2062|41
2063|14
2064|41
2065|38
2066|15
2067|9
2068|18
2069|23
2070|2
2071|47
2072|48
2073|45
2074|13
2075|0
2076|7
2077|0
2078|41
2079|20
2080|15
2081|19
2082|25
2083|15
2084|20
2085|26
2086|29
2087|6
2088|10
2089|39
2090|46
2091|47
2092|3
2093|15
2094|43
2095|29
2096|32
2097|27
2098|24
2099|1
2100|21
2101|15
2102|30
2103|31
2104|19
2105|5
2106|19
2107|35
2108|43
2109|0
2110|1
2111|6
2112|46
2113|39
2114|0
2115|42
2116|10
2117|1
2118|39
2119|28
2120|2
2121|3
2122|19
2123|21
2124|30
2125|6
2126|10
2127|33
2128|1
2129|28
2130|18
2131|40
2132|32
2133|39
2134|17
2135|8
2136|30
2137|36
2138|24
2139|2
2140|23
2141|17
2142|21
2143|38
2144|46
2145|16
2146|1
2147|28
2148|14
2149|31
2150|12
2151|37
2152|22
2153|30
2154|26
2155|36
2156|12
2157|42
2158|15
2159|22
2160|12
2161|16
2162|2
2163|10
2164|39
2165|15
2166|1
2167|35
2168|15
2169|15
2170|47
2171|33
2172|7
2173|9
2174|22
2175|41
2176|5
2177|12
2178|3
2179|0
2180|23
2181|10
2182|30
2183|32
2184|6
2185|41
2186|39
2187|25
2188|11
2189|9
2190|27
2191|33
2192|37
2193|32
2194|8
2195|28
2196|9
2197|43
2198|13
2199|7
2200|43
2201|47
2202|49
2203|23
2204|49
2205|46
2206|1
2207|19
2208|22
2209|44
2210|11
2211|6
2212|9
2213|4
2214|40
2215|18
2216|44
2217|25
2218|24
2219|36
2220|48
2221|13
2222|30
2223|7
2224|20
2225|21
2226|38
2227|9
2228|32
2229|1
2230|42
2231|6
2232|43
2233|23
2234|38
2235|7
2236|7
2237|22
2238|27
2239|17
2240|46
2241|4
2242|22
2243|18
2244|40
2245|3
2246|16
2247|44
2248|23
2249|27
2250|38
2251|32
2252|17
2253|29
2254|31
2255|35
2256|48
2257|0
2258|36
2259|4
2260|32
2261|35
2262|42
2263|8
2264|4
2265|13
2266|11
2267|29
2268|38
2269|11
2270|3
2271|46
2272|26
2273|25
2274|39
2275|24
2276|18
2277|21
2278|32
2279|28
2280|28
2281|37
2282|33
2283|24
2284|12
2285|29
2286|16
2287|47
2288|14
2289|25
2290|6
2291|0
2292|40
2293|35
2294|0
2295|32
2296|30
2297|9
2298|14
2299|7
2300|31
2301|6
2302|39
2303|4
2304|39
2305|4
2306|32
2307|42
2308|9
2309|46
2310|25
2311|46
2312|2
2313|4
2314|41
2315|37
2316|1
2317|48
2318|1
2319|45
2320|33
2321|28
2322|23
2323|6
2324|22
2325|49
2326|16
2327|41
2328|42
2329|46
2330|5
2331|44
2332|12
2333|21
2334|40
2335|16
2336|13
2337|20
2338|6
2339|24
2340|32
2341|33
2342|44
2343|33
2344|44
2345|22
2346|16
2347|22
2348|23
2349|24
2350|6
2351|22
2352|7
2353|10
2354|23
2355|31
2356|48
2357|37
2358|17
2359|33
2360|39
2361|35
2362|6
2363|13
2364|11
2365|37
2366|45
2367|0
2368|26
2369|45
2370|17
2371|30
2372|48
2373|11
2374|45
2375|40
2376|8
2377|4
2378|26
2379|2
2380|34
2381|40
2382|24
2383|23
2384|35
2385|41
2386|26
2387|12
2388|47
2389|22
2390|39
2391|33
2392|21
2393|21
2394|13
2395|5
2396|18
2397|29
2398|27
2399|18
2400|3
2401|7
2402|31
2403|47
2404|43
2405|46
2406|26
2407|1
2408|32
2409|41
2410|48
2411|7
2412|22
2413|16
2414|5
2415|4
2416|38
2417|33
2418|24
2419|34
2420|45
2421|10
2422|24
2423|34
2424|7
2425|40
2426|35
2427|13
2428|35
2429|49
2430|13
2431|5
2432|41
2433|7
2434|5
2435|35
2436|37
2437|31
2438|45
2439|18
2440|19
2441|20
2442|42
2443|41
2444|12
2445|25
2446|21
2447|11
2448|4
2449|23
2450|20
2451|41
2452|16
2453|30
2454|39
2455|30
2456|18
2457|25
2458|48
2459|40
2460|27
2461|10
2462|6
2463|16
2464|31
2465|30
2466|41
2467|44
2468|16
2469|8
2470|7
2471|41
2472|13
2473|0
2474|6
2475|46
2476|4
2477|4
2478|38
2479|39
2480|20
2481|39
2482|44
2483|42
2484|38
2485|36
2486|36
2487|1
2488|9
2489|43
2490|4
2491|24
2492|15
2493|49
2494|16
2495|16
2496|48
2497|48
2498|20
2499|27
2500|36
2501|21
2502|5
2503|16
2504|18
2505|43
2506|6
2507|46
2508|49
2509|27
2510|40
2511|27
2512|13
2513|28
2514|24
2515|14
2516|29
2517|7
2518|25
2519|44
2520|12
2521|31
2522|47
2523|6
2524|17
2525|2
2526|12
2527|39
2528|4
2529|37
2530|7
2531|30
2532|30
2533|29
2534|33
2535|45
2536|40
2537|38
2538|46
2539|35
2540|47
2541|44
2542|32
2543|1
2544|32
2545|47
2546|20
2547|48
2548|36
2549|41
2550|7
2551|46
2552|30
2553|21
2554|7
2555|48
2556|49
2557|19
2558|19
2559|27
2560|18
2561|30
2562|41
2563|7
2564|3
2565|22
2566|21
2567|1
2568|12
2569|7
2570|28
2571|41
2572|48
2573|3
2574|14
2575|14
2576|45
2577|41
2578|30
2579|31
2580|44
2581|37
2582|43
2583|13
2584|40
2585|17
2586|39
2587|48
2588|37
2589|14
2590|44
2591|46
2592|34
2593|20
2594|39
2595|24
2596|38
2597|29
2598|27
2599|3
2600|21
2601|31
2602|22
2603|3
2604|14
2605|24
2606|43
2607|3
2608|0
2609|27
2610|45
2611|40
2612|47
2613|8
2614|43
2615|40
2616|0
2617|44
2618|29
2619|18
2620|27
2621|31
2622|38
2623|38
2624|7
2625|22
2626|31
2627|41
2628|21
2629|42
2630|10
2631|1
2632|8
2633|11
2634|39
2635|43
2636|35
2637|25
2638|30
2639|18
2640|39
2641|44
2642|36
2643|8
2644|41
2645|46
2646|7
2647|20
2648|16
2649|13
2650|9
2651|47
2652|30
2653|34
2654|49
2655|41
2656|12
2657|18
2658|32
2659|28
2660|29
2661|33
2662|45
2663|23
2664|43
2665|12
2666|25
2667|31
2668|16
2669|14
2670|14
2671|15
2672|5
2673|41
2674|37
2675|0
2676|26
2677|15
2678|4
2679|29
2680|49
2681|11
2682|5
2683|28
2684|24
2685|13
2686|4
2687|44
2688|1
2689|15
2690|20
2691|10
2692|13
2693|20
2694|34
2695|29
2696|1
2697|34
2698|44
2699|30
2700|0
2701|36
2702|4
2703|11
2704|48
2705|17
2706|7
2707|23
2708|22
2709|37
2710|34
2711|19
2712|3
2713|47
2714|41
2715|15
2716|5
2717|13
2718|20
2719|13
2720|21
2721|33
2722|3
2723|41
2724|1
2725|49
2726|17
2727|17
2728|31
2729|6
2730|37
2731|30
2732|31
2733|18
2734|35
2735|9
2736|38
2737|25
2738|34
2739|43
2740|4
2741|26
2742|14
2743|39
2744|0
2745|20
2746|29
2747|7
2748|16
2749|33
2750|30
2751|9
2752|11
2753|30
2754|11
2755|19
2756|33
2757|2
2758|41
2759|17
2760|21
2761|27
2762|17
2763|29
2764|44
2765|6
2766|25
2767|35
2768|12
2769|32
2770|33
2771|29
2772|3
2773|39
2774|47
2775|34
2776|14
2777|13
2778|11
2779|14
2780|45
2781|1
2782|47
2783|23
2784|38
2785|11
2786|6
2787|16
2788|14
2789|41
2790|20
2791|0
2792|42
2793|16
2794|46
2795|31
2796|44
2797|49
2798|15
2799|0
2800|47
2801|1
2802|28
2803|7
2804|12
2805|49
2806|7
2807|6
2808|13
2809|34
2810|36
2811|26
2812|4
2813|4
2814|14
2815|35
2816|16
2817|16
2818|33
2819|13
2820|0
2821|22
2822|45
2823|35
2824|5
2825|9
2826|39
2827|14
2828|12
2829|15
2830|18
2831|11
2832|42
2833|17
2834|14
2835|37
2836|29
2837|22
2838|35
2839|14
2840|9
2841|47
2842|0
2843|28
2844|12
2845|6
2846|45
2847|19
2848|18
2849|31
2850|30
2851|39
2852|27
2853|30
2854|9
2855|38
2856|46
2857|30
2858|16
2859|44
2860|46
2861|47
2862|18
2863|12
2864|1
2865|49
2866|32
2867|16
2868|34
2869|12
2870|16
2871|11
2872|7
2873|11
2874|1
2875|38
2876|13
2877|28
2878|35
2879|12
2880|13
2881|49
2882|25
2883|18
2884|29
2885|3
2886|8
2887|41
2888|14
2889|30
2890|8
2891|21
2892|2
2893|35
2894|5
2895|43
2896|13
2897|37
2898|48
2899|39
2900|5
2901|27
2902|35
2903|3
2904|16
2905|24
2906|20
2907|9
2908|11
2909|4
2910|33
2911|9
2912|17
2913|7
2914|8
2915|23
2916|28
2917|30
2918|1
2919|43
2920|42
2921|40
2922|33
2923|21
2924|40
2925|40
2926|16
2927|1
2928|21
2929|36
2930|2
2931|34
2932|47
2933|42
2934|23
2935|32
2936|10
2937|9
2938|31
2939|15
2940|29
2941|39
2942|15
2943|3
2944|39
2945|30
2946|19
2947|34
2948|25
2949|19
2950|47
2951|17
2952|28
2953|49
2954|12
2955|12
2956|29
2957|32
2958|29
2959|23
2960|23
2961|24
2962|29
2963|19
2964|23
2965|1
2966|12
2967|21
2968|6
2969|44
2970|48
2971|14
2972|29
2973|21
2974|32
2975|34
2976|6
2977|13
2978|33
2979|7
2980|15
2981|41
2982|39
2983|34
2984|29
2985|24
2986|4
2987|34
2988|22
2989|37
2990|43
2991|39
2992|20
2993|11
2994|19
2995|19
2996|10
2997|7
2998|41
2999|5
3000|26
