0|36
1|8
2|46
3|24
4|30
5|4
6|41
7|13
8|27
9|44
10|17
11|35
12|47
13|28
14|16
15|43
16|45
17|12
18|23
19|18
20|19
21|22
22|36
23|25
24|38
25|45
26|3
27|43
28|39
29|27
30|34
31|10
32|15
33|29
34|33
35|37
36|41
37|1
38|45
39|46
40|48
41|2
42|37
43|11
44|44
45|28
46|0
47|41
48|28
49|29
50|25
51|11
52|31
53|32
54|15
55|2
56|27
57|37
58|39
59|35
60|46
61|38
62|45
63|17
64|42
65|16
66|8
67|1
68|33
69|18
70|42
71|17
72|10
73|21
74|5
75|13
76|29
77|38
78|5
79|18
80|47
81|30
82|13
83|31
84|16
85|3
86|32
87|29
88|30
89|4
90|19
91|22
92|20
93|22
94|21
95|19
96|28
97|40
98|8
99|17
100|20
101|0
102|13
103|44
104|4
105|33
106|23
107|2
108|21
109|8
110|32
111|46
112|8
113|7
114|0
115|5
116|25
117|23
118|43
119|11
120|30
121|37
122|20
123|34
124|38
125|24
126|40
127|16
128|6
129|38
130|3
131|0
132|13
133|8
134|23
135|15
136|17
137|33
138|35
139|9
140|28
141|14
142|1
143|21
144|6
145|15
146|38
147|3
148|40
149|9
150|13
151|28
152|29
153|37
154|37
155|0
156|1
157|40
158|32
159|0
160|5
161|32
162|1
163|41
164|44
165|2
166|1
167|0
168|42
169|17
170|4
171|9
172|44
173|23
174|43
175|37
176|48
177|13
178|24
179|8
180|3
181|35
182|22
183|0
184|34
185|38
186|25
187|18
188|27
189|32
190|6
191|9
192|2
193|45
194|41
195|1
196|35
197|40
198|9
199|13
200|44
201|20
202|19
203|33
204|24
205|16
206|24
207|41
208|49
209|17
210|31
211|4
212|20
213|29
214|24
215|37
216|45
217|22
218|17
219|25
220|5
221|28
222|0
223|49
224|13
225|5
226|45
227|39
228|15
229|39
230|29
231|2
232|28
233|3
234|37
235|12
236|38
237|7
238|36
239|3
240|8
241|5
242|40
243|40
244|43
245|44
246|7
247|39
248|22
249|18
250|7
251|23
252|33
253|11
254|36
255|13
256|31
257|42
258|23
259|27
260|13
261|29
262|13
263|27
264|17
265|30
266|0
267|27
268|2
269|32
270|6
271|16
272|23
273|20
274|1
275|14
276|33
277|6
278|13
279|49
280|14
281|38
282|47
283|3
284|48
285|0
286|36
287|13
288|9
289|22
290|47
291|49
292|39
293|36
294|13
295|40
296|19
297|10
298|33
299|43
300|44
301|6
302|31
303|6
304|5
305|35
306|31
307|33
308|32
309|34
310|3
311|24
312|46
313|39
314|18
315|0
316|29
317|11
318|41
319|24
320|11
321|27
322|21
323|2
324|22
325|29
326|3
327|39
328|31
329|1
330|33
331|42
332|26
333|7
334|34
335|14
336|43
337|12
338|47
339|2
340|32
341|26
342|24
343|26
344|2
345|32
346|17
347|7
348|43
349|14
350|38
351|25
352|16
353|19
354|11
355|46
356|10
357|44
358|43
359|27
360|42
361|6
362|22
363|37
364|36
365|43
366|28
367|2
368|2
369|20
370|47
371|28
372|11
373|26
374|36
375|48
376|30
377|15
378|11
379|1
380|48
381|12
382|4
383|12
384|30
385|9
386|43
387|41
388|24
389|17
390|30
391|42
392|11
393|22
394|41
395|40
396|10
397|38
398|38
399|31
400|3
401|9
402|14
403|48
404|33
405|21
406|35
407|12
408|46
409|47
410|11
411|7
412|19
413|34
414|5
415|6
416|38
417|44
418|3
419|20
420|10
421|46
422|30
423|43
424|27
425|27
426|27
427|20
428|7
429|46
430|39
431|8
432|48
433|30
434|17
435|47
436|1
437|30
438|27
439|49
440|5
441|48
442|15
443|44
444|14
445|38
446|5
447|28
448|2
449|7
450|27
451|41
452|49
453|9
454|29
455|27
456|34
457|25
458|15
459|49
460|25
461|31
462|21
463|45
464|12
465|6
466|40
467|16
468|9
469|15
470|22
471|3
472|16
473|9
474|12
475|47
476|7
477|24
478|20
479|28
480|16
481|42
482|37
483|39
484|34
485|14
486|42
487|32
488|9
489|29
490|17
491|40
492|16
493|41
494|34
495|4
496|42
497|25
498|4
499|23
500|35
501|24
502|43
503|7
504|47
505|37
506|15
507|17
508|22
509|12
510|9
511|24
512|45
513|37
514|43
515|43
516|33
517|16
518|23
519|41
520|1
521|42
522|42
523|34
524|37
525|29
526|29
527|1
528|25
529|12
530|32
531|26
532|7
533|12
534|36
535|41
536|30
537|40
538|6
539|8
540|29
541|35
542|45
543|38
544|29
545|19
546|31
547|4
548|16
549|39
550|24
551|19
552|49
553|40
554|45
555|24
556|4
557|42
558|4
559|34
560|48
561|19
562|30
563|36
564|45
565|13
566|37
567|21
568|43
569|12
570|47
571|27
572|1
573|46
574|13
575|24
576|14
577|28
578|8
579|39
580|48
581|39
582|40
583|20
584|42
585|6
586|44
587|29
588|40
589|29
590|38
591|27
592|46
593|20
594|33
595|21
596|24
597|14
598|29
599|3
600|5
601|16
602|15
603|2
604|14
605|27
606|10
607|46
608|9
609|49
610|31
611|27
612|9
613|13
614|27
615|31
616|46
617|37
618|33
619|38
620|13
621|27
622|27
623|10
624|30
625|0
626|12
627|23
628|26
629|37
630|22
631|23
632|35
633|37
634|2
635|22
636|20
637|24
638|9
639|34
640|5
641|49
642|14
643|21
644|4
645|1
646|39
647|3
648|18
649|37
650|17
651|38
652|18
653|41
654|9
655|49
656|2
657|0
658|38
659|13
660|45
661|30
662|9
663|17
664|33
665|49
666|34
667|17
668|13
669|34
670|13
671|27
672|28
673|10
674|2
675|20
676|3
677|31
678|35
679|3
680|37
681|18
682|34
683|30
684|18
685|9
686|1
687|10
688|3
689|14
690|17
691|43
692|47
693|10
694|0
695|47
696|23
697|23
698|3
699|18
700|19
701|18
702|1
703|34
704|10
705|41
706|21
707|9
708|40
709|7
710|27
711|40
712|36
713|27
714|48
715|43
716|7
717|37
718|3
719|36
720|6
721|9
722|22
723|8
724|32
725|22
726|39
727|37
728|14
729|23
730|29
731|37
732|29
733|4
734|4
735|21
736|32
737|32
738|8
739|49
740|29
741|3
742|27
743|2
744|40
745|1
746|35
747|42
748|36
749|22
750|39
751|0
752|31
753|10
754|16
755|47
756|40
757|42
758|47
759|1
760|30
761|32
762|30
763|43
764|41
765|36
766|2
767|11
768|46
769|16
770|4
771|27
772|27
773|19
774|28
775|45
776|42
777|36
778|39
779|20
780|26
781|29
782|3
783|34
784|9
785|21
786|39
787|47
788|7
789|44
790|25
791|27
792|6
793|9
794|8
795|48
796|19
797|48
798|27
799|33
800|6
801|41
802|38
803|36
804|41
805|29
806|30
807|15
808|18
809|33
810|10
811|42
812|29
813|22
814|33
815|1
816|14
817|41
818|16
819|39
820|34
821|19
822|20
823|13
824|39
825|40
826|17
827|45
828|47
829|31
830|26
831|21
832|41
833|22
834|19
835|49
836|17
837|21
838|45
839|21
840|5
841|10
842|36
843|27
844|25
845|39
846|10
847|35
848|48
849|24
850|18
851|0
852|3
853|9
854|33
855|5
856|31
857|16
858|37
859|1
860|47
861|44
862|33
863|0
864|35
865|36
866|15
867|4
868|11
869|31
870|3
871|18
872|14
873|2
874|31
875|19
876|27
877|11
878|17
879|48
880|4
881|0
882|41
883|5
884|24
885|36
886|27
887|38
888|21
889|3
890|16
891|9
892|9
893|3
894|49
895|2
896|33
897|9
898|40
899|6
900|19
901|27
902|49
903|32
904|29
905|6
906|32
907|1
908|25
909|10
910|38
911|48
912|9
913|5
914|40
915|21
916|20
917|47
918|1
919|16
920|4
921|31
922|36
923|36
924|8
925|16
926|28
927|41
928|31
929|6
930|39
931|46
932|23
933|19
934|15
935|12
936|26
937|26
938|1
939|19
940|18
941|2
942|7
943|12
944|11
945|43
946|34
947|3
948|27
949|5
950|49
951|20
952|1
953|47
954|2
955|33
956|12
957|46
958|34
959|21
960|28
961|29
962|31
963|9
964|38
965|34
966|9
967|18
968|20
969|25
970|26
971|13
972|2
973|46
974|38
975|28
976|49
977|34
978|17
979|34
980|17
981|6
982|39
983|39
984|11
985|10
986|30
987|9
988|7
989|21
990|32
991|34
992|41
993|44
994|23
995|31
996|46
997|28
998|8
999|23
1000|11
1001|47
1002|44
1003|28
1004|43
1005|7
1006|35
1007|9
1008|8
1009|33
1010|24
1011|27
1012|18
1013|20
1014|30
1015|27
1016|15
1017|17
1018|26
1019|32
1020|17
1021|27
1022|17
1023|42
1024|28
1025|20
1026|14
1027|21
1028|13
1029|37
1030|24
1031|27
1032|24
1033|20
1034|48
1035|38
1036|5
1037|49
1038|11
1039|29
1040|3
1041|23
1042|30
1043|5
1044|24
1045|30
1046|5
1047|39
1048|11
1049|22
1050|9
1051|11
1052|2
1053|40
1054|34
1055|31
1056|36
1057|32
1058|16
1059|31
1060|7
1061|16
1062|44
1063|27
1064|8
1065|29
1066|16
1067|39
1068|9
1069|0
1070|26
1071|32
1072|9
1073|3
1074|37
1075|1
1076|25
1077|34
1078|36
1079|42
1080|48
1081|27
1082|34
1083|26
1084|35
1085|46
1086|8
1087|9
1088|16
1089|27
1090|34
1091|20
1092|34
1093|4
1094|10
1095|13
1096|7
1097|3
1098|37
1099|48
1100|3
1101|39
1102|10
1103|8
1104|19
1105|33
1106|42
1107|45
1108|21
1109|40
1110|36
1111|6
1112|46
1113|23
1114|1
1115|10
1116|18
1117|45
1118|38
1119|42
1120|35
1121|17
1122|6
1123|29
1124|35
1125|37
1126|44
1127|17
1128|2
1129|38
1130|8
1131|46
1132|10
1133|20
1134|48
1135|35
1136|39
1137|27
1138|48
1139|40
1140|37
1141|45
1142|20
1143|15
1144|13
1145|43
1146|49
1147|29
1148|21
1149|3
1150|47
1151|44
1152|10
1153|22
1154|25
1155|29
1156|8
1157|39
1158|10
1159|43
1160|33
1161|25
1162|0
1163|48
1164|37
1165|6
1166|36
1167|4
1168|26
1169|10
1170|10
1171|18
1172|15
1173|30
1174|5
1175|15
1176|5
1177|32
1178|19
1179|36
1180|14
1181|20
1182|41
1183|45
1184|38
1185|45
1186|26
1187|15
1188|15
1189|43
1190|16
1191|41
1192|14
1193|17
1194|36
1195|41
1196|15
1197|49
1198|11
1199|49
1200|43
1201|4
1202|22
1203|8
1204|15
1205|9
1206|45
1207|32
1208|19
1209|14
1210|26
1211|11
1212|23
1213|22
1214|32
1215|47
1216|16
1217|43
1218|11
1219|18
1220|46
1221|15
1222|13
1223|11
1224|12
1225|6
1226|14
1227|38
1228|42
1229|13
1230|1
1231|13
1232|19
1233|9
1234|24
1235|24
1236|7
1237|30
1238|20
1239|10
1240|28
1241|25
1242|7
1243|15
1244|17
1245|47
1246|3
1247|44
1248|14
1249|45
1250|24
1251|37
1252|45
1253|5
1254|15
1255|11
1256|8
1257|33
1258|34
1259|38
1260|15
1261|5
1262|0
1263|22
1264|35
1265|45
1266|24
1267|49
1268|31
1269|44
1270|30
1271|43
1272|25
1273|14
1274|36
1275|2
1276|42
1277|3
1278|7
1279|15
1280|5
1281|41
1282|47
1283|8
1284|7
1285|10
1286|39
1287|39
1288|46
1289|48
1290|49
1291|33
1292|16
1293|18
1294|8
1295|40
1296|46
1297|21
1298|35
1299|18
1300|38
1301|19
1302|46
1303|23
1304|33
1305|35
1306|5
1307|21
1308|14
1309|49
1310|48
1311|42
1312|12
1313|37
1314|4
1315|12
1316|26
1317|23
1318|47
1319|14
1320|0
1321|29
1322|48
1323|42
1324|33
1325|40
1326|43
1327|34
1328|28
1329|45
1330|3
1331|34
1332|6
1333|14
1334|0
1335|12
1336|27
1337|15
1338|21
1339|45
1340|15
1341|17
1342|1
1343|28
1344|2
1345|36
1346|4
1347|31
1348|14
1349|28
1350|23
1351|44
1352|20
1353|34
1354|12
1355|3
1356|26
1357|5
1358|38
1359|16
1360|48
1361|7
1362|30
1363|18
1364|23
1365|18
1366|0
1367|45
1368|36
1369|19
1370|23
1371|33
1372|13
1373|13
1374|5
1375|32
1376|21
1377|7
1378|8
1379|8
1380|41
1381|27
1382|48
1383|34
1384|28
1385|3
1386|12
1387|43
1388|49
1389|4
1390|32
1391|3
1392|9
1393|39
1394|23
1395|7
1396|19
1397|24
1398|11
1399|10
1400|44
1401|41
1402|32
1403|12
1404|3
1405|24
1406|1
1407|42
1408|36
1409|6
1410|21
1411|30
1412|21
1413|43
1414|38
1415|28
1416|8
1417|14
1418|32
1419|10
1420|49
1421|35
1422|7
1423|4
1424|43
1425|2
1426|37
1427|12
1428|38
1429|35
1430|37
1431|10
1432|24
1433|34
1434|33
1435|9
1436|9
1437|47
1438|47
1439|41
1440|11
1441|25
1442|42
1443|23
1444|22
1445|18
1446|19
1447|0
1448|5
1449|30
1450|22
1451|19
1452|34
1453|20
1454|41
1455|13
1456|40
1457|1
1458|7
1459|8
1460|25
1461|10
1462|10
1463|39
1464|23
1465|18
1466|18
1467|35
1468|36
1469|8
1470|17
1471|40
1472|48
1473|5
1474|17
1475|40
1476|41
1477|9
1478|41
1479|21
1480|37
1481|42
1482|33
1483|20
1484|4
1485|42
1486|20
1487|44
1488|41
1489|37
1490|6
1491|34
1492|12
1493|20
1494|16
1495|44
1496|36
1497|38
1498|14
1499|31
1500|25
1501|29
1502|45
1503|3
1504|13
1505|49
1506|38
1507|39
1508|46
1509|34
1510|31
1511|29
1512|1
1513|10
1514|29
1515|44
1516|5
1517|26
1518|40
1519|11
1520|10
1521|26
1522|8
1523|45
1524|40
1525|12
1526|46
1527|11
1528|12
1529|21
1530|0
1531|4
1532|31
1533|16
1534|26
1535|6
1536|15
1537|25
1538|33
1539|48
1540|7
1541|31
1542|31
1543|31
1544|32
1545|14
1546|46
1547|33
1548|13
1549|20
1550|10
1551|0
1552|36
1553|2
1554|12
1555|44
1556|0
1557|33
1558|21
1559|34
1560|15
1561|27
1562|26
1563|46
1564|45
1565|0
1566|38
1567|25
1568|36
1569|20
1570|34
1571|46
1572|32
1573|19
1574|37
1575|44
1576|23
1577|28
1578|46
1579|28
1580|23
1581|24
1582|44
1583|1
1584|20
1585|47
1586|33
1587|42
1588|23
1589|3
1590|8
1591|43
1592|24
1593|18
1594|15
1595|15
1596|25
1597|8
1598|11
1599|6
1600|43
1601|7
1602|47
1603|16
1604|19
1605|33
1606|20
1607|28
1608|47
1609|4
1610|2
1611|48
1612|11
1613|31
1614|19
1615|16
1616|8
1617|1
1618|1
1619|32
1620|3
1621|45
1622|45
1623|33
1624|14
1625|19
1626|22
1627|28
1628|34
1629|22
1630|12
1631|25
1632|24
1633|38
1634|28
1635|49
1636|19
1637|21
1638|40
1639|3
1640|29
1641|12
1642|11
1643|44
1644|27
1645|45
1646|37
1647|23
1648|49
1649|48
1650|22
1651|44
1652|47
1653|29
1654|4
1655|2
1656|44
1657|15
1658|21
1659|43
1660|0
1661|30
1662|33
1663|28
1664|1
1665|1
1666|4
1667|10
1668|22
1669|17
1670|3
1671|15
1672|29
1673|13
1674|30
1675|25
1676|41
1677|28
1678|48
1679|38
1680|41
1681|35
1682|9
1683|21
1684|3
1685|15
1686|35
1687|23
1688|23
1689|22
1690|48
1691|8
1692|1
1693|5
1694|42
1695|44
1696|49
1697|37
1698|39
1699|22
1700|30
1701|30
1702|44
1703|34
1704|22
1705|32
1706|15
1707|40
1708|17
1709|23
1710|47
1711|17
1712|10
1713|8
1714|6
1715|24
1716|6
1717|6
1718|25
1719|38
1720|24
1721|17
1722|24
1723|19
1724|46
1725|40
1726|44
1727|42
1728|6
1729|21
1730|7
1731|46
1732|37
1733|10
1734|21
1735|34
1736|37
1737|29
1738|9
1739|40
1740|17
1741|37
1742|32
1743|2
1744|42
1745|40
1746|49
1747|46
1748|15
1749|9
1750|3
1751|34
1752|45
1753|22
1754|39
1755|9
1756|32
1757|43
1758|45
1759|34
1760|45
1761|29
1762|15
1763|49
1764|23
1765|2
1766|38
1767|37
1768|48
1769|26
1770|47
1771|48
1772|49
1773|32
1774|3
1775|20
1776|13
1777|34
1778|14
1779|19
1780|2
1781|42
1782|0
1783|45
1784|1
1785|46
1786|7
1787|28
1788|23
1789|0
1790|31
1791|21
1792|24
1793|34
1794|16
1795|46
1796|8
1797|30
1798|0
1799|13
1800|21
1801|15
1802|3
1803|3
1804|16
1805|0
1806|6
1807|23
1808|44
1809|42
1810|0
1811|32
1812|0
1813|19
1814|4
1815|30
1816|9
1817|48
1818|36
1819|38
1820|34
1821|5
1822|1
1823|14
1824|11
1825|9
1826|31
1827|43
1828|29
1829|20
1830|23
1831|2
1832|11
1833|22
1834|0
1835|15
1836|2
1837|48
1838|35
1839|22
1840|21
1841|32
1842|0
1843|25
1844|38
1845|13
1846|39
1847|19
1848|25
1849|40
1850|22
1851|8
1852|29
1853|33
1854|11
1855|11
1856|20
1857|16
1858|18
1859|7
1860|16
1861|25
1862|29
1863|45
1864|20
1865|25
1866|33
1867|43
1868|9
1869|35
1870|3
1871|17
1872|47
1873|17
1874|9
1875|5
1876|44
1877|2
1878|11
1879|10
1880|11
1881|29
1882|6
1883|9
1884|1
1885|5
1886|29
1887|31
1888|36
1889|25
1890|30
1891|20
1892|45
1893|43
1894|28
1895|29
1896|49
1897|47
1898|31
1899|37
1900|42
1901|49
1902|47
1903|27
1904|45
1905|20
1906|27
1907|43
1908|24
1909|2
1910|0
1911|5
1912|4
1913|29
1914|2
1915|24
1916|0
1917|37
1918|45
1919|42
1920|3
1921|41
1922|48
1923|35
1924|45
1925|13
1926|39
1927|10
1928|15
1929|30
1930|40
1931|2
1932|23
1933|2
1934|47
1935|10
1936|34
1937|16
1938|21
1939|34
1940|31
1941|18
1942|15
1943|19
1944|4
1945|24
1946|38
1947|8
1948|25
1949|23
1950|38
1951|24
1952|30
1953|5
1954|28
1955|40
1956|27
1957|44
1958|4
1959|25
1960|16
1961|13
1962|48
1963|20
1964|20
1965|1
1966|5
1967|34
1968|39
1969|7
1970|18
1971|47
1972|42
1973|49
1974|29
1975|16
1976|0
1977|11
1978|25
1979|46
1980|7
1981|14
1982|8
1983|17
1984|38
1985|3
1986|35
1987|40
1988|17
1989|36
1990|1
1991|40
1992|1
1993|5
1994|29
1995|0
1996|3
1997|42
1998|21
1999|33
2000|2
2001|13
2002|45
2003|20
2004|13
2005|43
2006|42
2007|21
2008|21
2009|19
2010|34
2011|35
2012|30
2013|34
2014|17
2015|37
2016|6
2017|0
2018|40
2019|49
2020|12
2021|41
2022|23
2023|1
2024|43
2025|12
2026|41
2027|41
2028|10
2029|39
2030|19
2031|25
2032|6
2033|5
2034|24
2035|17
2036|29
2037|22
2038|32
2039|13
2040|3
2041|19
2042|1
2043|43
2044|16
2045|17
2046|28
2047|44
2048|18
2049|22
2050|2
2051|40
2052|42
2053|31
2054|22
2055|4
2056|21
2057|35
2058|9
2059|2
2060|45
2061|11
2062|0
2063|8
2064|2
2065|2
2066|7
2067|21
2068|4
2069|45
2070|15
2071|32
2072|29
2073|21
2074|35
2075|2
2076|20
2077|12
2078|17
2079|34
2080|49
2081|39
2082|17
2083|5
2084|47
2085|49
2086|32
2087|30
2088|46
2089|15
2090|0
2091|17
2092|26
2093|22
2094|16
2095|20
2096|17
2097|16
2098|36
2099|30
2100|27
2101|44
2102|45
2103|43
2104|11
2105|7
2106|17
2107|33
2108|24
2109|44
2110|32
2111|11
2112|7
2113|11
2114|37
2115|33
2116|22
2117|9
2118|30
2119|43
2120|5
2121|16
2122|12
2123|48
2124|32
2125|6
2126|27
2127|19
2128|38
2129|7
2130|3
2131|2
2132|18
2133|11
2134|43
2135|27
2136|33
2137|32
2138|38
2139|44
2140|40
2141|39
2142|22
2143|47
2144|24
2145|1
2146|31
2147|43
2148|25
2149|32
2150|42
2151|42
2152|45
2153|6
2154|18
2155|16
2156|39
2157|3
2158|6
2159|43
2160|49
2161|23
2162|33
2163|6
2164|30
2165|31
2166|41
2167|4
2168|9
2169|39
2170|40
2171|11
2172|34
2173|17
2174|13
2175|28
2176|32
2177|28
2178|3
2179|28
2180|33
2181|47
2182|36
2183|1
2184|28
2185|44
2186|6
2187|6
2188|47
2189|11
2190|33
2191|28
2192|33
2193|18
2194|19
2195|2
2196|48
2197|43
2198|19
2199|38
2200|7
2201|23
2202|38
2203|43
2204|36
2205|33
2206|49
2207|20
2208|9
2209|41
2210|45
2211|19
2212|41
2213|49
2214|7
2215|44
2216|15
2217|48
2218|31
2219|35
2220|20
2221|44
2222|9
2223|0
2224|27
2225|6
2226|25
2227|39
2228|6
2229|41
2230|10
2231|1
2232|40
2233|18
2234|43
2235|22
2236|22
2237|4
2238|45
2239|41
2240|46
2241|45
2242|3
2243|41
2244|44
2245|49
2246|1
2247|13
2248|33
2249|39
2250|38
2251|30
2252|38
2253|47
2254|30
2255|5
2256|4
2257|24
2258|4
2259|45
2260|22
2261|31
2262|30
2263|37
2264|22
2265|28
2266|25
2267|21
2268|48
2269|22
2270|43
2271|29
2272|41
2273|28
2274|30
2275|11
2276|9
2277|16
2278|26
2279|28
2280|24
2281|38
2282|2
2283|33
2284|34
2285|10
2286|4
2287|22
2288|35
2289|1
2290|20
2291|12
2292|27
2293|0
2294|49
2295|32
2296|2
2297|34
2298|29
2299|7
2300|39
2301|9
2302|27
2303|43
2304|7
2305|15
2306|11
2307|3
2308|28
2309|10
2310|14
2311|24
2312|11
2313|9
2314|26
2315|20
2316|38
2317|17
2318|7
2319|35
2320|6
2321|19
2322|26
2323|35
2324|9
2325|2
2326|26
2327|22
2328|47
2329|46
2330|8
2331|23
2332|45
2333|4
2334|1
2335|43
2336|17
2337|12
2338|49
2339|28
2340|32
2341|27
2342|8
2343|41
2344|10
2345|9
2346|32
2347|44
2348|0
2349|24
2350|43
2351|5
2352|40
2353|0
2354|39
2355|44
2356|22
2357|20
2358|21
2359|30
2360|48
2361|23
2362|34
2363|4
2364|42
2365|37
2366|26
2367|6
2368|8
2369|4
2370|0
2371|22
2372|11
2373|0
2374|47
2375|46
2376|48
2377|6
2378|32
2379|24
2380|22
2381|0
2382|7
2383|20
2384|34
2385|16
2386|18
2387|47
2388|0
2389|21
2390|4
2391|13
2392|6
2393|6
2394|24
2395|1
2396|46
2397|0
2398|3
2399|24
2400|14
2401|30
2402|3
2403|42
2404|3
2405|46
2406|42
2407|1
2408|41
2409|47
2410|21
2411|33
2412|20
2413|18
2414|16
2415|1
2416|15
2417|27
2418|18
2419|47
2420|13
2421|41
2422|14
2423|13
2424|9
2425|41
2426|29
2427|25
2428|33
2429|46
2430|41
2431|34
2432|30
2433|10
2434|15
2435|28
2436|0
2437|5
2438|45
2439|4
2440|21
2441|3
2442|11
2443|21
2444|49
2445|36
2446|32
2447|4
2448|32
2449|17
2450|49
2451|41
2452|39
2453|38
2454|13
2455|9
2456|2
2457|47
2458|45
2459|21
2460|24
2461|32
2462|0
2463|28
2464|22
2465|46
2466|40
2467|19
2468|3
2469|11
2470|42
2471|48
2472|17
2473|30
2474|46
2475|35
2476|7
2477|29
2478|29
2479|19
2480|43
2481|17
2482|45
2483|36
2484|8
2485|42
2486|19
2487|7
2488|4
2489|48
2490|43
2491|26
2492|11
2493|40
2494|29
2495|8
2496|0
2497|41
2498|13
2499|1
2500|14
2501|32
2502|11
2503|27
2504|35
2505|26
2506|30
2507|32
2508|38
2509|45
2510|9
2511|6
2512|27
2513|11
2514|3
2515|35
2516|31
2517|32
2518|5
2519|17
2520|6
2521|11
2522|16
2523|5
2524|4
2525|4
2526|25
2527|6
2528|28
2529|34
2530|27
2531|29
2532|14
2533|31
2534|41
2535|34
2536|10
2537|18
2538|12
2539|25
2540|38
2541|20
2542|12
2543|34
2544|32
2545|14
2546|24
2547|14
2548|8
2549|44
2550|31
2551|26
2552|15
2553|5
2554|41
2555|9
2556|35
2557|2
2558|36
2559|6
2560|25
2561|32
2562|15
2563|49
2564|34
2565|31
2566|25
2567|48
2568|40
2569|15
2570|27
2571|40
2572|43
2573|35
2574|19
2575|16
2576|14
2577|27
2578|25
2579|42
2580|45
2581|0
2582|9
2583|40
2584|45
2585|44
2586|22
2587|35
2588|49
2589|5
2590|0
2591|36
2592|33
2593|39
2594|33
2595|48
2596|3
2597|24
2598|8
2599|47
2600|35
2601|3
2602|42
2603|44
2604|16
2605|39
2606|16
2607|35
2608|15
2609|28
2610|5
2611|9
2612|21
2613|43
2614|38
2615|8
2616|49
2617|30
2618|26
2619|26
2620|46
2621|2
2622|0
2623|46
2624|13
2625|31
2626|27
2627|5
2628|6
2629|24
2630|0
2631|36
2632|28
2633|31
2634|9
2635|33
2636|41
2637|2
2638|32
2639|10
2640|11
2641|38
2642|30
2643|6
2644|1
2645|28
2646|18
2647|18
2648|26
2649|8
2650|20
2651|6
2652|21
2653|15
2654|27
2655|16
2656|9
2657|47
2658|27
2659|47
2660|5
2661|2
2662|19
2663|32
2664|21
2665|44
2666|11
2667|46
2668|38
2669|34
2670|41
2671|33
2672|7
2673|10
2674|19
2675|33
2676|5
2677|6
2678|47
2679|24
2680|47
2681|29
2682|38
2683|38
2684|17
2685|10
2686|7
2687|12
2688|35
2689|2
2690|8
2691|29
2692|21
2693|45
2694|25
2695|21
2696|1
2697|30
2698|41
2699|38
2700|49
2701|46
2702|5
2703|14
2704|21
2705|2
2706|11
2707|29
2708|38
2709|44
2710|37
2711|44
2712|43
2713|23
2714|15
2715|8
2716|48
2717|30
2718|26
2719|2
2720|36
2721|8
2722|34
2723|18
2724|34
2725|19
2726|46
2727|27
2728|0
2729|33
2730|7
2731|37
2732|38
2733|22
2734|13
2735|3
2736|36
2737|28
2738|20
2739|40
2740|46
2741|16
2742|13
2743|44
2744|20
2745|27
2746|30
2747|5
2748|44
2749|33
2750|22
2751|26
2752|30
2753|31
2754|15
2755|39
2756|42
2757|6
2758|45
2759|44
2760|23
2761|2
2762|12
2763|37
2764|27
2765|18
2766|9
2767|43
2768|11
2769|35
2770|27
2771|33
2772|39
2773|28
2774|37
2775|38
2776|23
2777|39
2778|25
2779|9
2780|8
2781|1
2782|37
2783|33
2784|46
2785|35
2786|8
2787|31
2788|43
2789|28
2790|14
2791|28
2792|9
2793|48
2794|35
2795|49
2796|28
2797|39
2798|33
2799|17
2800|6
2801|16
2802|9
2803|14
2804|26
2805|36
2806|19
2807|22
2808|31
2809|10
2810|45
2811|29
2812|14
2813|0
2814|19
2815|11
2816|30
2817|4
2818|10
2819|21
2820|8
2821|4
2822|37
2823|12
2824|18
2825|29
2826|10
2827|31
2828|16
2829|46
2830|41
2831|49
2832|4
2833|33
2834|48
2835|46
2836|23
2837|28
2838|34
2839|30
2840|17
2841|9
2842|35
2843|6
2844|28
2845|24
2846|44
2847|45
2848|23
2849|0
2850|16
2851|49
2852|1
2853|15
2854|5
2855|33
2856|3
2857|8
2858|20
2859|17
2860|11
2861|29
2862|35
2863|44
2864|17
2865|38
2866|47
2867|8
2868|32
2869|49
2870|42
2871|27
2872|16
2873|42
2874|17
2875|5
2876|32
2877|19
2878|33
2879|15
2880|2
2881|46
2882|16
2883|6
2884|32
2885|7
2886|9
2887|19
2888|5
2889|31
2890|46
2891|36
2892|27
2893|8
2894|26
2895|26
2896|25
2897|14
2898|3
2899|7
2900|25
2901|1
2902|17
2903|11
2904|17
2905|38
2906|26
2907|33
2908|40
2909|8
2910|46
2911|16
2912|21
2913|16
2914|35
2915|48
2916|41
2917|32
2918|35
2919|41
2920|29
2921|37
2922|18
2923|20
2924|7
2925|17
2926|7
2927|21
2928|1
2929|48
2930|0
2931|42
2932|4
2933|33
2934|14
2935|9
2936|23
2937|33
2938|23
2939|41
2940|5
2941|43
2942|20
2943|18
2944|37
2945|7
2946|0
2947|44
2948|36
2949|46
2950|44
2951|30
2952|4
2953|13
2954|17
2955|18
2956|1
2957|47
2958|12
2959|36
2960|22
2961|18
2962|7
2963|12
2964|41
2965|3
2966|3
2967|39
2968|22
2969|25
2970|14
2971|42
2972|45
2973|48
2974|13
2975|11
2976|49
2977|4
2978|11
2979|12
2980|4
2981|42
2982|45
2983|18
2984|14
2985|7
2986|46
2987|26
2988|39
2989|31
2990|23
2991|33
2992|16
2993|35
2994|39
2995|26
2996|2
2997|25
2998|48
2999|10
3000|25
