0|23
1|22
2|11
3|42
4|10
5|38
6|45
7|24
8|30
9|20
10|18
11|17
12|10
13|45
14|27
15|18
16|27
17|42
18|12
19|17
20|13
21|16
22|8
23|3
24|24
25|26
26|5
27|11
28|30
29|1
30|0
31|39
32|7
33|39
34|16
35|38
36|44
37|41
38|36
39|25
40|10
41|20
42|26
43|38
44|44
45|8
46|21
47|14
48|4
49|9
50|39
51|14
52|38
53|47
54|43
55|48
56|20
57|48
58|15
59|33
60|26
61|12
62|27
63|0
64|16
65|11
66|11
67|33
68|22
69|8
70|27
71|44
72|1
73|1
74|1
75|4
76|12
77|31
78|18
79|7
80|14
81|29
82|39
83|35
84|13
85|44
86|1
87|11
88|27
89|36
90|37
91|24
92|6
93|37
94|42
95|7
96|8
97|43
98|4
99|41
100|34
101|14
102|4
103|10
104|9
105|36
106|42
107|15
108|10
109|24
110|34
111|41
112|4
113|33
114|35
115|46
116|22
117|48
118|47
119|1
120|9
121|31
122|48
123|10
124|31
125|28
126|8
127|20
128|8
129|40
130|10
131|45
132|41
133|44
134|30
135|13
136|7
137|0
138|39
139|11
140|10
141|20
142|4
143|34
144|37
145|11
146|5
147|8
148|45
149|17
150|17
151|15
152|30
153|43
154|19
155|0
156|23
157|28
158|31
159|13
160|39
161|45
162|32
163|18
164|48
165|48
166|18
167|41
168|46
169|22
170|45
171|19
172|20
173|43
174|10
175|19
176|41
177|1
178|32
179|27
180|8
181|13
182|1
183|20
184|47
185|34
186|21
187|8
188|10
189|10
190|18
191|13
192|6
193|12
194|26
195|26
196|7
197|20
198|26
199|35
200|22
201|10
202|20
203|19
204|44
205|12
206|37
207|34
208|40
209|20
210|44
211|36
212|12
213|18
214|3
215|31
216|43
217|11
218|1
219|7
220|19
221|30
222|29
223|29
224|43
225|18
226|44
227|19
228|18
229|38
230|12
231|22
232|26
233|43
234|29
235|3
236|26
237|15
238|33
239|12
240|27
241|3
242|4
243|28
244|48
245|2
246|25
247|12
248|40
249|25
250|22
251|16
252|19
253|31
254|48
255|35
256|26
257|17
258|49
259|49
260|17
261|49
262|22
263|18
264|28
265|3
266|2
267|23
268|5
269|14
270|39
271|45
272|49
273|3
274|29
275|28
276|20
277|40
278|15
279|26
280|44
281|33
282|31
283|15
284|44
285|46
286|41
287|41
288|34
289|6
290|20
291|17
292|37
293|27
294|32
295|3
296|19
297|19
298|4
299|37
300|39
301|41
302|32
303|21
304|26
305|43
306|16
307|16
308|8
309|10
310|41
311|4
312|4
313|30
314|10
315|14
316|42
317|48
318|21
319|37
320|24
321|8
322|34
323|3
324|33
325|36
326|40
327|17
328|24
329|42
330|22
331|23
332|6
333|34
334|26
335|7
336|25
337|15
338|0
339|41
340|45
341|13
342|27
343|20
344|11
345|32
346|36
347|34
348|1
349|21
350|24
351|20
352|16
353|15
354|27
355|42
356|15
357|37
358|24
359|37
360|25
361|40
362|9
363|11
364|13
365|14
366|1
367|29
368|25
369|6
370|10
371|27
372|33
373|17
374|27
375|29
376|30
377|22
378|25
379|29
380|30
381|7
382|11
383|1
384|44
385|19
386|32
387|12
388|1
389|38
390|10
391|22
392|4
393|16
394|34
395|10
396|30
397|46
398|33
399|22
400|40
401|7
402|17
403|30
404|6
405|12
406|47
407|8
408|37
409|21
410|46
411|9
412|34
413|34
414|2
415|32
416|7
417|42
418|47
419|17
420|16
421|5
422|36
423|20
424|2
425|11
426|10
427|32
428|47
429|0
430|46
431|22
432|20
433|42
434|16
435|42
436|15
437|43
438|9
439|20
440|20
441|9
442|5
443|12
444|9
445|23
446|43
447|43
448|24
449|40
450|1
451|0
452|27
453|37
454|35
455|25
456|36
457|18
458|6
459|41
460|36
461|41
462|18
463|18
464|20
465|42
466|16
467|22
468|35
469|16
470|14
471|22
472|24
473|1
474|9
475|46
476|39
477|12
478|31
479|37
480|28
481|29
482|14
483|34
484|25
485|44
486|22
487|25
488|4
489|35
490|49
491|46
492|1
493|32
494|25
495|1
496|5
497|44
498|6
499|48
500|44
501|25
502|45
503|11
504|44
505|9
506|4
507|5
508|45
509|27
510|38
511|32
512|29
513|31
514|21
515|1
516|21
517|30
518|47
519|47
520|23
521|16
522|16
523|39
524|26
525|30
526|15
527|29
528|45
529|16
530|25
531|41
532|36
533|40
534|30
535|38
536|36
537|38
538|30
539|2
540|43
541|49
542|39
543|25
544|17
545|26
546|11
547|2
548|12
549|4
550|33
551|12
552|4
553|35
554|5
555|9
556|15
557|35
558|26
559|41
560|31
561|17
562|24
563|45
564|48
565|37
566|28
567|23
568|24
569|15
570|0
571|47
572|15
573|6
574|44
575|21
576|13
577|34
578|39
579|37
580|0
581|20
582|0
583|22
584|47
585|43
586|37
587|7
588|26
589|19
590|5
591|4
592|7
593|42
594|8
595|2
596|30
597|23
598|33
599|9
600|9
601|22
602|15
603|36
604|28
605|38
606|25
607|28
608|32
609|17
610|34
611|49
612|36
613|10
614|34
615|1
616|38
617|12
618|18
619|35
620|49
621|45
622|35
623|13
624|25
625|37
626|35
627|15
628|13
629|11
630|3
631|33
632|30
633|37
634|34
635|25
636|7
637|38
638|0
639|29
640|0
641|27
642|31
643|4
644|8
645|36
646|6
647|40
648|12
649|0
650|7
651|41
652|32
653|27
654|0
655|41
656|37
657|3
658|2
659|12
660|36
661|31
662|9
663|1
664|35
665|46
666|36
667|16
668|32
669|26
670|18
671|49
672|40
673|8
674|19
675|1
676|16
677|49
678|18
679|37
680|0
681|44
682|38
683|36
684|37
685|41
686|27
687|32
688|23
689|29
690|18
691|10
692|10
693|7
694|45
695|32
696|47
697|3
698|36
699|40
700|13
701|0
702|47
703|9
704|9
705|35
706|43
707|25
708|36
709|3
710|43
711|21
712|18
713|26
714|26
715|18
716|13
717|3
718|36
719|25
720|47
721|6
722|28
723|48
724|48
725|11
726|28
727|4
728|45
729|20
730|47
731|1
732|7
733|13
734|2
735|38
736|1
737|34
738|20
739|10
740|19
741|28
742|23
743|49
744|34
745|14
746|8
747|7
748|38
749|7
750|13
751|2
752|15
753|18
754|28
755|3
756|27
757|23
758|48
759|22
760|31
761|8
762|49
763|47
764|3
765|23
766|6
767|3
768|4
769|23
770|31
771|12
772|28
773|21
774|30
775|27
776|11
777|18
778|19
779|47
780|28
781|2
782|33
783|5
784|25
785|13
786|15
787|18
788|28
789|34
790|1
791|30
792|16
793|31
794|32
795|20
796|45
797|34
798|5
799|49
800|25
801|11
802|15
803|44
804|11
805|36
806|38
807|48
808|36
809|41
810|47
811|34
812|18
813|39
814|16
815|21
816|39
817|15
818|37
819|47
820|30
821|46
822|33
823|46
824|4
825|15
826|23
827|36
828|45
829|43
830|30
831|20
832|11
833|31
834|16
835|48
836|21
837|31
838|45
839|9
840|0
841|30
842|48
843|24
844|11
845|36
846|19
847|33
848|4
849|11
850|33
851|23
852|16
853|23
854|22
855|7
856|29
857|35
858|33
859|33
860|6
861|40
862|36
863|37
864|40
865|21
866|23
867|5
868|12
869|31
870|7
871|45
872|17
873|24
874|11
875|47
876|41
877|15
878|34
879|19
880|22
881|7
882|12
883|46
884|16
885|28
886|6
887|17
888|41
889|8
890|19
891|48
892|2
893|11
894|49
895|39
896|24
897|42
898|46
899|20
900|26
901|4
902|34
903|45
904|23
905|9
906|49
907|48
908|14
909|30
910|1
911|24
912|30
913|33
914|33
915|44
916|1
917|13
918|8
919|9
920|2
921|36
922|29
923|27
924|17
925|42
926|13
927|46
928|14
929|49
930|12
931|42
932|24
933|30
934|28
935|30
936|42
937|8
938|37
939|19
940|9
941|43
942|38
943|47
944|49
945|18
946|19
947|45
948|46
949|11
950|46
951|17
952|40
953|22
954|22
955|44
956|30
957|27
958|40
959|49
960|13
961|41
962|41
963|24
964|44
965|38
966|6
967|11
968|46
969|39
970|24
971|18
972|8
973|35
974|27
975|33
976|7
977|47
978|17
979|25
980|6
981|4
982|15
983|11
984|32
985|5
986|49
987|12
988|28
989|26
990|20
991|36
992|5
993|29
994|2
995|38
996|11
997|8
998|4
999|18
1000|17
1001|1
1002|46
1003|32
1004|33
1005|5
1006|22
1007|15
1008|0
1009|5
1010|46
1011|25
1012|37
1013|24
1014|35
1015|48
1016|27
1017|34
1018|25
1019|24
1020|47
1021|29
1022|9
1023|25
1024|45
1025|7
1026|17
1027|21
1028|18
1029|22
1030|9
1031|4
1032|44
1033|33
1034|1
1035|23
1036|9
1037|13
1038|28
1039|20
1040|43
1041|41
1042|48
1043|37
1044|21
1045|49
1046|6
1047|4
1048|35
1049|35
1050|6
1051|40
1052|45
1053|19
1054|5
1055|26
1056|4
1057|15
1058|8
1059|49
1060|5
1061|24
1062|29
1063|6
1064|49
1065|1
1066|48
1067|8
1068|49
1069|16
1070|17
1071|12
1072|25
1073|19
1074|18
1075|13
1076|0
1077|49
1078|17
1079|14
1080|6
1081|49
1082|16
1083|39
1084|10
1085|45
1086|33
1087|1
1088|18
1089|2
1090|8
1091|32
1092|30
1093|1
1094|5
1095|18
1096|29
1097|3
1098|48
1099|47
1100|1
1101|35
1102|46
1103|12
1104|15
1105|5
1106|38
1107|35
1108|28
1109|37
1110|40
1111|26
1112|25
1113|37
1114|4
1115|17
1116|45
1117|32
1118|22
1119|15
1120|11
1121|5
1122|44
1123|18
1124|11
1125|49
1126|25
1127|33
1128|9
1129|7
1130|32
1131|40
1132|15
1133|13
1134|9
1135|39
1136|49
1137|16
1138|45
1139|13
1140|18
1141|38
1142|18
1143|47
1144|39
1145|35
1146|35
1147|30
1148|45
1149|11
1150|10
1151|16
1152|14
1153|23
1154|29
1155|3
1156|23
1157|30
1158|16
1159|9
1160|13
1161|45
1162|14
1163|45
1164|36
1165|28
1166|20
1167|0
1168|41
1169|25
1170|49
1171|0
1172|4
1173|46
1174|8
1175|34
1176|29
1177|20
1178|38
1179|0
1180|38
1181|47
1182|48
1183|41
1184|8
1185|23
1186|14
1187|42
1188|26
1189|5
1190|33
1191|18
1192|7
1193|13
1194|39
1195|5
1196|4
1197|26
1198|48
1199|36
1200|8
1201|31
1202|29
1203|28
1204|17
1205|37
1206|12
1207|3
1208|21
1209|15
1210|38
1211|4
1212|24
1213|3
1214|32
1215|13
1216|0
1217|39
1218|0
1219|25
1220|30
1221|0
1222|40
1223|47
1224|0
1225|15
1226|13
1227|36
1228|36
1229|5
1230|27
1231|11
1232|25
1233|3
1234|41
1235|11
1236|15
1237|7
1238|9
1239|39
1240|33
1241|7
1242|19
1243|44
1244|24
1245|34
1246|48
1247|33
1248|0
1249|28
1250|36
1251|4
1252|37
1253|22
1254|37
1255|49
1256|3
1257|42
1258|24
1259|29
1260|18
1261|40
1262|26
1263|32
1264|44
1265|31
1266|12
1267|23
1268|2
1269|42
1270|26
1271|25
1272|30
1273|38
1274|33
1275|22
1276|1
1277|15
1278|9
1279|10
1280|12
1281|3
1282|48
1283|37
1284|7
1285|23
1286|2
1287|38
1288|32
1289|41
1290|41
1291|28
1292|12
1293|37
1294|36
1295|38
1296|49
1297|22
1298|8
1299|32
1300|7
1301|37
1302|7
1303|32
1304|33
1305|42
1306|17
1307|20
1308|7
1309|24
1310|15
1311|38
1312|21
1313|26
1314|44
1315|23
1316|10
1317|1
1318|31
1319|40
1320|42
1321|24
1322|12
1323|3
1324|7
1325|0
1326|11
1327|22
1328|14
1329|13
1330|22
1331|25
1332|10
1333|8
1334|32
1335|9
1336|34
1337|4
1338|6
1339|30
1340|14
1341|29
1342|21
1343|20
1344|20
1345|14
1346|7
1347|12
1348|7
1349|28
1350|46
1351|21
1352|4
1353|38
1354|37
1355|49
1356|48
1357|6
1358|36
1359|39
1360|43
1361|32
1362|41
1363|38
1364|12
1365|18
1366|26
1367|47
1368|2
1369|33
1370|45
1371|27
1372|34
1373|35
1374|21
1375|5
1376|1
1377|39
1378|3
1379|7
1380|48
1381|6
1382|9
1383|48
1384|32
1385|39
1386|29
1387|42
1388|21
1389|47
1390|8
1391|29
1392|48
1393|18
1394|2
1395|5
1396|24
1397|11
1398|16
1399|43
1400|11
1401|38
1402|42
1403|19
1404|10
1405|16
1406|13
1407|6
1408|6
1409|12
1410|37
1411|35
1412|23
1413|30
1414|32
1415|4
1416|32
1417|34
1418|21
1419|10
1420|36
1421|1
1422|17
1423|35
1424|8
1425|2
1426|46
1427|34
1428|24
1429|1
1430|32
1431|23
1432|7
1433|28
1434|34
1435|46
1436|43
1437|27
1438|27
1439|32
1440|40
1441|6
1442|25
1443|22
1444|25
1445|45
1446|15
1447|1
1448|23
1449|28
1450|38
1451|23
1452|44
1453|45
1454|11
1455|44
1456|0
1457|20
1458|16
1459|3
1460|2
1461|37
1462|8
1463|44
1464|38
1465|9
1466|33
1467|48
1468|5
1469|28
1470|13
1471|26
1472|40
1473|1
1474|6
1475|14
1476|34
1477|43
1478|33
1479|37
1480|48
1481|7
1482|35
1483|35
1484|47
1485|49
1486|12
1487|45
1488|2
1489|25
1490|39
1491|16
1492|24
1493|30
1494|20
1495|25
1496|14
1497|0
1498|44
1499|23
1500|22
