0|49
1|42
2|9
3|27
4|16
5|15
6|35
7|8
8|37
9|5
10|17
11|32
12|15
13|11
14|33
15|2
16|26
17|33
18|31
19|42
20|4
21|28
22|18
23|14
24|37
25|32
26|42
27|11
28|15
29|8
30|48
31|21
32|17
33|40
34|48
35|34
36|1
37|45
38|48
39|13
40|17
41|11
42|24
43|31
44|26
45|29
46|5
47|16
48|14
49|22
50|9
51|40
52|14
53|35
54|24
55|10
56|6
57|3
58|48
59|27
60|10
61|42
62|41
63|25
64|34
65|28
66|32
67|25
68|22
69|34
70|21
71|16
72|46
73|38
74|42
75|6
76|6
77|16
78|17
79|32
80|7
81|48
82|44
83|17
84|42
85|10
86|38
87|17
88|11
89|10
90|35
91|36
92|26
93|15
94|9
95|14
96|13
97|25
98|13
99|28
100|32
101|8
102|45
103|27
104|33
105|12
106|12
107|14
108|2
109|33
110|48
111|27
112|1
113|19
114|25
115|32
116|26
117|38
118|47
119|28
120|24
121|25
122|49
123|3
124|15
125|24
126|15
127|24
128|49
129|29
130|18
131|27
132|7
133|13
134|32
135|9
136|1
137|43
138|24
139|35
140|14
141|13
142|24
143|7
144|30
145|5
146|18
147|44
148|30
149|29
150|21
151|48
152|33
153|8
154|36
155|4
156|8
157|21
158|37
159|33
160|31
161|44
162|14
163|49
164|26
165|48
166|25
167|17
168|45
169|33
170|2
171|17
172|29
173|39
174|17
175|9
176|15
177|2
178|1
179|20
180|31
181|43
182|31
183|12
184|21
185|3
186|47
187|9
188|49
189|9
190|18
191|34
192|24
193|10
194|12
195|33
196|22
197|31
198|44
199|0
200|18
201|45
202|31
203|12
204|12
205|43
206|36
207|4
208|14
209|0
210|41
211|48
212|31
213|14
214|28
215|36
216|32
217|15
218|6
219|27
220|9
221|35
222|7
223|8
224|43
225|29
226|37
227|21
228|21
229|18
230|9
231|45
232|1
233|21
234|0
235|40
236|37
237|32
238|6
239|40
240|38
241|21
242|32
243|35
244|33
245|21
246|18
247|46
248|35
249|48
250|49
251|38
252|7
253|9
254|22
255|22
256|25
257|12
258|12
259|31
260|42
261|6
262|8
263|18
264|11
265|9
266|23
267|49
268|5
269|27
270|41
271|2
272|25
273|6
274|47
275|40
276|27
277|22
278|33
279|35
280|32
281|14
282|47
283|38
284|5
285|20
286|9
287|27
288|5
289|37
290|30
291|5
292|35
293|30
294|35
295|24
296|13
297|5
298|48
299|25
300|49
301|29
302|9
303|5
304|32
305|45
306|22
307|9
308|38
309|26
310|46
311|5
312|1
313|23
314|47
315|4
316|37
317|25
318|47
319|23
320|38
321|4
322|46
323|37
324|43
325|8
326|36
327|2
328|0
329|43
330|47
331|45
332|49
333|23
334|34
335|42
336|25
337|22
338|39
339|38
340|40
341|49
342|38
343|44
344|33
345|15
346|47
347|34
348|37
349|35
350|17
351|33
352|7
353|1
354|27
355|21
356|44
357|12
358|8
359|20
360|10
361|45
362|17
363|0
364|15
365|25
366|38
367|37
368|3
369|35
370|7
371|36
372|43
373|41
374|7
375|12
376|28
377|1
378|27
379|4
380|3
381|23
382|19
383|1
384|12
385|8
386|45
387|45
388|9
389|45
390|18
391|46
392|12
393|29
394|35
395|3
396|21
397|32
398|27
399|38
400|49
401|20
402|23
403|20
404|33
405|43
406|32
407|44
408|46
409|35
410|32
411|2
412|25
413|32
414|41
415|26
416|8
417|10
418|37
419|34
420|44
421|5
422|20
423|37
424|42
425|28
426|33
427|38
428|43
429|19
430|22
431|11
432|30
433|36
434|43
435|3
436|31
437|25
438|20
439|45
440|46
441|39
442|16
443|31
444|37
445|7
446|38
447|45
448|3
449|11
450|27
451|48
452|19
453|42
454|42
455|47
456|45
457|10
458|29
459|31
460|22
461|35
462|22
463|47
464|29
465|31
466|41
467|28
468|14
469|2
470|15
471|46
472|27
473|17
474|47
475|31
476|40
477|22
478|7
479|34
480|48
481|45
482|35
483|46
484|0
485|49
486|26
487|2
488|17
489|1
490|32
491|24
492|3
493|39
494|7
495|0
496|3
497|35
498|4
499|24
500|4
501|32
502|49
503|23
504|46
505|13
506|22
507|20
508|29
509|30
510|21
511|18
512|9
513|38
514|14
515|14
516|27
517|10
518|28
519|36
520|7
521|40
522|49
523|13
524|28
525|1
526|49
527|32
528|49
529|18
530|40
531|34
532|17
533|38
534|37
535|1
536|46
537|33
538|20
539|19
540|30
541|10
542|6
543|44
544|25
545|32
546|25
547|8
548|20
549|16
550|34
551|11
552|23
553|1
554|10
555|29
556|36
557|34
558|34
559|4
560|22
561|12
562|48
563|40
564|30
565|21
566|16
567|47
568|7
569|20
570|17
571|30
572|10
573|42
574|36
575|13
576|28
577|33
578|34
579|26
580|39
581|1
582|27
583|49
584|47
585|8
586|49
587|4
588|16
589|25
590|12
591|33
592|39
593|30
594|28
595|24
596|10
597|23
598|46
599|27
600|8
601|26
602|29
603|4
604|38
605|23
606|28
607|39
608|34
609|49
610|7
611|48
612|0
613|46
614|17
615|10
616|40
617|39
618|12
619|18
620|32
621|33
622|49
623|22
624|12
625|32
626|36
627|33
628|11
629|17
630|42
631|4
632|17
633|29
634|39
635|11
636|8
637|15
638|21
639|35
640|16
641|43
642|7
643|33
644|48
645|40
646|31
647|32
648|20
649|48
650|8
651|24
652|39
653|3
654|6
655|13
656|14
657|13
658|19
659|47
660|25
661|22
662|10
663|31
664|33
665|45
666|40
667|1
668|35
669|22
670|44
671|12
672|49
673|7
674|14
675|0
676|15
677|19
678|16
679|47
680|41
681|27
682|44
683|28
684|19
685|13
686|24
687|13
688|45
689|34
690|25
691|49
692|14
693|43
694|27
695|36
696|13
697|20
698|4
699|18
700|15
701|22
702|45
703|34
704|28
705|33
706|32
707|27
708|0
709|16
710|42
711|43
712|8
713|44
714|4
715|21
716|20
717|36
718|33
719|9
720|28
721|16
722|11
723|11
724|35
725|3
726|26
727|26
728|0
729|49
730|39
731|4
732|14
733|11
734|20
735|30
736|2
737|30
738|12
739|48
740|33
741|24
742|28
743|28
744|30
745|31
746|4
747|21
748|5
749|27
750|29
751|39
752|35
753|25
754|8
755|41
756|2
757|43
758|21
759|6
760|34
761|4
762|40
763|4
764|14
765|42
766|48
767|49
768|46
769|2
770|37
771|5
772|5
773|38
774|11
775|21
776|38
777|19
778|47
779|36
780|10
781|39
782|48
783|42
784|49
785|48
786|4
787|8
788|47
789|7
790|26
791|27
792|14
793|31
794|11
795|6
796|5
797|13
798|18
799|19
800|43
801|15
802|1
803|42
804|38
805|45
806|45
807|10
808|9
809|8
810|7
811|23
812|4
813|47
814|34
815|47
816|32
817|5
818|43
819|14
820|43
821|48
822|30
823|13
824|41
825|32
826|16
827|1
828|16
829|11
830|32
831|33
832|1
833|19
834|2
835|22
836|15
837|0
838|34
839|25
840|37
841|6
842|10
843|8
844|9
845|18
846|49
847|11
848|44
849|5
850|11
851|47
852|12
853|29
854|14
855|30
856|18
857|39
858|36
859|13
860|41
861|19
862|36
863|46
864|32
865|32
866|41
867|19
868|11
869|6
870|5
871|23
872|1
873|10
874|39
875|11
876|45
877|21
878|10
879|4
880|38
881|39
882|11
883|39
884|17
885|31
886|14
887|24
888|34
889|48
890|43
891|44
892|22
893|42
894|25
895|15
896|15
897|4
898|28
899|42
900|18
901|9
902|9
903|15
904|25
905|22
906|41
907|48
908|44
909|2
910|41
911|8
912|7
913|45
914|42
915|44
916|48
917|15
918|35
919|46
920|34
921|20
922|43
923|49
924|7
925|27
926|32
927|38
928|27
929|7
930|39
931|33
932|38
933|28
934|12
935|33
936|38
937|32
938|14
939|21
940|24
941|40
942|41
943|36
944|38
945|0
946|10
947|29
948|49
949|37
950|9
951|2
952|49
953|17
954|48
955|28
956|29
957|12
958|47
959|49
960|5
961|49
962|36
963|0
964|49
965|24
966|14
967|28
968|48
969|8
970|30
971|25
972|16
973|2
974|15
975|42
976|44
977|47
978|47
979|33
980|22
981|16
982|3
983|48
984|2
985|33
986|34
987|43
988|8
989|16
990|49
991|42
992|13
993|11
994|39
995|10
996|13
997|11
998|10
999|39
1000|6
1001|34
1002|2
1003|13
1004|48
1005|12
1006|17
1007|40
1008|30
1009|22
1010|7
1011|27
1012|43
1013|15
1014|14
1015|35
1016|12
1017|18
1018|43
1019|0
1020|14
1021|10
1022|43
1023|48
1024|6
1025|24
1026|11
1027|33
1028|44
1029|16
1030|33
1031|27
1032|46
1033|28
1034|33
1035|20
1036|47
1037|5
1038|26
1039|44
1040|7
1041|3
1042|23
1043|26
1044|40
1045|9
1046|30
1047|32
1048|46
1049|4
1050|10
1051|6
1052|15
1053|23
1054|49
1055|13
1056|3
1057|1
1058|37
1059|47
1060|16
1061|15
1062|27
1063|25
1064|15
1065|28
1066|11
1067|4
1068|39
1069|22
1070|14
1071|5
1072|29
1073|16
1074|46
1075|9
1076|37
1077|25
1078|20
1079|24
1080|49
1081|22
1082|11
1083|49
1084|25
1085|40
1086|33
1087|11
1088|37
1089|18
1090|24
1091|24
1092|35
1093|28
1094|15
1095|5
1096|7
1097|35
1098|24
1099|27
1100|12
1101|20
1102|47
1103|48
1104|16
1105|13
1106|32
1107|9
1108|10
1109|26
1110|34
1111|42
1112|38
1113|10
1114|30
1115|49
1116|1
1117|27
1118|20
1119|47
1120|34
1121|42
1122|47
1123|44
1124|49
1125|48
1126|34
1127|21
1128|13
1129|17
1130|35
1131|7
1132|31
1133|18
1134|3
1135|48
1136|31
1137|47
1138|25
1139|35
1140|15
1141|48
1142|34
1143|36
1144|16
1145|22
1146|17
1147|21
1148|27
1149|45
1150|19
1151|38
1152|6
1153|25
1154|6
1155|46
1156|29
1157|8
1158|24
1159|12
1160|12
1161|0
1162|32
1163|35
1164|16
1165|45
1166|34
1167|23
1168|15
1169|38
1170|28
1171|23
1172|15
1173|2
1174|0
1175|4
1176|41
1177|28
1178|3
1179|25
1180|4
1181|4
1182|42
1183|41
1184|20
1185|27
1186|41
1187|37
1188|28
1189|42
1190|44
1191|26
1192|33
1193|5
1194|17
1195|40
1196|30
1197|38
1198|26
1199|8
1200|41
1201|22
1202|30
1203|43
1204|38
1205|13
1206|42
1207|29
1208|38
1209|2
1210|9
1211|27
1212|29
1213|40
1214|0
1215|19
1216|3
1217|8
1218|41
1219|41
1220|20
1221|47
1222|16
1223|21
1224|7
1225|47
1226|31
1227|11
1228|28
1229|27
1230|40
1231|46
1232|15
1233|35
1234|7
1235|28
1236|37
1237|32
1238|6
1239|22
1240|43
1241|25
1242|13
1243|34
1244|10
1245|45
1246|9
1247|20
1248|0
1249|12
1250|38
1251|36
1252|4
1253|16
1254|10
1255|7
1256|31
1257|24
1258|19
1259|38
1260|40
1261|41
1262|11
1263|9
1264|6
1265|46
1266|39
1267|18
1268|24
1269|34
1270|35
1271|20
1272|7
1273|13
1274|4
1275|44
1276|2
1277|11
1278|12
1279|38
1280|26
1281|6
1282|18
1283|38
1284|5
1285|36
1286|22
1287|45
1288|36
1289|49
1290|45
1291|3
1292|1
1293|25
1294|10
1295|38
1296|24
1297|27
1298|8
1299|17
1300|10
1301|37
1302|10
1303|40
1304|26
1305|42
1306|6
1307|31
1308|14
1309|31
1310|24
1311|6
1312|21
1313|22
1314|24
1315|47
1316|29
1317|10
1318|8
1319|30
1320|13
1321|2
1322|13
1323|38
1324|6
1325|0
1326|27
1327|20
1328|19
1329|42
1330|35
1331|8
1332|11
1333|8
1334|9
1335|36
1336|13
1337|32
1338|27
1339|42
1340|26
1341|15
1342|21
1343|29
1344|1
1345|31
1346|44
1347|46
1348|15
1349|31
1350|44
1351|21
1352|33
1353|9
1354|11
1355|38
1356|37
1357|25
1358|22
1359|21
1360|24
1361|11
1362|33
1363|49
1364|26
1365|46
1366|46
1367|15
1368|31
1369|11
1370|30
1371|11
1372|42
1373|16
1374|44
1375|12
1376|15
1377|8
1378|12
1379|37
1380|45
1381|37
1382|35
1383|0
1384|38
1385|23
1386|20
1387|19
1388|0
1389|48
1390|32
1391|6
1392|33
1393|20
1394|22
1395|22
1396|14
1397|36
1398|23
1399|12
1400|49
1401|22
1402|0
1403|4
1404|42
1405|9
1406|33
1407|2
1408|32
1409|46
1410|20
1411|8
1412|3
1413|29
1414|24
1415|4
1416|23
1417|18
1418|21
1419|15
1420|11
1421|30
1422|9
1423|32
1424|22
1425|11
1426|28
1427|48
1428|3
1429|47
1430|0
1431|5
1432|45
1433|47
1434|47
1435|37
1436|38
1437|40
1438|2
1439|3
1440|3
1441|25
1442|32
1443|20
1444|31
1445|45
1446|35
1447|14
1448|32
1449|27
1450|30
1451|9
1452|2
1453|16
1454|48
1455|8
1456|38
1457|22
1458|24
1459|19
1460|1
1461|41
1462|9
1463|11
1464|15
1465|48
1466|23
1467|47
1468|12
1469|32
1470|14
1471|34
1472|46
1473|30
1474|44
1475|23
1476|1
1477|13
1478|0
1479|24
1480|48
1481|3
1482|39
1483|25
1484|24
1485|17
1486|22
1487|48
1488|46
1489|48
1490|23
1491|1
1492|22
1493|33
1494|17
1495|9
1496|48
1497|17
1498|45
1499|6
1500|6
1501|42
1502|28
1503|18
1504|2
1505|19
1506|28
1507|6
1508|17
1509|25
1510|21
1511|15
1512|7
1513|27
1514|17
1515|43
1516|10
1517|38
1518|33
1519|15
1520|43
1521|21
1522|21
1523|37
1524|34
1525|10
1526|21
1527|49
1528|19
1529|18
1530|41
1531|44
1532|9
1533|49
1534|20
1535|15
1536|17
1537|45
1538|47
1539|15
1540|39
1541|7
1542|8
1543|7
1544|40
1545|30
1546|35
1547|12
1548|4
1549|37
1550|26
1551|30
1552|28
1553|31
1554|2
1555|35
1556|15
1557|35
1558|9
1559|36
1560|14
1561|37
1562|31
1563|48
1564|30
1565|28
1566|43
1567|37
1568|48
1569|25
1570|12
1571|6
1572|1
1573|22
1574|17
1575|29
1576|1
1577|6
1578|36
1579|14
1580|37
1581|11
1582|27
1583|23
1584|35
1585|45
1586|28
1587|47
1588|25
1589|41
1590|9
1591|47
1592|41
1593|35
1594|28
1595|32
1596|41
1597|8
1598|0
1599|7
1600|41
1601|15
1602|18
1603|24
1604|25
1605|34
1606|15
1607|1
1608|17
1609|12
1610|29
1611|17
1612|24
1613|47
1614|39
1615|25
1616|20
1617|1
1618|46
1619|42
1620|34
1621|36
1622|39
1623|26
1624|45
1625|14
1626|13
1627|19
1628|29
1629|18
1630|7
1631|37
1632|33
1633|30
1634|46
1635|7
1636|43
1637|1
1638|16
1639|45
1640|28
1641|44
1642|3
1643|40
1644|1
1645|0
1646|8
1647|30
1648|32
1649|0
1650|5
1651|10
1652|40
1653|11
1654|41
1655|18
1656|5
1657|0
1658|46
1659|13
1660|24
1661|16
1662|41
1663|23
1664|31
1665|23
1666|29
1667|21
1668|31
1669|7
1670|37
1671|37
1672|43
1673|40
1674|36
1675|29
1676|41
1677|45
1678|1
1679|29
1680|11
1681|35
1682|41
1683|25
1684|14
1685|40
1686|39
1687|28
1688|40
1689|39
1690|27
1691|24
1692|9
1693|1
1694|40
1695|41
1696|4
1697|2
1698|13
1699|12
1700|12
1701|37
1702|41
1703|26
1704|39
1705|34
1706|27
1707|40
1708|6
1709|46
1710|9
1711|25
1712|23
1713|6
1714|48
1715|15
1716|37
1717|49
1718|12
1719|4
1720|28
1721|37
1722|12
1723|26
1724|32
1725|18
1726|8
1727|13
1728|15
1729|15
1730|27
1731|8
1732|6
1733|9
1734|12
1735|13
1736|37
1737|17
1738|40
1739|35
1740|32
1741|12
1742|48
1743|15
1744|3
1745|25
1746|49
1747|9
1748|49
1749|46
1750|40
1751|11
1752|4
1753|33
1754|32
1755|31
1756|46
1757|42
1758|37
1759|39
1760|13
1761|19
1762|21
1763|26
1764|38
1765|16
1766|25
1767|6
1768|46
1769|7
1770|15
1771|35
1772|40
1773|4
1774|49
1775|0
1776|45
1777|7
1778|46
1779|0
1780|47
1781|27
1782|34
1783|36
1784|14
1785|33
1786|8
1787|32
1788|29
1789|46
1790|9
1791|17
1792|7
1793|19
1794|37
1795|13
1796|36
1797|1
1798|31
1799|36
1800|9
1801|20
1802|26
1803|12
1804|48
1805|37
1806|40
1807|22
1808|18
1809|8
1810|31
1811|5
1812|7
1813|5
1814|9
1815|13
1816|47
1817|23
1818|14
1819|29
1820|9
1821|12
1822|24
1823|15
1824|6
1825|29
1826|12
1827|22
1828|47
1829|31
1830|2
1831|42
1832|7
1833|8
1834|20
1835|40
1836|41
1837|36
1838|19
1839|20
1840|37
1841|36
1842|31
1843|14
1844|27
1845|0
1846|23
1847|37
1848|27
1849|35
1850|40
1851|9
1852|14
1853|23
1854|5
1855|16
1856|37
1857|24
1858|20
1859|13
1860|33
1861|44
1862|32
1863|36
1864|4
1865|49
1866|8
1867|42
1868|43
1869|30
1870|21
1871|16
1872|45
1873|17
1874|5
1875|40
1876|18
1877|19
1878|41
1879|15
1880|17
1881|13
1882|19
1883|10
1884|10
1885|34
1886|43
1887|48
1888|42
1889|0
1890|32
1891|18
1892|43
1893|23
1894|8
1895|19
1896|26
1897|43
1898|28
1899|0
1900|20
1901|10
1902|5
1903|11
1904|4
1905|39
1906|17
1907|32
1908|28
1909|39
1910|12
1911|26
1912|10
1913|7
1914|26
1915|4
1916|23
1917|39
1918|5
1919|19
1920|38
1921|24
1922|15
1923|3
1924|16
1925|18
1926|23
1927|26
1928|6
1929|16
1930|3
1931|26
1932|2
1933|12
1934|22
1935|38
1936|8
1937|36
1938|31
1939|8
1940|8
1941|6
1942|32
1943|38
1944|15
1945|32
1946|13
1947|0
1948|21
1949|23
1950|29
1951|10
1952|5
1953|6
1954|16
1955|47
1956|2
1957|49
1958|9
1959|36
1960|20
1961|33
1962|33
1963|49
1964|5
1965|23
1966|30
1967|49
1968|42
1969|13
1970|22
1971|14
1972|18
1973|31
1974|13
1975|31
1976|29
1977|6
1978|12
1979|16
1980|38
1981|36
1982|47
1983|40
1984|2
1985|35
1986|16
1987|3
1988|23
1989|19
1990|36
1991|49
1992|2
1993|24
1994|32
1995|41
1996|26
1997|12
1998|37
1999|1
2000|11
2001|18
2002|2
2003|18
2004|24
2005|46
2006|48
2007|25
2008|9
2009|39
2010|9
2011|22
2012|36
2013|15
2014|33
2015|37
2016|3
2017|12
2018|32
2019|24
2020|41
2021|45
2022|11
2023|36
2024|33
2025|45
2026|43
2027|22
2028|27
2029|31
2030|4
2031|21
2032|30
2033|22
2034|26
2035|10
2036|22
2037|45
2038|9
2039|15
2040|30
2041|18
2042|1
2043|14
2044|25
2045|42
2046|30
2047|10
2048|1
2049|45
2050|30
2051|40
2052|26
2053|11
2054|29
2055|0
2056|21
2057|29
2058|6
2059|11
2060|47
2061|37
2062|14
2063|18
2064|20
2065|30
2066|3
2067|23
2068|28
2069|9
2070|17
2071|11
2072|37
2073|36
2074|33
2075|49
2076|14
2077|30
2078|7
2079|10
2080|44
2081|18
2082|42
2083|37
2084|34
2085|20
2086|14
2087|13
2088|37
2089|12
2090|32
2091|44
2092|48
2093|43
2094|12
2095|2
2096|23
2097|45
2098|38
2099|5
2100|24
2101|9
2102|37
2103|31
2104|45
2105|11
2106|41
2107|47
2108|17
2109|46
2110|1
2111|22
2112|3
2113|6
2114|44
2115|35
2116|13
2117|43
2118|25
2119|14
2120|20
2121|45
2122|16
2123|43
2124|46
2125|36
2126|48
2127|4
2128|21
2129|43
2130|30
2131|39
2132|16
2133|29
2134|29
2135|46
2136|24
2137|2
2138|39
2139|36
2140|11
2141|22
2142|17
2143|46
2144|30
2145|29
2146|26
2147|27
2148|2
2149|49
2150|15
2151|26
2152|15
2153|37
2154|26
2155|4
2156|28
2157|21
2158|10
2159|35
2160|21
2161|20
2162|8
2163|27
2164|29
2165|34
2166|2
2167|5
2168|24
2169|31
2170|24
2171|41
2172|22
2173|3
2174|27
2175|17
2176|32
2177|27
2178|48
2179|11
2180|28
2181|29
2182|16
2183|3
2184|41
2185|26
2186|40
2187|32
2188|34
2189|39
2190|45
2191|3
2192|48
2193|43
2194|14
2195|49
2196|29
2197|3
2198|46
2199|25
2200|14
2201|28
2202|1
2203|14
2204|15
2205|26
2206|43
2207|10
2208|40
2209|24
2210|10
2211|29
2212|11
2213|28
2214|15
2215|18
2216|35
2217|44
2218|20
2219|42
2220|9
2221|3
2222|10
2223|25
2224|49
2225|21
2226|24
2227|28
2228|43
2229|43
2230|42
2231|25
2232|28
2233|42
2234|0
2235|27
2236|36
2237|34
2238|5
2239|25
2240|7
2241|34
2242|31
2243|8
2244|24
2245|36
2246|2
2247|14
2248|30
2249|48
2250|9
2251|17
2252|42
2253|11
2254|43
2255|48
2256|8
2257|45
2258|22
2259|8
2260|31
2261|45
2262|31
2263|41
2264|30
2265|29
2266|43
2267|35
2268|40
2269|28
2270|16
2271|23
2272|46
2273|45
2274|21
2275|8
2276|34
2277|8
2278|11
2279|15
2280|19
2281|2
2282|47
2283|25
2284|27
2285|30
2286|40
2287|0
2288|32
2289|22
2290|8
2291|15
2292|12
2293|2
2294|13
2295|6
2296|21
2297|4
2298|8
2299|18
2300|22
2301|4
2302|47
2303|47
2304|14
2305|25
2306|28
2307|9
2308|31
2309|39
2310|6
2311|8
2312|23
2313|22
2314|32
2315|2
2316|31
2317|7
2318|4
2319|16
2320|29
2321|44
2322|10
2323|7
2324|20
2325|10
2326|28
2327|39
2328|19
2329|10
2330|10
2331|36
2332|30
2333|31
2334|9
2335|6
2336|44
2337|49
2338|33
2339|22
2340|20
2341|20
2342|23
2343|12
2344|29
2345|14
2346|18
2347|22
2348|13
2349|43
2350|4
2351|35
2352|13
2353|6
2354|28
2355|13
2356|18
2357|20
2358|31
2359|34
2360|1
2361|21
2362|8
2363|8
2364|48
2365|46
2366|30
2367|34
2368|37
2369|15
2370|44
2371|29
2372|45
2373|42
2374|36
2375|28
2376|22
2377|44
2378|45
2379|0
2380|11
2381|1
2382|8
2383|23
2384|11
2385|46
2386|41
2387|11
2388|23
2389|23
2390|27
2391|3
2392|26
2393|43
2394|30
2395|20
2396|46
2397|10
2398|30
2399|9
2400|28
2401|19
2402|7
2403|0
2404|38
2405|31
2406|10
2407|4
2408|23
2409|44
2410|17
2411|49
2412|25
2413|33
2414|25
2415|29
2416|47
2417|44
2418|27
2419|9
2420|1
2421|18
2422|34
2423|27
2424|11
2425|3
2426|38
2427|32
2428|48
2429|24
2430|2
2431|10
2432|41
2433|24
2434|18
2435|30
2436|3
2437|46
2438|40
2439|9
2440|25
2441|33
2442|7
2443|28
2444|19
2445|22
2446|16
2447|42
2448|7
2449|33
2450|16
2451|46
2452|21
2453|18
2454|15
2455|18
2456|31
2457|3
2458|4
2459|42
2460|30
2461|3
2462|45
2463|26
2464|41
2465|39
2466|3
2467|17
2468|16
2469|44
2470|28
2471|0
2472|6
2473|45
2474|11
2475|18
2476|29
2477|13
2478|21
2479|7
2480|48
2481|35
2482|2
2483|46
2484|32
2485|3
2486|39
2487|36
2488|37
2489|39
2490|23
2491|33
2492|30
2493|18
2494|2
2495|42
2496|38
2497|34
2498|28
2499|17
2500|3
2501|4
2502|28
2503|23
2504|21
2505|14
2506|27
2507|10
2508|18
2509|49
2510|46
2511|30
2512|43
2513|38
2514|20
2515|13
2516|34
2517|4
2518|2
2519|45
2520|42
2521|39
2522|36
2523|17
2524|26
2525|29
2526|1
2527|9
2528|39
2529|28
2530|48
2531|4
2532|8
2533|29
2534|10
2535|15
2536|14
2537|16
2538|30
2539|25
2540|5
2541|45
2542|30
2543|33
2544|7
2545|14
2546|9
2547|2
2548|47
2549|7
2550|36
2551|45
2552|15
2553|33
2554|3
2555|44
2556|4
2557|15
2558|44
2559|11
2560|46
2561|3
2562|33
2563|36
2564|13
2565|9
2566|6
2567|3
2568|32
2569|21
2570|34
2571|20
2572|46
2573|27
2574|6
2575|16
2576|19
2577|25
2578|23
2579|49
2580|9
2581|34
2582|18
2583|8
2584|7
2585|27
2586|15
2587|25
2588|15
2589|17
2590|12
2591|5
2592|8
2593|45
2594|29
2595|40
2596|16
2597|5
2598|8
2599|25
2600|45
2601|42
2602|39
2603|42
2604|12
2605|38
2606|2
2607|16
2608|11
2609|11
2610|27
2611|32
2612|12
2613|27
2614|27
2615|0
2616|33
2617|4
2618|22
2619|38
2620|29
2621|31
2622|10
2623|14
2624|18
2625|5
2626|46
2627|7
2628|5
2629|31
2630|25
2631|28
2632|12
2633|9
2634|23
2635|45
2636|44
2637|39
2638|41
2639|7
2640|16
2641|34
2642|1
2643|18
2644|37
2645|26
2646|1
2647|33
2648|30
2649|4
2650|4
2651|46
2652|5
2653|40
2654|22
2655|42
2656|5
2657|49
2658|25
2659|43
2660|30
2661|35
2662|49
2663|21
2664|14
2665|32
2666|2
2667|5
2668|2
2669|49
2670|12
2671|11
2672|40
2673|31
2674|27
2675|1
2676|19
2677|6
2678|33
2679|11
2680|20
2681|45
2682|34
2683|35
2684|13
2685|16
2686|14
2687|36
2688|35
2689|17
2690|1
2691|22
2692|41
2693|19
2694|39
2695|14
2696|34
2697|33
2698|8
2699|5
2700|31
2701|43
2702|3
2703|1
2704|14
2705|44
2706|22
2707|45
2708|14
2709|21
2710|19
2711|24
2712|10
2713|7
2714|6
2715|39
2716|2
2717|25
2718|5
2719|33
2720|0
2721|25
2722|32
2723|38
2724|14
2725|41
2726|48
2727|46
2728|3
2729|34
2730|31
2731|27
2732|19
2733|47
2734|14
2735|6
2736|3
2737|47
2738|13
2739|40
2740|31
2741|46
2742|12
2743|24
2744|32
2745|42
2746|5
2747|16
2748|24
2749|0
2750|18
2751|41
2752|9
2753|27
2754|11
2755|17
2756|37
2757|20
2758|30
2759|22
2760|28
2761|39
2762|46
2763|0
2764|43
2765|20
2766|16
2767|13
2768|24
2769|48
2770|26
2771|29
2772|33
2773|30
2774|47
2775|17
2776|33
2777|37
2778|27
2779|10
2780|27
2781|14
2782|8
2783|7
2784|39
2785|19
2786|18
2787|16
2788|37
2789|24
2790|36
2791|24
2792|2
2793|49
2794|10
2795|0
2796|41
2797|4
2798|36
2799|29
2800|27
2801|49
2802|25
2803|44
2804|6
2805|47
2806|46
2807|0
2808|3
2809|20
2810|0
2811|18
2812|24
2813|29
2814|19
2815|24
2816|6
2817|3
2818|1
2819|2
2820|24
2821|10
2822|41
2823|29
2824|46
2825|8
2826|2
2827|35
2828|6
2829|41
2830|14
2831|20
2832|37
2833|25
2834|45
2835|11
2836|25
2837|6
2838|44
2839|32
2840|37
2841|15
2842|11
2843|8
2844|43
2845|38
2846|25
2847|24
2848|20
2849|40
2850|29
2851|43
2852|25
2853|45
2854|5
2855|18
2856|29
2857|20
2858|39
2859|46
2860|46
2861|29
2862|13
2863|28
2864|1
2865|12
2866|38
2867|19
2868|8
2869|14
2870|27
2871|11
2872|9
2873|32
2874|17
2875|21
2876|13
2877|32
2878|39
2879|12
2880|10
2881|24
2882|38
2883|47
2884|27
2885|25
2886|22
2887|13
2888|16
2889|25
2890|4
2891|12
2892|37
2893|32
2894|49
2895|10
2896|18
2897|4
2898|20
2899|2
2900|15
2901|34
2902|13
2903|10
2904|23
2905|15
2906|34
2907|19
2908|14
2909|12
2910|8
2911|29
2912|21
2913|23
2914|3
2915|18
2916|12
2917|33
2918|3
2919|39
2920|44
2921|21
2922|25
2923|34
2924|41
2925|27
2926|44
2927|48
2928|44
2929|27
2930|6
2931|44
2932|18
2933|15
2934|21
2935|29
2936|2
2937|24
2938|40
2939|4
2940|18
2941|35
2942|38
2943|5
2944|30
2945|21
2946|49
2947|36
2948|9
2949|36
2950|43
2951|41
2952|41
2953|5
2954|41
2955|31
2956|34
2957|18
2958|36
2959|46
2960|47
2961|9
2962|15
2963|34
2964|44
2965|12
2966|8
2967|33
2968|44
2969|10
2970|16
2971|41
2972|9
2973|38
2974|33
2975|1
2976|3
2977|49
2978|22
2979|26
2980|31
2981|33
2982|14
2983|26
2984|2
2985|17
2986|44
2987|12
2988|38
2989|16
2990|11
2991|30
2992|30
2993|31
2994|31
2995|2
2996|11
2997|10
2998|32
2999|11
3000|39
